1359016805765	1359016806141	188.41309	-33.3073	-3.688698	3
1359016806221	1359016806440	189.11372	-33.03206	-2.5584574	3
1359016806506	1359016806731	189.26326	-33.090492	-3.363152	3
1359016851080	1359016851080	311.7755	-38.679012	-0.091917306	3
1359016851156	1359016851156	311.53568	-39.536495	0.6842356	3
1359016851221	1359016851221	310.86044	-38.153378	0.53022486	3
1359016851293	1359016851373	310.32883	-36.6353	0.8056327	3
1359016851444	1359016851444	308.81964	-34.550236	1.4436952	3
1359016851552	1359016851552	309.1502	-33.982452	3.1396112	3
1359016851657	1359016851657	310.4235	-34.286823	5.394611	3
1359016851744	1359016851744	318.63974	-38.18354	14.50555	3
1359016851794	1359016851794	334.4344	-43.38068	26.987972	3
1359016851858	1359016851858	346.60028	-46.700657	31.057953	3
1359016851976	1359016851976	356.76434	-48.834446	32.137596	3
1359016852061	1359016852061	5.305883	-51.653725	30.905369	3
1359016852088	1359016852088	12.9653225	-53.6971	28.812164	3
1359016852145	1359016852145	20.10942	-56.700016	25.424603	3
1359016852259	1359016852259	26.46816	-57.390198	22.555239	3
1359016852309	1359016852309	32.61451	-59.11101	19.181639	3
1359016852369	1359016852369	37.993492	-57.980587	16.00671	3
1359016852462	1359016852462	43.622864	-57.69383	13.530626	3
1359016852519	1359016852519	48.80228	-54.908955	11.662492	3
1359016852596	1359016852596	53.21139	-54.144543	9.019757	3
1359016852637	1359016852637	56.24097	-51.168705	8.458576	3
1359016852729	1359016852729	61.01945	-50.027702	6.3176584	3
1359016852807	1359016852807	63.51837	-48.256733	5.561195	3
1359016852859	1359016852859	65.24341	-45.90573	2.1848855	3
1359016852957	1359016852957	68.62716	-43.544918	2.8916764	3
1359016853021	1359016853021	69.84893	-41.44388	1.4818739	3
1359016853089	1359016853138	71.889824	-40.301792	1.2319674	3
1359016853236	1359016853236	74.09979	-38.31311	1.4295274	3
1359016853304	1359016853304	74.576515	-39.793415	2.2316113	3
1359016853364	1359016853364	75.196465	-38.331966	0.3859445	3
1359016853461	1359016853461	76.47477	-35.62773	1.7588552	3
1359016853529	1359016853529	78.1713	-31.441528	-0.05636956	3
1359016853591	1359016853647	79.49115	-29.00637	0.46685195	3
1359016853751	1359016853751	81.95919	-27.850933	1.0533615	3
1359016853837	1359016854010	83.76299	-27.858402	3.1050909	3
1359016854065	1359016854065	85.515	-27.164352	4.0633535	3
1359016854115	1359016854116	90.01204	-28.284744	3.9079058	3
1359016854239	1359016854332	91.30292	-23.725353	4.0724425	3
1359016854411	1359016854569	93.79235	-26.729614	2.510613	3
1359016854654	1359016854654	92.37282	-28.35338	1.8631641	3
1359016854749	1359016854749	88.98616	-27.394482	1.7383764	3
1359016854831	1359016854831	90.192215	-31.691723	1.117295	3
1359016854890	1359016854890	87.64157	-23.575193	1.6059221	3
1359016855006	1359016855006	88.14688	-30.18752	1.5983374	3
1359016855095	1359016855095	89.32917	-26.122618	2.7383795	3
1359016855175	1359016855175	88.419815	-28.613256	2.3271422	3
1359016855292	1359016855292	87.41393	-28.636084	3.6835473	3
1359016855429	1359016855429	90.454	-27.101427	4.4421463	3
1359016855564	1359016855564	90.23245	-26.762337	3.4065034	3
1359016855626	1359016855626	94.303444	-26.35853	5.0673084	3
1359016855715	1359016855715	94.89258	-19.521854	5.801842	3
1359016855797	1359016855797	96.11806	-22.540707	2.9225178	3
1359016855891	1359016855891	92.93205	-20.738667	7.86104	3
1359016855974	1359016855974	92.2418	-24.215746	1.2241707	3
1359016856064	1359016856064	89.8196	-27.658577	4.575082	3
1359016856124	1359016856124	87.59038	-26.266138	-0.76637346	3
1359016856199	1359016856199	88.356926	-30.961948	0.9950396	3
1359016856252	1359016856252	87.63007	-26.590588	0.98355883	3
1359016856364	1359016856394	88.26092	-27.50612	1.2545313	3
1359016856468	1359016856548	88.37129	-29.809736	2.9764655	3
1359016856620	1359016856620	90.42634	-31.967592	5.418641	3
1359016856700	1359016856700	90.64627	-30.032701	3.6946414	3
1359016856806	1359016856806	92.249466	-31.228287	4.5695477	3
1359016856908	1359016856908	93.53297	-25.990177	4.5509996	3
1359016856981	1359016856981	96.12687	-26.727571	5.535565	3
1359016857103	1359016857103	94.80459	-25.913235	4.318152	3
1359016857204	1359016857204	93.28119	-28.627522	3.5787747	3
1359016857277	1359016857412	90.07176	-28.891254	1.8203621	3
1359016857474	1359016857474	90.31951	-30.831347	3.3626845	3
1359016857571	1359016857571	86.7432	-26.028366	0.97111154	3
1359016857664	1359016857664	86.59979	-28.892904	2.589077	3
1359016857737	1359016857852	88.93209	-27.99867	1.2619188	3
1359016857947	1359016857947	86.601654	-30.5296	0.6603974	3
1359016858028	1359016858028	86.05741	-31.086412	3.8088565	3
1359016858134	1359016858134	88.227776	-30.817612	2.6588225	3
1359016858208	1359016858208	87.80374	-27.462454	0.020954162	3
1359016858274	1359016858274	90.43144	-28.7559	2.5679636	3
1359016858361	1359016858361	92.09987	-24.835619	0.32514265	3
1359016858457	1359016858457	95.077385	-26.777933	3.7633748	3
1359016858532	1359016858532	92.059906	-29.102348	1.4146289	3
1359016858638	1359016858695	93.744316	-31.040194	1.9880344	3
1359016858770	1359016858770	90.99327	-30.840118	0.094275415	3
1359016858870	1359016858870	91.11276	-34.20595	1.6101949	3
1359016858926	1359016858926	89.19719	-28.976019	0.483695	3
1359016859040	1359016859040	90.56586	-30.847603	1.946462	3
1359016859121	1359016859182	91.11852	-30.384857	3.1181958	3
1359016859288	1359016859288	89.47125	-32.682682	4.302184	3
1359016859399	1359016859399	90.93965	-31.718475	4.996606	3
1359016859518	1359016859518	92.81433	-29.94845	4.877261	3
1359016859594	1359016859594	93.738594	-32.168312	5.1663866	3
1359016859680	1359016859680	95.53458	-24.787518	6.7759395	3
1359016859766	1359016859766	96.812164	-29.49971	6.426012	3
1359016859850	1359016859850	96.146095	-27.406437	5.329318	3
1359016859963	1359016859963	95.63254	-31.468025	5.363058	3
1359016860049	1359016860049	92.05028	-32.09364	4.041913	3
1359016860211	1359016860211	93.24255	-33.24307	3.9282124	3
1359016860274	1359016860274	91.04387	-35.634823	3.8713918	3
1359016860329	1359016860329	89.75019	-30.537281	3.0011985	3
1359016860489	1359016860489	92.25793	-32.55015	3.538522	3
1359016860551	1359016860551	92.428696	-31.019642	2.333162	3
1359016860600	1359016860600	91.7575	-30.6182	3.3960683	3
1359016860705	1359016860761	92.17417	-30.798693	4.8467207	3
1359016860812	1359016860812	95.23896	-32.768204	4.6204333	3
1359016860898	1359016860898	95.43002	-27.827202	5.075964	3
1359016860983	1359016860983	97.66726	-29.421387	5.4979243	3
1359016861059	1359016861059	97.52861	-28.885687	4.693578	3
1359016861143	1359016861143	96.17564	-30.857567	4.2687154	3
1359016861228	1359016861228	93.65789	-31.981152	2.4534867	3
1359016861312	1359016861312	94.05457	-33.399727	4.617356	3
1359016861383	1359016861383	92.99515	-33.150745	2.6979156	3
1359016861496	1359016861496	91.79275	-35.04788	2.0177681	3
1359016861564	1359016861647	90.262886	-31.836788	2.3105288	3
1359016861763	1359016861763	92.53905	-32.013683	3.842668	3
1359016861844	1359016861844	91.465355	-32.517246	2.3297842	3
1359016861974	1359016861974	90.769936	-33.397915	4.16741	3
1359016862054	1359016862054	92.215324	-31.241356	4.9029565	3
1359016862158	1359016862158	94.002525	-29.558233	3.9879842	3
1359016862273	1359016862273	95.68725	-31.36858	3.6100543	3
1359016862352	1359016862352	97.02178	-24.160961	4.8710246	3
1359016862441	1359016862441	99.47977	-25.954313	4.6274524	3
1359016862556	1359016862556	97.51674	-26.11144	3.7951946	3
1359016862665	1359016862665	95.8794	-28.357473	2.771272	3
1359016862760	1359016862760	93.07745	-29.167868	1.5557674	3
1359016862844	1359016862844	91.23053	-30.071234	1.5535076	3
1359016862933	1359016862933	89.941055	-31.16391	2.4714634	3
1359016863030	1359016863030	87.60602	-28.437958	0.19634701	3
1359016863131	1359016863131	86.85827	-30.571192	2.0119784	3
1359016863210	1359016863210	88.005905	-27.088854	1.1018089	3
1359016863311	1359016863369	86.95184	-30.478596	1.4361345	3
1359016863436	1359016863436	84.90394	-31.508762	3.2425258	3
1359016863507	1359016863507	84.679924	-32.85564	1.7244904	3
1359016863593	1359016863593	87.480255	-30.12263	2.193231	3
1359016863677	1359016863677	87.34338	-31.234121	1.7239182	3
1359016863755	1359016863755	89.68064	-25.936312	2.796626	3
1359016863891	1359016863959	90.439095	-28.778488	1.3838993	3
1359016864039	1359016864170	88.29931	-30.539848	0.45043844	3
1359016864237	1359016864237	85.699165	-32.738636	0.24623589	3
1359016864377	1359016864377	85.30943	-36.134243	0.38897374	3
1359016864451	1359016864451	84.45508	-30.032158	0.012783551	3
1359016864515	1359016864515	84.275604	-34.170982	0.920568	3
1359016864651	1359016864651	86.17285	-32.030136	1.0863196	3
1359016864728	1359016864816	86.16583	-33.80578	0.9809329	3
1359016864931	1359016864931	86.238785	-35.185127	4.314871	3
1359016865007	1359016865007	88.29805	-34.902493	2.4710505	3
1359016865095	1359016865095	90.92041	-36.951046	3.0823307	3
1359016865220	1359016865220	92.973724	-30.913483	3.177853	3
1359016865298	1359016865298	94.96081	-33.302372	3.226317	3
1359016865387	1359016865387	96.116714	-32.92579	2.1704211	3
1359016865460	1359016865460	95.11701	-34.124435	1.8507396	3
1359016865541	1359016865601	94.404434	-35.538055	1.401428	3
1359016865701	1359016865765	93.96905	-36.418114	2.253196	3
1359016865849	1359016865849	92.18864	-34.164833	1.2991247	3
1359016865934	1359016866012	93.11918	-32.61498	1.7827398	3
1359016866096	1359016866096	94.07012	-33.505707	2.1442323	3
1359016866179	1359016866179	92.783455	-34.238533	2.9656122	3
1359016866279	1359016866279	95.12473	-34.083122	4.5215034	3
1359016866334	1359016866334	96.77515	-33.234272	4.2901177	3
1359016866387	1359016866387	99.04966	-34.253574	5.109679	3
1359016866525	1359016866525	100.36658	-26.301867	5.506775	3
1359016866590	1359016866590	101.93412	-31.096502	5.259608	3
1359016866710	1359016866710	102.024666	-28.507917	4.43905	3
1359016866796	1359016866796	100.999214	-30.532799	3.8254476	3
1359016866866	1359016867002	98.931946	-31.646385	2.7880406	3
1359016867072	1359016867072	96.2983	-32.890602	2.7979894	3
1359016867191	1359016867191	95.02664	-30.222864	1.6835253	3
1359016867281	1359016867366	95.16602	-30.072598	3.0156739	3
1359016867458	1359016867458	95.466545	-30.116785	2.0738778	3
1359016867545	1359016867545	94.03805	-31.351841	2.0382307	3
1359016867624	1359016867624	95.693794	-29.60111	3.2757077	3
1359016867746	1359016867746	96.66931	-28.103374	2.296905	3
1359016867812	1359016867812	99.033875	-30.556276	2.7633526	3
1359016867929	1359016867929	99.488976	-23.90497	3.8297281	3
1359016867985	1359016867985	100.96563	-26.608883	3.7636762	3
1359016868037	1359016868037	99.73112	-25.868258	2.6365502	3
1359016868105	1359016868105	99.045364	-27.888966	2.2589145	3
1359016868201	1359016868201	96.50222	-28.253094	1.206619	3
1359016868282	1359016868282	95.26117	-30.665472	1.0851711	3
1359016868342	1359016868342	94.234634	-33.04978	0.789062	3
1359016868437	1359016868437	93.97159	-29.168146	-0.66651934	3
1359016868519	1359016868519	93.3783	-30.58362	0.10895352	3
1359016868564	1359016868564	94.96837	-28.58208	0.42892107	3
1359016868654	1359016868716	94.73502	-30.040047	0.38850495	3
1359016868781	1359016868781	93.831924	-31.168634	2.243393	3
1359016868855	1359016868855	94.90764	-31.911705	0.66735184	3
1359016868966	1359016869044	96.08547	-30.39348	1.339253	3
1359016869113	1359016869113	97.01515	-28.203915	1.9608551	3
1359016869203	1359016869275	97.019455	-29.527365	1.2102485	3
1359016869342	1359016869342	94.50608	-32.7913	0.1538707	3
1359016869464	1359016869464	94.228424	-33.028896	1.5023733	3
1359016869546	1359016869546	92.392784	-29.99416	-1.1045954	3
1359016869663	1359016869663	92.19982	-35.870216	0.8774181	3
1359016869734	1359016869734	90.88292	-27.962248	-0.8648346	3
1359016869814	1359016869991	92.30982	-30.327051	0.13749698	3
1359016870083	1359016870083	91.26321	-31.907738	0.0055905096	3
1359016870195	1359016870239	91.841934	-30.971035	2.0796063	3
1359016870320	1359016870320	94.068146	-31.774813	1.6899209	3
1359016870439	1359016870439	93.863396	-26.401752	2.258993	3
1359016870507	1359016870507	94.9532	-28.87553	2.4390833	3
1359016870566	1359016870566	94.229065	-28.58426	1.5159863	3
1359016870642	1359016870642	92.965996	-30.259596	0.6620616	3
1359016870728	1359016870775	91.08657	-31.777388	0.8550314	3
1359016870852	1359016870852	89.4447	-30.927576	0.27984592	3
1359016870939	1359016870939	87.98185	-32.67288	-0.5962555	3
1359016871020	1359016871020	86.568344	-29.23521	-0.45922497	3
1359016871103	1359016871103	86.8925	-30.517105	-0.9571948	3
1359016871204	1359016871204	86.913795	-29.294893	-2.3159535	3
1359016871299	1359016871299	87.664856	-29.120354	-1.4522578	3
1359016871382	1359016871518	85.357666	-30.733057	-0.69192696	3
1359016871589	1359016871589	87.243774	-32.511337	-0.36291084	3
1359016871705	1359016871705	88.60646	-26.670263	0.37693867	3
1359016871776	1359016871776	89.22066	-29.830095	0.02252596	3
1359016871867	1359016871867	88.50275	-28.826569	-0.5855803	3
1359016872000	1359016872000	87.01779	-31.029919	-1.5020989	3
1359016872081	1359016872081	84.85436	-31.87536	-1.3739662	3
1359016872179	1359016872179	84.616295	-32.709373	-1.9040024	3
1359016872290	1359016872290	85.051346	-35.17359	-0.033123	3
1359016872365	1359016872365	82.66233	-29.594135	-2.7613602	3
1359016872470	1359016872470	83.78153	-33.369465	-0.84442973	3
1359016872538	1359016872538	84.83629	-29.579697	-1.9196621	3
1359016872620	1359016872620	84.55589	-31.071047	-1.2010272	3
1359016872720	1359016872720	84.07459	-32.6138	-2.0182712	3
1359016872792	1359016872792	83.1546	-31.66605	0.23661551	3
1359016872862	1359016872862	85.06837	-33.106697	-0.8949106	3
1359016872962	1359016873007	87.03317	-29.866713	0.2607083	3
1359016873120	1359016873227	89.50571	-27.838198	0.26960218	3
1359016873286	1359016873286	89.59786	-29.402212	-0.40005	3
1359016873386	1359016873386	89.01683	-30.840176	-0.6548467	3
1359016873489	1359016873558	84.34693	-31.696512	-1.1335251	3
1359016873631	1359016873631	83.94476	-35.96785	-1.0226735	3
1359016873724	1359016873724	82.04878	-28.494844	-1.1707008	3
1359016873803	1359016873803	81.581085	-32.90526	-0.9314893	3
1359016873884	1359016873927	82.23092	-29.854725	-0.8701168	3
1359016874019	1359016874019	82.58079	-30.862621	0.027301975	3
1359016874066	1359016874066	81.810936	-30.74595	2.3581626	3
1359016874159	1359016874159	83.10525	-29.080374	1.5992607	3
1359016874244	1359016874244	85.84179	-27.124441	1.9518361	3
1359016874317	1359016874317	86.78449	-31.096882	1.0472125	3
1359016874382	1359016874382	87.18007	-24.33924	1.75734	3
1359016874488	1359016874533	88.96824	-27.4762	2.012415	3
1359016874595	1359016874595	87.55775	-29.158514	1.4101382	3
1359016874672	1359016874672	84.607635	-30.671598	0.4803985	3
1359016874756	1359016874870	85.28756	-31.706812	1.2519332	3
1359016874925	1359016874925	82.33708	-31.013445	-0.3018343	3
1359016875027	1359016875027	83.13029	-29.677336	0.3567396	3
1359016875085	1359016875085	83.925476	-30.996187	1.3979284	3
1359016875148	1359016875148	83.42205	-32.042706	1.1732183	3
1359016875243	1359016875243	83.2135	-32.772617	2.7717388	3
1359016875320	1359016875320	84.46153	-31.921883	3.573185	3
1359016875376	1359016875376	85.49726	-28.900774	3.6245747	3
1359016875462	1359016875462	88.744415	-34.67985	2.7549438	3
1359016875544	1359016875544	89.742584	-25.998093	2.4491978	3
1359016875595	1359016875595	91.157326	-30.032442	4.113918	3
1359016875699	1359016875699	90.944275	-29.659681	2.2191536	3
1359016875763	1359016875763	90.29142	-32.215164	2.2229297	3
1359016875814	1359016875814	88.06376	-33.863758	1.872852	3
1359016875892	1359016875892	87.95533	-34.88587	3.2715507	3
1359016875984	1359016875984	86.49844	-34.336014	0.49806023	3
1359016876052	1359016876052	86.17015	-35.787434	2.1195958	3
1359016876110	1359016876201	84.36706	-33.726944	-0.72303903	3
1359016876255	1359016876303	86.93207	-33.27021	0.3780793	3
1359016876380	1359016876380	85.63986	-34.10307	0.693889	3
1359016876474	1359016876474	86.66352	-31.873632	3.2129683	3
1359016876541	1359016876541	86.81734	-33.128613	1.2728779	3
1359016876609	1359016876609	88.9642	-34.737736	1.4325216	3
1359016876699	1359016876699	89.32354	-28.765226	2.5439913	3
1359016876765	1359016876765	91.33887	-29.931349	3.6864264	3
1359016876826	1359016876826	92.10334	-29.312166	2.7303982	3
1359016876945	1359016876945	91.41072	-30.424427	3.2694504	3
1359016877007	1359016877138	89.819176	-32.091038	2.3585207	3
1359016877227	1359016877227	86.64188	-37.280834	3.0794904	3
1359016877302	1359016877302	83.87295	-29.176311	0.6518514	3
1359016877373	1359016877373	84.54849	-33.53176	2.827213	3
1359016877471	1359016877529	85.67853	-31.139427	2.426841	3
1359016877619	1359016877619	85.17742	-33.101315	3.2213337	3
1359016877699	1359016877699	84.12567	-32.27327	5.5560513	3
1359016877803	1359016877803	86.02731	-32.711708	4.132032	3
1359016877868	1359016877868	87.72062	-29.758032	4.1623116	3
1359016877926	1359016877926	89.663284	-31.972775	4.771871	3
1359016878014	1359016878014	88.97267	-26.733685	4.9729075	3
1359016878082	1359016878082	92.24073	-28.570057	5.403497	3
1359016878144	1359016878144	91.64438	-27.560896	4.030625	3
1359016878208	1359016878208	91.19696	-30.595858	3.7052855	3
1359016878296	1359016878296	89.33521	-31.679611	3.9463804	3
1359016878401	1359016878459	89.757805	-32.299454	2.9053576	3
1359016878549	1359016878549	88.55244	-30.993912	3.2411861	3
1359016878622	1359016878622	87.204285	-28.856287	2.534879	3
1359016878679	1359016878679	87.85082	-27.270176	3.3026676	3
1359016878777	1359016878841	88.48873	-28.508614	4.072888	3
1359016878910	1359016878910	86.9714	-29.389975	5.119386	3
1359016878978	1359016878978	87.06795	-28.261694	6.1631885	3
1359016879092	1359016879092	87.87683	-29.1623	5.299052	3
1359016879161	1359016879161	88.47816	-31.8295	5.179578	3
1359016879216	1359016879216	89.3518	-26.98233	7.2412915	3
1359016879331	1359016879385	90.88864	-28.392897	7.3538165	3
1359016879441	1359016879441	90.53279	-29.572441	6.9993496	3
1359016879536	1359016879536	90.442	-31.373234	5.8385563	3
1359016879619	1359016879619	88.08431	-32.63181	5.493242	3
1359016879691	1359016879691	87.91126	-33.87142	3.9912045	3
1359016879778	1359016879778	87.31343	-36.872337	5.741254	3
1359016879858	1359016879858	85.304214	-34.472378	4.865702	3
1359016879924	1359016879924	84.91231	-35.73247	4.9583	3
1359016879983	1359016880126	86.35379	-33.880104	5.538183	3
1359016880189	1359016880189	86.42086	-33.684124	6.8867598	3
1359016880302	1359016880302	88.57994	-31.726023	6.7557235	3
1359016880357	1359016880357	89.580475	-29.515863	6.6431594	3
1359016880445	1359016880445	91.83616	-34.616913	5.7690644	3
1359016880507	1359016880507	92.53642	-26.491217	7.5072975	3
1359016880613	1359016880613	94.97587	-28.78101	6.800985	3
1359016880670	1359016880670	96.127464	-27.93382	6.041446	3
1359016880733	1359016880733	95.356705	-29.877266	5.300094	3
1359016880835	1359016880835	95.80733	-30.988802	5.5356555	3
1359016880897	1359016880897	92.82856	-34.148697	2.7294114	3
1359016880985	1359016880985	93.79728	-35.639744	3.9944403	3
1359016881094	1359016881094	92.530785	-37.296097	3.6602347	3
1359016881158	1359016881158	89.963165	-36.779633	1.4313055	3
1359016881232	1359016881232	90.535614	-35.99579	2.9285388	3
1359016881309	1359016881309	92.85707	-34.093967	2.6201491	3
1359016881412	1359016881412	94.21032	-34.966263	2.9925358	3
1359016881469	1359016881469	94.99879	-34.670166	1.6211584	3
1359016881547	1359016881547	95.894775	-36.332756	2.135796	3
1359016881630	1359016881630	97.911224	-36.752525	1.1643832	3
1359016881689	1359016881689	97.58395	-36.896187	-0.14123137	3
1359016881771	1359016881771	99.43178	-34.046814	1.5876893	3
1359016881857	1359016881857	100.65497	-35.55654	0.26870742	3
1359016881925	1359016881925	103.00182	-32.498455	1.6213568	3
1359016881999	1359016881999	107.45365	-30.41186	1.1649988	3
1359016882053	1359016882053	108.922966	-29.872902	2.4161706	3
1359016882155	1359016882155	112.1165	-25.438864	2.432062	3
1359016882218	1359016882218	114.6437	-28.283344	1.6629856	3
1359016882294	1359016882294	117.42969	-23.419416	2.8873336	3
1359016882387	1359016882453	120.54962	-24.301228	2.4229758	3
1359016882512	1359016882512	126.75233	-23.30165	2.448489	3
1359016882603	1359016882603	128.7591	-22.291386	2.3838081	3
1359016882683	1359016882683	131.66103	-24.939642	1.8115528	3
1359016882751	1359016882751	135.84213	-22.523314	3.0162485	3
1359016882812	1359016882812	138.97899	-22.916742	1.6905316	3
1359016882899	1359016882899	142.93956	-23.477646	1.5179782	3
1359016882967	1359016882967	147.41422	-21.39277	1.2003525	3
1359016883031	1359016883031	151.15526	-22.98482	0.13355036	3
1359016883127	1359016883127	154.49434	-21.489902	-0.039957464	3
1359016883210	1359016883210	157.46986	-22.544842	-1.5909642	3
1359016883276	1359016883276	160.3302	-21.671568	-2.0922558	3
1359016883368	1359016883368	163.02135	-21.317293	-3.4966307	3
1359016883432	1359016883432	165.4091	-21.284834	-4.9085937	3
1359016883500	1359016883560	167.54338	-20.545776	-5.920879	3
1359016883644	1359016883762	171.26648	-20.74818	-7.611077	3
1359016883857	1359016883857	175.7756	-20.784887	-7.033184	3
1359016883924	1359016883924	176.98619	-22.416664	-5.5631204	3
1359016883994	1359016883994	178.88661	-20.125801	-4.602295	3
1359016884064	1359016884064	179.90741	-23.286121	-4.350942	3
1359016884160	1359016884160	181.53502	-20.82391	-2.6386752	3
1359016884235	1359016884294	182.71663	-22.374207	-2.2530165	3
1359016884399	1359016884399	184.32227	-22.232126	-1.1361881	3
1359016884470	1359016884526	184.79688	-23.751474	-1.0314242	3
1359016884587	1359016884587	185.35666	-24.086452	0.07067113	3
1359016884691	1359016884691	184.55827	-25.519766	-0.48554066	3
1359016884759	1359016884759	185.48895	-26.060232	1.0019664	3
1359016884840	1359016884840	184.91422	-24.937271	0.19806628	3
1359016884925	1359016884925	184.88846	-30.35368	0.81698006	3
1359016885031	1359016885031	184.96017	-22.263891	0.51969296	3
1359016885096	1359016885096	181.73695	-26.34558	0.31138647	3
1359016885192	1359016885315	181.30391	-24.443924	-0.061133303	3
1359016885380	1359016885535	180.4447	-26.53506	0.8613343	3
1359016885633	1359016885633	182.33801	-22.994951	2.2990603	3
1359016885730	1359016885730	183.3731	-30.810091	0.61858785	3
1359016885813	1359016885813	185.3949	-20.633379	5.401187	3
1359016885878	1359016885878	187.83194	-26.59227	3.7246635	3
1359016885972	1359016885972	187.92519	-23.932756	3.5198565	3
1359016886048	1359016886048	187.22499	-26.703173	2.3882055	3
1359016886131	1359016886217	185.90974	-24.94023	0.4685256	3
1359016886299	1359016886299	183.25311	-26.748703	-1.4999712	3
1359016886376	1359016886376	180.61275	-30.11613	-2.3611813	3
1359016886479	1359016886479	180.21144	-21.187761	-2.5218399	3
1359016886564	1359016886564	178.00967	-27.89287	-3.4806154	3
1359016886682	1359016886682	179.62396	-22.627575	-1.3648714	3
1359016886763	1359016886848	179.76248	-24.488976	-0.82045764	3
1359016886950	1359016886950	180.69374	-26.133007	2.0008419	3
1359016887037	1359016887037	180.21678	-25.60733	1.035181	3
1359016887161	1359016887217	183.66368	-25.79702	3.761755	3
1359016887345	1359016887345	184.65677	-23.738306	5.564262	3
1359016887445	1359016887445	185.88828	-24.593693	4.8022103	3
1359016887520	1359016887520	185.18071	-23.36805	3.988356	3
1359016887624	1359016887624	184.72942	-26.080317	1.7097051	3
1359016887709	1359016887709	181.88129	-25.162764	0.3449428	3
1359016887801	1359016887801	181.46074	-26.794214	-0.93086916	3
1359016887887	1359016887887	180.09369	-23.877827	0.509494	3
1359016888000	1359016888000	177.17561	-26.211853	-2.2103424	3
1359016888078	1359016888078	175.94734	-23.23011	-1.7919648	3
1359016888172	1359016888172	176.25902	-23.070547	0.29191422	3
1359016888261	1359016888261	177.01259	-23.938843	0.912942	3
1359016888348	1359016888348	177.83034	-25.601513	1.300068	3
1359016888461	1359016888461	178.41037	-24.921463	2.5952978	3
1359016888539	1359016888539	179.19218	-26.149284	3.2663383	3
1359016888665	1359016888665	181.53117	-24.344126	5.2726984	3
1359016888742	1359016888742	182.51886	-27.938383	5.2334375	3
1359016888824	1359016888824	184.14754	-23.557487	7.1270213	3
1359016888951	1359016888951	185.9187	-27.302925	7.096309	3
1359016889056	1359016889056	185.8791	-24.96565	5.929061	3
1359016889140	1359016889140	186.27837	-29.117807	4.1398144	3
1359016889287	1359016889287	184.0852	-28.389095	1.2729144	3
1359016889371	1359016889371	184.38101	-29.487766	1.2398295	3
1359016889510	1359016889510	182.79927	-28.131138	0.8939096	3
1359016889581	1359016889581	180.41096	-29.88629	-1.9664283	3
1359016889689	1359016889689	180.07584	-26.914064	-1.2677319	3
1359016889801	1359016889906	180.06856	-27.109674	-0.40865213	3
1359016890003	1359016890003	183.26118	-28.988167	0.50862426	3
1359016890122	1359016890122	184.0901	-27.10987	2.4746447	3
1359016890217	1359016890217	185.48482	-27.472372	3.580402	3
1359016890361	1359016890361	187.83286	-23.748402	4.9439335	3
1359016890448	1359016890448	188.3592	-32.704273	2.6275504	3
1359016890534	1359016890534	191.61441	-20.370157	7.9914393	3
1359016890653	1359016890653	192.10783	-29.289665	6.574999	3
1359016890731	1359016890731	193.11688	-24.434937	5.4552712	3
1359016890826	1359016890826	192.66249	-27.748043	3.9671147	3
1359016890895	1359016890959	190.71472	-26.10027	1.7083917	3
1359016891028	1359016891028	188.91942	-24.371662	1.5128794	3
1359016891135	1359016891135	185.78304	-28.834517	-1.2674874	3
1359016891205	1359016891205	185.91003	-23.042559	0.121373296	3
1359016891290	1359016891290	184.85738	-27.78917	0.72219414	3
1359016891386	1359016891386	185.8993	-25.425776	1.604159	3
1359016891458	1359016891458	186.99063	-27.699118	2.2600071	3
1359016891549	1359016891549	187.65726	-27.117275	3.5073204	3
1359016891640	1359016891640	188.66467	-25.36768	5.987953	3
1359016891720	1359016891720	189.71689	-27.027107	5.3945613	3
1359016891764	1359016891764	191.07018	-30.461802	5.6970725	3
1359016891823	1359016891823	193.66162	-24.35054	7.9681993	3
1359016891934	1359016891934	193.71675	-28.097454	8.169714	3
1359016892001	1359016892001	195.52605	-25.329786	7.2821403	3
1359016892076	1359016892076	195.21342	-27.556137	5.9968343	3
1359016892181	1359016892181	193.31099	-27.542542	3.5163229	3
1359016892296	1359016892296	192.28023	-26.543932	4.4451427	3
1359016892362	1359016892362	191.34164	-26.456331	3.1811736	3
1359016892458	1359016892458	187.73882	-31.977108	1.2347912	3
1359016892549	1359016892549	186.96873	-21.876	1.611869	3
1359016892615	1359016892615	184.79208	-29.562363	0.5867902	3
1359016892722	1359016892722	186.03416	-22.773277	2.3103821	3
1359016892804	1359016892804	186.56306	-25.658442	2.5731938	3
1359016892872	1359016892872	188.71721	-25.189798	4.669352	3
1359016892977	1359016892977	189.35182	-23.732052	6.526929	3
1359016893030	1359016893030	190.31223	-25.707945	4.9930024	3
1359016893117	1359016893117	193.78381	-23.818535	9.03144	3
1359016893188	1359016893188	193.20744	-26.028292	5.727915	3
1359016893287	1359016893287	195.00816	-21.103088	9.970487	3
1359016893379	1359016893379	195.86646	-22.98948	9.456035	3
1359016893452	1359016893452	196.23573	-22.51745	7.2077665	3
1359016893594	1359016893594	195.74419	-24.712526	5.406418	3
1359016893670	1359016893670	192.67274	-24.454779	2.8242064	3
1359016893769	1359016893769	193.63281	-27.320902	2.1000915	3
1359016893862	1359016893862	191.46599	-24.722574	4.5748897	3
1359016893933	1359016893933	188.73381	-25.48593	1.1532252	3
1359016894024	1359016894024	188.29556	-24.628443	1.9649844	3
1359016894074	1359016894074	187.98332	-23.904463	3.2835875	3
1359016894173	1359016894173	188.6758	-23.376234	4.121659	3
1359016894254	1359016894254	189.63611	-24.304249	5.2079234	3
1359016894357	1359016894357	189.36037	-23.457582	6.286652	3
1359016894454	1359016894454	189.69872	-25.058659	4.6875324	3
1359016894538	1359016894538	191.10568	-20.127808	8.560365	3
1359016894654	1359016894654	191.0528	-26.157093	6.693743	3
1359016894707	1359016894707	192.77716	-19.528654	9.739696	3
1359016894777	1359016894777	193.74783	-23.437704	8.609787	3
1359016894876	1359016894876	193.37793	-24.773743	7.507324	3
1359016894948	1359016894948	193.45381	-27.288412	5.853729	3
1359016895050	1359016895050	190.93556	-26.862637	4.5796666	3
1359016895142	1359016895142	189.94312	-28.909164	3.2945788	3
1359016895220	1359016895220	186.6621	-31.8342	2.813203	3
1359016895312	1359016895312	184.99059	-23.504295	1.8368026	3
1359016895409	1359016895409	182.60051	-31.013535	0.6661487	3
1359016895513	1359016895513	182.68196	-25.82193	2.368477	3
1359016895639	1359016895639	183.6856	-28.232113	3.1364653	3
1359016895717	1359016895717	184.6125	-29.617413	4.1196356	3
1359016895796	1359016895796	185.30434	-29.073727	6.011088	3
1359016895925	1359016895925	185.04295	-31.093702	4.82499	3
1359016896013	1359016896013	188.11336	-26.266188	9.629733	3
1359016896125	1359016896125	187.19843	-32.621113	6.8097157	3
1359016896216	1359016896216	188.50327	-24.71726	10.155126	3
1359016896296	1359016896296	188.65833	-29.080553	9.241955	3
1359016896414	1359016896414	187.81314	-28.40749	8.439834	3
1359016896482	1359016896482	186.06007	-30.520863	5.7248945	3
1359016896570	1359016896570	183.97697	-29.076664	5.0459046	3
1359016896688	1359016896688	182.22923	-31.37125	3.1351464	3
1359016896771	1359016896771	180.29713	-31.364985	0.99492145	3
1359016896916	1359016896916	179.85701	-34.87948	2.0839565	3
