1359016805860	1359016805860	6.54	-42.96	-12.599999	3
1359016805986	1359016805986	6.48	-42.96	-12.599999	3
1359016806008	1359016806008	6.42	-42.899998	-12.719999	3
1359016806078	1359016806078	6.48	-42.78	-12.719999	3
1359016806102	1359016806102	6.42	-42.6	-12.599999	3
1359016806130	1359016806130	6.3599997	-42.6	-12.48	3
1359016806166	1359016806166	6.3599997	-42.42	-12.36	3
1359016806179	1359016806179	6.42	-42.54	-12.3	3
1359016806194	1359016806194	6.54	-42.6	-12.3	3
1359016806232	1359016806232	6.72	-42.42	-12.3	3
1359016806245	1359016806245	6.7799997	-42.54	-12.599999	3
1359016806255	1359016806255	6.72	-42.54	-12.54	3
1359016806283	1359016806283	6.7799997	-42.36	-12.54	3
1359016806303	1359016806303	6.72	-42.36	-12.48	3
1359016806354	1359016806354	6.7799997	-42.239998	-12.42	3
1359016806379	1359016806379	6.7799997	-42.3	-12.48	3
1359016806404	1359016806405	6.72	-42.3	-12.66	3
1359016806417	1359016806417	6.96	-42.42	-12.78	3
1359016806429	1359016806429	6.8999996	-42.42	-12.78	3
1359016806463	1359016806463	6.8399997	-42.6	-12.78	3
1359016806473	1359016806473	6.8399997	-42.78	-12.9	3
1359016806485	1359016806485	7.02	-42.78	-13.08	3
1359016806531	1359016806531	7.02	-42.899998	-13.2	3
1359016806542	1359016806542	7.08	-42.899998	-13.2	3
1359016806567	1359016806567	7.08	-42.899998	-13.08	3
1359016806612	1359016806612	6.8999996	-42.96	-13.08	3
1359016806647	1359016806647	7.02	-42.96	-13.0199995	3
1359016806658	1359016806658	7.02	-42.899998	-13.0199995	3
1359016806719	1359016806719	7.14	-43.26	-13.0199995	3
1359016806741	1359016806741	7.14	-43.26	-12.96	3
1359016806762	1359016806762	7.2599998	-43.44	-12.96	3
1359016806772	1359016806772	7.2599998	-43.32	-12.84	3
1359016851252	1359016851252	15.599999	-9.54	-34.38	3
1359016851273	1359016851273	12.3	-10.32	-33.96	3
1359016851333	1359016851333	9.3	-11.04	-33.6	3
1359016851346	1359016851346	6.06	-11.7	-33.36	3
1359016851359	1359016851359	2.6399999	-12.36	-33.18	3
1359016851386	1359016851386	-0.59999996	-12.9	-32.88	3
1359016851397	1359016851397	-3.8999999	-13.559999	-32.52	3
1359016851416	1359016851416	-7.08	-14.4	-32.16	3
1359016851468	1359016851468	-10.44	-15.059999	-31.8	3
1359016851479	1359016851479	-13.62	-15.66	-31.74	3
1359016851501	1359016851501	-16.92	-16.44	-31.56	3
1359016851522	1359016851522	-20.22	-17.16	-31.32	3
1359016851563	1359016851563	-23.519999	-18.0	-31.08	3
1359016851590	1359016851590	-26.76	-18.84	-30.84	3
1359016851633	1359016851633	-29.88	-19.68	-30.599998	3
1359016851670	1359016851670	-29.88	-19.68	-30.72	3
1359016851707	1359016851707	-29.939999	-19.56	-30.779999	3
1359016851720	1359016851720	-29.88	-19.439999	-30.96	3
1359016851758	1359016851758	-30.0	-19.32	-31.019999	3
1359016851770	1359016851770	-29.939999	-19.38	-30.96	3
1359016851806	1359016851806	-30.0	-19.32	-30.96	3
1359016851821	1359016851821	-30.0	-19.38	-30.84	3
1359016851835	1359016851835	-30.179998	-19.14	-30.84	3
1359016851913	1359016851913	-30.06	-19.14	-30.779999	3
1359016851925	1359016851925	-30.119999	-18.96	-30.66	3
1359016851954	1359016851954	-30.119999	-18.96	-30.539999	3
1359016851988	1359016851988	-30.06	-18.96	-30.42	3
1359016852001	1359016852001	-29.939999	-18.9	-30.24	3
1359016852013	1359016852013	-30.119999	-18.84	-30.06	3
1359016852036	1359016852036	-30.3	-18.6	-29.88	3
1359016852100	1359016852100	-30.48	-18.42	-29.699999	3
1359016852114	1359016852114	-30.48	-18.42	-29.4	3
1359016852187	1359016852187	-30.539999	-18.48	-29.279999	3
1359016852199	1359016852199	-30.72	-18.359999	-29.279999	3
1359016852212	1359016852212	-30.779999	-18.359999	-29.099998	3
1359016852236	1359016852236	-30.9	-18.24	-29.039999	3
1359016852271	1359016852271	-30.84	-18.42	-29.039999	3
1359016852283	1359016852283	-31.019999	-18.42	-29.039999	3
1359016852320	1359016852320	-31.08	-18.48	-29.099998	3
1359016852331	1359016852331	-31.439999	-18.42	-29.279999	3
1359016852345	1359016852345	-31.5	-18.42	-29.22	3
1359016852390	1359016852390	-31.56	-18.24	-29.279999	3
1359016852401	1359016852401	-31.439999	-18.42	-29.279999	3
1359016852412	1359016852412	-31.679998	-18.42	-29.279999	3
1359016852472	1359016852472	-31.5	-18.359999	-29.22	3
1359016852483	1359016852483	-31.619999	-18.42	-29.4	3
1359016852493	1359016852493	-31.619999	-18.359999	-29.58	3
1359016852529	1359016852529	-31.619999	-18.359999	-29.64	3
1359016852540	1359016852540	-31.5	-18.3	-29.64	3
1359016852565	1359016852565	-31.5	-18.3	-29.699999	3
1359016852576	1359016852576	-31.619999	-18.359999	-29.64	3
1359016852606	1359016852606	-31.5	-18.119999	-29.699999	3
1359016852617	1359016852617	-31.5	-18.18	-29.64	3
1359016852647	1359016852647	-31.38	-18.119999	-29.58	3
1359016852695	1359016852695	-31.439999	-17.88	-29.46	3
1359016852706	1359016852706	-31.32	-17.88	-29.64	3
1359016852752	1359016852752	-31.26	-17.94	-29.699999	3
1359016852762	1359016852762	-31.199999	-18.0	-29.699999	3
1359016852776	1359016852776	-31.019999	-18.0	-29.699999	3
1359016852787	1359016852787	-31.019999	-18.0	-29.82	3
1359016852817	1359016852817	-30.96	-17.94	-29.88	3
1359016852828	1359016852828	-30.9	-18.0	-29.88	3
1359016852838	1359016852838	-30.72	-17.88	-29.939999	3
1359016852872	1359016852872	-30.66	-17.82	-30.119999	3
1359016852893	1359016852893	-30.42	-17.699999	-30.359999	3
1359016852935	1359016852935	-30.119999	-17.58	-30.72	3
1359016852968	1359016852968	-30.119999	-17.58	-30.96	3
1359016852980	1359016852980	-29.88	-17.46	-31.26	3
1359016852991	1359016852991	-29.699999	-17.22	-31.56	3
1359016853002	1359016853002	-29.46	-17.1	-31.859999	3
1359016853032	1359016853032	-29.279999	-16.859999	-32.16	3
1359016853043	1359016853043	-29.279999	-16.56	-32.52	3
1359016853064	1359016853064	-29.22	-16.44	-32.82	3
1359016853100	1359016853100	-29.279999	-16.199999	-33.12	3
1359016853113	1359016853113	-29.22	-16.08	-33.3	3
1359016853127	1359016853127	-29.279999	-15.66	-33.48	3
1359016853179	1359016853179	-29.279999	-15.48	-33.6	3
1359016853192	1359016853192	-29.279999	-15.12	-33.78	3
1359016853204	1359016853204	-29.4	-14.88	-33.84	3
1359016853214	1359016853214	-29.46	-14.82	-33.96	3
1359016853258	1359016853258	-29.58	-14.639999	-33.96	3
1359016853270	1359016853270	-29.82	-14.5199995	-33.96	3
1359016853281	1359016853281	-29.88	-14.5199995	-33.84	3
1359016853315	1359016853315	-30.24	-14.34	-33.78	3
1359016853328	1359016853328	-30.48	-14.4	-33.66	3
1359016853342	1359016853342	-30.84	-14.58	-33.54	3
1359016853377	1359016853377	-31.08	-14.5199995	-33.239998	3
1359016853389	1359016853389	-31.199999	-14.639999	-32.88	3
1359016853440	1359016853440	-31.32	-14.58	-32.579998	3
1359016853472	1359016853472	-31.5	-14.5199995	-32.46	3
1359016853483	1359016853483	-31.74	-14.5199995	-32.399998	3
1359016853494	1359016853494	-31.679998	-14.58	-32.16	3
1359016853507	1359016853507	-31.679998	-14.46	-32.04	3
1359016853542	1359016853542	-31.859999	-14.34	-31.859999	3
1359016853555	1359016853555	-32.1	-14.28	-31.8	3
1359016853567	1359016853567	-32.34	-14.16	-31.619999	3
1359016853613	1359016853613	-32.64	-13.86	-31.5	3
1359016853625	1359016853625	-32.82	-13.74	-31.5	3
1359016853636	1359016853636	-33.0	-13.5	-31.38	3
1359016853688	1359016853688	-33.239998	-13.259999	-31.26	3
1359016853699	1359016853699	-33.3	-13.0199995	-31.199999	3
1359016853710	1359016853710	-33.3	-12.719999	-31.199999	3
1359016853723	1359016853723	-33.6	-12.54	-31.199999	3
1359016853766	1359016853766	-33.78	-12.3	-31.199999	3
1359016853802	1359016853802	-34.079998	-12.12	-31.26	3
1359016853817	1359016853817	-34.079998	-11.88	-31.32	3
1359016853848	1359016853848	-34.32	-11.82	-31.199999	3
1359016853858	1359016853858	-34.62	-11.82	-31.26	3
1359016853868	1359016853868	-34.98	-11.759999	-31.26	3
1359016853890	1359016853890	-35.04	-11.759999	-31.199999	3
1359016853900	1359016853900	-35.04	-11.7	-31.199999	3
1359016853942	1359016853942	-35.16	-11.639999	-31.14	3
1359016853984	1359016853984	-35.16	-11.82	-31.14	3
1359016854023	1359016854023	-35.219997	-11.82	-31.14	3
1359016854033	1359016854033	-35.28	-11.759999	-31.08	3
1359016854046	1359016854046	-35.16	-11.7	-31.019999	3
1359016854076	1359016854076	-35.28	-11.94	-30.96	3
1359016854086	1359016854086	-35.399998	-12.179999	-30.84	3
1359016854096	1359016854096	-35.28	-12.42	-30.779999	3
1359016854126	1359016854126	-35.219997	-12.719999	-30.599998	3
1359016854151	1359016854151	-35.04	-12.9	-30.599998	3
1359016854163	1359016854163	-35.16	-13.2	-30.42	3
1359016854177	1359016854177	-35.04	-13.38	-30.359999	3
1359016854251	1359016854251	-34.92	-13.62	-30.3	3
1359016854297	1359016854297	-34.739998	-14.04	-30.24	3
1359016854318	1359016854318	-34.559998	-14.58	-30.24	3
1359016854343	1359016854343	-34.5	-15.0	-30.119999	3
1359016854357	1359016854357	-34.38	-15.42	-29.82	3
1359016854389	1359016854389	-34.14	-15.839999	-29.76	3
1359016854422	1359016854422	-33.899998	-16.199999	-29.46	3
1359016854450	1359016854450	-33.6	-16.68	-29.4	3
1359016854514	1359016854514	-33.0	-17.52	-29.4	3
1359016854526	1359016854526	-32.76	-17.76	-29.46	3
1359016854545	1359016854545	-32.52	-18.119999	-29.64	3
1359016854557	1359016854557	-32.34	-18.18	-29.82	3
1359016854599	1359016854599	-32.219997	-18.3	-29.939999	3
1359016854611	1359016854611	-32.04	-18.42	-30.119999	3
1359016854630	1359016854630	-31.859999	-18.6	-30.24	3
1359016854664	1359016854664	-31.679998	-18.72	-30.48	3
1359016854689	1359016854689	-31.38	-18.539999	-30.779999	3
1359016854759	1359016854759	-31.32	-18.42	-30.9	3
1359016854769	1359016854769	-31.199999	-18.3	-31.14	3
1359016854805	1359016854805	-31.199999	-18.119999	-31.14	3
1359016854852	1359016854852	-31.32	-17.46	-31.38	3
1359016854902	1359016854902	-31.679998	-16.74	-31.26	3
1359016854923	1359016854923	-31.859999	-16.38	-31.26	3
1359016854936	1359016854936	-32.1	-16.02	-31.14	3
1359016855031	1359016855031	-32.28	-15.599999	-31.14	3
1359016855057	1359016855057	-32.46	-14.94	-30.779999	3
1359016855068	1359016855068	-32.579998	-14.58	-30.599998	3
1359016855118	1359016855118	-32.88	-14.219999	-30.42	3
1359016855129	1359016855129	-33.18	-13.86	-30.3	3
1359016855153	1359016855153	-33.42	-13.559999	-30.3	3
1359016855187	1359016855187	-33.48	-13.32	-30.3	3
1359016855213	1359016855213	-33.719997	-13.08	-30.3	3
1359016855267	1359016855267	-34.079998	-12.84	-30.3	3
1359016855332	1359016855332	-34.32	-12.719999	-30.48	3
1359016855344	1359016855344	-34.559998	-12.719999	-30.599998	3
1359016855356	1359016855356	-34.68	-12.719999	-30.599998	3
1359016855399	1359016855399	-34.86	-12.66	-30.48	3
1359016855442	1359016855442	-34.98	-12.599999	-30.48	3
1359016855467	1359016855467	-35.04	-12.599999	-30.42	3
1359016855496	1359016855496	-35.16	-12.719999	-30.42	3
1359016855575	1359016855575	-35.219997	-12.9	-30.3	3
1359016855585	1359016855585	-35.399998	-13.08	-30.42	3
1359016855605	1359016855605	-35.34	-13.32	-30.48	3
1359016855636	1359016855636	-35.28	-13.5	-30.42	3
1359016855651	1359016855651	-35.16	-13.86	-30.599998	3
1359016855666	1359016855666	-35.04	-14.04	-30.359999	3
1359016855679	1359016855679	-35.04	-14.099999	-30.359999	3
1359016855744	1359016855744	-34.8	-14.28	-30.359999	3
1359016855764	1359016855764	-34.2	-15.0	-30.3	3
1359016855839	1359016855839	-33.96	-15.24	-30.359999	3
1359016855852	1359016855852	-33.78	-15.36	-30.42	3
1359016855867	1359016855867	-33.42	-15.36	-30.66	3
1359016855902	1359016855902	-33.12	-15.48	-30.779999	3
1359016855914	1359016855914	-32.94	-15.719999	-30.84	3
1359016855945	1359016855945	-32.82	-15.719999	-30.66	3
1359016855984	1359016855984	-32.7	-15.66	-30.9	3
1359016855994	1359016855994	-32.52	-15.78	-30.84	3
1359016856004	1359016856004	-32.52	-15.9	-30.96	3
1359016856014	1359016856014	-32.579998	-15.839999	-31.08	3
1359016856074	1359016856074	-32.64	-15.599999	-30.96	3
1359016856084	1359016856084	-32.579998	-15.78	-31.08	3
1359016856096	1359016856096	-32.52	-15.9	-31.019999	3
1359016856147	1359016856147	-32.52	-16.08	-31.14	3
1359016856159	1359016856159	-32.579998	-16.02	-31.08	3
1359016856170	1359016856170	-32.52	-15.96	-31.019999	3
1359016856209	1359016856209	-32.46	-15.9	-30.9	3
1359016856220	1359016856220	-32.399998	-16.02	-30.96	3
1359016856230	1359016856230	-32.46	-16.26	-30.84	3
1359016856293	1359016856293	-32.399998	-16.44	-30.9	3
1359016856306	1359016856306	-32.399998	-16.32	-30.779999	3
1359016856328	1359016856328	-32.28	-16.38	-30.9	3
1359016856338	1359016856338	-32.34	-16.5	-30.9	3
1359016856374	1359016856374	-32.34	-16.38	-30.84	3
1359016856384	1359016856384	-32.52	-16.08	-30.779999	3
1359016856404	1359016856404	-32.52	-16.199999	-30.72	3
1359016856425	1359016856425	-32.579998	-16.32	-30.48	3
1359016856446	1359016856446	-32.82	-16.26	-30.42	3
1359016856481	1359016856481	-33.059998	-15.96	-30.359999	3
1359016856494	1359016856494	-33.3	-15.839999	-30.359999	3
1359016856536	1359016856536	-33.66	-15.839999	-30.179998	3
1359016856562	1359016856562	-33.899998	-15.599999	-29.939999	3
1359016856576	1359016856576	-34.079998	-15.66	-29.76	3
1359016856587	1359016856587	-34.26	-15.48	-29.58	3
1359016856631	1359016856631	-34.68	-15.48	-29.34	3
1359016856665	1359016856665	-35.04	-15.54	-29.34	3
1359016856676	1359016856676	-35.28	-15.42	-29.34	3
1359016856714	1359016856714	-35.28	-15.54	-29.16	3
1359016856726	1359016856726	-35.219997	-15.66	-28.98	3
1359016856751	1359016856751	-35.28	-15.66	-28.859999	3
1359016856818	1359016856818	-35.399998	-15.719999	-28.8	3
1359016856841	1359016856841	-35.52	-15.78	-28.8	3
1359016856863	1359016856863	-35.52	-16.02	-28.74	3
1359016856919	1359016856919	-35.52	-16.26	-28.439999	3
1359016856931	1359016856931	-35.28	-16.38	-28.439999	3
1359016856957	1359016856957	-35.1	-16.38	-28.619999	3
1359016856993	1359016856993	-35.04	-16.68	-28.8	3
1359016857015	1359016857015	-35.04	-16.74	-28.8	3
1359016857056	1359016857056	-34.92	-16.92	-29.099998	3
1359016857079	1359016857079	-34.5	-17.039999	-29.279999	3
1359016857138	1359016857138	-34.44	-17.4	-29.46	3
1359016857167	1359016857167	-34.2	-17.52	-29.519999	3
1359016857181	1359016857181	-33.96	-17.88	-29.58	3
1359016857226	1359016857226	-33.96	-18.18	-29.76	3
1359016857236	1359016857236	-33.719997	-18.359999	-30.119999	3
1359016857255	1359016857255	-33.42	-18.359999	-30.24	3
1359016857318	1359016857318	-33.18	-18.3	-30.48	3
1359016857341	1359016857341	-32.88	-18.06	-30.96	3
1359016857373	1359016857373	-32.64	-17.82	-31.26	3
1359016857400	1359016857400	-32.399998	-17.58	-31.8	3
1359016857424	1359016857424	-32.34	-17.64	-32.16	3
1359016857444	1359016857444	-32.16	-17.52	-32.399998	3
1359016857454	1359016857454	-31.98	-17.34	-32.52	3
1359016857484	1359016857484	-31.98	-17.22	-32.7	3
1359016857496	1359016857496	-31.92	-17.039999	-32.76	3
1359016857518	1359016857518	-31.98	-16.92	-32.88	3
1359016857596	1359016857596	-31.98	-16.5	-32.88	3
1359016857619	1359016857619	-32.04	-16.199999	-33.059998	3
1359016857630	1359016857630	-32.04	-16.02	-33.12	3
1359016857642	1359016857642	-32.04	-15.66	-33.36	3
1359016857676	1359016857676	-32.219997	-15.42	-33.54	3
1359016857687	1359016857687	-32.28	-15.299999	-33.54	3
1359016857712	1359016857712	-32.52	-15.299999	-33.6	3
1359016857749	1359016857749	-32.7	-15.24	-33.36	3
1359016857787	1359016857787	-32.76	-15.36	-33.239998	3
1359016857799	1359016857799	-33.059998	-15.48	-33.059998	3
1359016857864	1359016857864	-33.18	-15.42	-32.88	3
1359016857877	1359016857877	-33.3	-15.48	-32.88	3
1359016857899	1359016857899	-33.54	-15.54	-32.88	3
1359016857910	1359016857910	-33.719997	-15.54	-32.88	3
1359016857959	1359016857959	-33.84	-15.599999	-32.94	3
1359016857969	1359016857969	-33.899998	-15.599999	-32.88	3
1359016858008	1359016858008	-33.96	-15.839999	-32.82	3
1359016858039	1359016858039	-34.26	-15.839999	-32.7	3
1359016858090	1359016858090	-34.5	-15.839999	-32.64	3
1359016858101	1359016858101	-34.559998	-15.839999	-32.64	3
1359016858147	1359016858147	-34.62	-15.839999	-32.34	3
1359016858160	1359016858160	-34.86	-15.78	-32.34	3
1359016858171	1359016858171	-34.98	-15.78	-32.219997	3
1359016858182	1359016858182	-35.04	-15.839999	-32.28	3
1359016858231	1359016858231	-35.219997	-15.78	-32.16	3
1359016858242	1359016858242	-35.1	-15.78	-32.1	3
1359016858253	1359016858253	-35.04	-15.839999	-32.1	3
1359016858285	1359016858285	-35.04	-15.96	-31.92	3
1359016858297	1359016858297	-34.92	-16.26	-31.92	3
1359016858337	1359016858337	-34.68	-16.44	-31.92	3
1359016858375	1359016858375	-34.44	-16.619999	-31.859999	3
1359016858386	1359016858386	-34.26	-16.8	-31.92	3
1359016858418	1359016858418	-34.02	-17.1	-32.04	3
1359016858429	1359016858429	-33.719997	-17.46	-32.04	3
1359016858479	1359016858479	-33.3	-17.82	-31.98	3
1359016858490	1359016858490	-33.18	-18.24	-31.859999	3
1359016858508	1359016858508	-32.88	-18.72	-31.8	3
1359016858546	1359016858546	-32.579998	-19.199999	-31.8	3
1359016858557	1359016858557	-32.34	-19.38	-31.92	3
1359016858568	1359016858568	-32.16	-19.8	-31.92	3
1359016858660	1359016858660	-31.619999	-20.1	-31.98	3
1359016858671	1359016858671	-31.439999	-20.34	-31.98	3
1359016858683	1359016858683	-31.5	-20.52	-31.859999	3
1359016858706	1359016858706	-31.439999	-20.52	-31.859999	3
1359016858717	1359016858717	-31.56	-20.52	-31.74	3
1359016858729	1359016858729	-31.619999	-20.64	-31.619999	3
1359016858741	1359016858741	-31.8	-20.82	-31.439999	3
1359016858782	1359016858782	-31.92	-20.939999	-31.38	3
1359016858806	1359016858806	-32.219997	-20.58	-31.26	3
1359016858820	1359016858820	-32.34	-20.52	-31.38	3
1359016858880	1359016858880	-32.76	-20.46	-31.26	3
1359016858890	1359016858890	-32.82	-20.16	-31.38	3
1359016858901	1359016858901	-33.0	-19.98	-31.32	3
1359016858940	1359016858940	-33.18	-19.68	-31.32	3
1359016858964	1359016858964	-33.36	-19.56	-31.199999	3
1359016858976	1359016858976	-33.6	-19.26	-31.14	3
1359016859013	1359016859013	-34.14	-18.9	-31.08	3
1359016859050	1359016859050	-34.5	-18.779999	-31.019999	3
1359016859060	1359016859060	-34.68	-18.48	-30.96	3
1359016859070	1359016859070	-34.98	-18.42	-30.9	3
1359016859132	1359016859132	-35.16	-18.24	-30.84	3
1359016859144	1359016859144	-35.52	-18.06	-30.72	3
1359016859170	1359016859170	-35.82	-17.76	-30.599998	3
1359016859195	1359016859195	-36.18	-17.46	-30.359999	3
1359016859232	1359016859232	-36.36	-17.46	-30.24	3
1359016859243	1359016859243	-36.54	-17.22	-30.06	3
1359016859265	1359016859265	-36.719997	-16.98	-30.119999	3
1359016859304	1359016859304	-37.02	-16.92	-29.88	3
1359016859330	1359016859330	-37.38	-16.619999	-29.82	3
1359016859343	1359016859343	-37.559998	-16.44	-29.519999	3
1359016859425	1359016859425	-37.68	-16.44	-29.519999	3
1359016859437	1359016859437	-37.68	-16.5	-29.4	3
1359016859482	1359016859482	-37.739998	-16.619999	-29.279999	3
1359016859529	1359016859529	-37.559998	-16.619999	-29.039999	3
1359016859549	1359016859549	-37.559998	-16.619999	-28.859999	3
1359016859561	1359016859561	-37.5	-16.68	-28.74	3
1359016859574	1359016859574	-37.5	-16.98	-28.56	3
1359016859606	1359016859619	-37.38	-17.279999	-28.619999	3
1359016859659	1359016859659	-37.26	-17.46	-28.74	3
1359016859700	1359016859700	-36.899998	-17.64	-28.8	3
1359016859720	1359016859720	-36.899998	-17.94	-28.619999	3
1359016859730	1359016859730	-36.66	-18.119999	-28.5	3
1359016859780	1359016859780	-36.36	-18.42	-28.5	3
1359016859791	1359016859791	-35.94	-18.84	-28.56	3
1359016859815	1359016859815	-35.64	-19.14	-28.619999	3
1359016859828	1359016859828	-35.52	-19.439999	-28.5	3
1359016859900	1359016859900	-35.399998	-19.8	-28.38	3
1359016859921	1359016859921	-35.16	-19.98	-28.439999	3
1359016859941	1359016859941	-35.1	-20.22	-28.68	3
1359016859975	1359016859975	-34.739998	-20.58	-28.8	3
1359016859998	1359016859998	-34.559998	-20.699999	-28.92	3
1359016860010	1359016860010	-34.38	-20.46	-29.16	3
1359016860064	1359016860064	-34.14	-20.279999	-29.16	3
1359016860077	1359016860077	-33.899998	-20.279999	-29.279999	3
1359016860106	1359016860106	-33.66	-20.279999	-29.34	3
1359016860172	1359016860172	-33.54	-20.4	-29.4	3
1359016860223	1359016860223	-33.3	-20.34	-29.46	3
1359016860235	1359016860235	-33.059998	-20.279999	-29.519999	3
1359016860246	1359016860246	-33.0	-19.98	-29.699999	3
1359016860286	1359016860286	-33.059998	-19.859999	-29.76	3
1359016860296	1359016860296	-33.12	-19.74	-29.88	3
1359016860307	1359016860307	-33.059998	-19.56	-30.06	3
1359016860340	1359016860340	-33.12	-19.32	-30.3	3
1359016860360	1359016860360	-33.12	-19.08	-30.42	3
1359016860370	1359016860370	-33.3	-18.9	-30.359999	3
1359016860432	1359016860432	-33.54	-18.66	-30.42	3
1359016860445	1359016860445	-33.66	-18.359999	-30.48	3
1359016860454	1359016860454	-33.84	-18.24	-30.48	3
1359016860464	1359016860464	-34.02	-18.119999	-30.599998	3
1359016860499	1359016860499	-34.14	-18.06	-30.599998	3
1359016860509	1359016860509	-34.44	-17.76	-30.539999	3
1359016860531	1359016860531	-34.739998	-17.279999	-30.48	3
1359016860561	1359016860561	-34.92	-17.16	-30.539999	3
1359016860571	1359016860571	-35.219997	-17.039999	-30.42	3
1359016860581	1359016860581	-35.46	-17.039999	-30.3	3
1359016860613	1359016860613	-35.64	-16.92	-30.24	3
1359016860623	1359016860623	-35.7	-16.859999	-30.179998	3
1359016860634	1359016860634	-35.82	-16.74	-30.06	3
1359016860727	1359016860727	-35.82	-16.68	-29.939999	3
1359016860740	1359016860740	-35.88	-16.56	-29.939999	3
1359016860751	1359016860751	-35.94	-16.5	-29.699999	3
1359016860771	1359016860771	-35.76	-16.619999	-29.58	3
1359016860781	1359016860781	-35.76	-16.74	-29.58	3
1359016860791	1359016860791	-35.76	-16.68	-29.34	3
1359016860822	1359016860822	-35.76	-16.74	-29.22	3
1359016860850	1359016860850	-35.64	-17.039999	-29.039999	3
1359016860860	1359016860861	-35.399998	-17.4	-28.859999	3
1359016860874	1359016860874	-35.28	-17.699999	-28.8	3
1359016860939	1359016860939	-35.16	-17.88	-28.74	3
1359016860952	1359016860952	-34.86	-18.18	-28.56	3
1359016860962	1359016860962	-34.559998	-18.42	-28.439999	3
1359016861003	1359016861003	-34.5	-18.779999	-28.26	3
1359016861013	1359016861013	-34.32	-18.96	-28.26	3
1359016861034	1359016861034	-34.079998	-19.14	-28.14	3
1359016861070	1359016861070	-33.719997	-19.439999	-27.9	3
1359016861083	1359016861083	-33.6	-19.68	-27.72	3
1359016861097	1359016861097	-33.18	-20.039999	-27.66	3
1359016861119	1359016861119	-33.059998	-20.22	-27.599998	3
1359016861184	1359016861184	-32.82	-20.46	-27.539999	3
1359016861195	1359016861195	-32.64	-20.699999	-27.66	3
1359016861206	1359016861206	-32.34	-20.88	-27.72	3
1359016861251	1359016861251	-32.1	-21.0	-28.019999	3
1359016861264	1359016861264	-31.859999	-20.939999	-28.38	3
1359016861286	1359016861286	-31.8	-20.82	-28.38	3
1359016861323	1359016861323	-31.8	-20.88	-28.38	3
1359016861335	1359016861335	-31.679998	-20.82	-28.5	3
1359016861348	1359016861348	-31.56	-20.82	-28.56	3
1359016861394	1359016861394	-31.5	-20.76	-28.68	3
1359016861434	1359016861434	-31.439999	-20.76	-28.619999	3
1359016861455	1359016861455	-31.619999	-20.76	-28.74	3
1359016861472	1359016861472	-31.679998	-20.699999	-28.8	3
1359016861517	1359016861517	-31.679998	-20.52	-28.859999	3
1359016861530	1359016861530	-31.8	-20.16	-29.039999	3
1359016861576	1359016861576	-31.859999	-19.859999	-29.16	3
1359016861587	1359016861587	-31.859999	-19.619999	-29.16	3
1359016861611	1359016861611	-31.859999	-19.32	-29.099998	3
1359016861635	1359016861635	-31.98	-19.02	-29.099998	3
1359016861701	1359016861701	-32.219997	-18.66	-28.98	3
1359016861716	1359016861716	-32.52	-18.6	-28.92	3
1359016861738	1359016861738	-32.64	-18.3	-28.92	3
1359016861775	1359016861775	-32.64	-18.0	-28.98	3
1359016861797	1359016861797	-32.94	-17.699999	-28.859999	3
1359016861808	1359016861808	-33.3	-17.4	-28.859999	3
1359016861858	1359016861858	-33.36	-17.22	-28.8	3
1359016861882	1359016861882	-33.42	-16.98	-28.859999	3
1359016861902	1359016861902	-33.18	-16.74	-28.8	3
1359016861916	1359016861916	-33.36	-16.38	-28.8	3
1359016861996	1359016861996	-33.48	-16.199999	-28.74	3
1359016862007	1359016862007	-33.66	-16.08	-28.619999	3
1359016862028	1359016862028	-33.78	-16.02	-28.56	3
1359016862065	1359016862065	-33.96	-15.9	-28.619999	3
1359016862093	1359016862093	-34.079998	-15.839999	-28.56	3
1359016862117	1359016862117	-34.2	-15.719999	-28.38	3
1359016862169	1359016862169	-34.26	-15.839999	-28.26	3
1359016862183	1359016862183	-34.14	-15.66	-28.019999	3
1359016862237	1359016862237	-34.02	-15.719999	-27.9	3
1359016862250	1359016862250	-33.96	-15.78	-27.779999	3
1359016862300	1359016862300	-33.96	-15.78	-27.72	3
1359016862312	1359016862312	-33.78	-15.96	-27.779999	3
1359016862329	1359016862329	-33.54	-15.9	-27.96	3
1359016862380	1359016862380	-33.42	-15.96	-27.9	3
1359016862404	1359016862404	-33.48	-15.9	-27.9	3
1359016862418	1359016862418	-33.239998	-15.96	-27.96	3
1359016862453	1359016862453	-33.12	-15.96	-27.84	3
1359016862509	1359016862509	-32.88	-16.14	-27.96	3
1359016862531	1359016862531	-32.76	-16.26	-28.08	3
1359016862567	1359016862567	-32.52	-16.32	-27.9	3
1359016862591	1359016862591	-32.28	-16.56	-27.84	3
1359016862617	1359016862617	-32.1	-16.68	-27.9	3
1359016862640	1359016862640	-31.74	-16.74	-27.96	3
1359016862675	1359016862675	-31.619999	-16.8	-28.14	3
1359016862695	1359016862695	-31.439999	-16.8	-28.32	3
1359016862706	1359016862706	-31.32	-16.8	-28.5	3
1359016862789	1359016862789	-31.14	-16.8	-28.8	3
1359016862801	1359016862801	-30.96	-16.74	-28.98	3
1359016862815	1359016862815	-30.9	-16.619999	-28.98	3
1359016862872	1359016862872	-30.779999	-16.44	-29.039999	3
1359016862884	1359016862884	-30.66	-16.56	-29.16	3
1359016862896	1359016862896	-30.599998	-16.68	-29.22	3
1359016862910	1359016862910	-30.539999	-16.74	-29.46	3
1359016862947	1359016862947	-30.48	-16.56	-29.46	3
1359016862960	1359016862960	-30.359999	-16.44	-29.58	3
1359016862972	1359016862972	-30.42	-16.32	-29.88	3
1359016863044	1359016863044	-30.359999	-16.199999	-30.119999	3
1359016863073	1359016863073	-30.24	-16.14	-30.3	3
1359016863105	1359016863105	-30.42	-16.02	-30.48	3
1359016863142	1359016863142	-30.42	-15.9	-30.48	3
1359016863154	1359016863154	-30.42	-15.839999	-30.42	3
1359016863165	1359016863165	-30.42	-15.66	-30.359999	3
1359016863177	1359016863177	-30.48	-15.599999	-30.359999	3
1359016863223	1359016863223	-30.599998	-15.36	-30.359999	3
1359016863235	1359016863235	-30.72	-15.179999	-30.359999	3
1359016863255	1359016863255	-30.84	-15.179999	-30.48	3
1359016863321	1359016863321	-30.96	-15.059999	-30.599998	3
1359016863346	1359016863346	-30.96	-14.88	-30.599998	3
1359016863357	1359016863357	-31.08	-14.7	-30.84	3
1359016863381	1359016863381	-31.26	-14.58	-30.9	3
1359016863392	1359016863392	-31.199999	-14.5199995	-30.779999	3
1359016863403	1359016863403	-31.019999	-14.5199995	-30.599998	3
1359016863415	1359016863415	-31.019999	-14.28	-30.599998	3
1359016863460	1359016863460	-31.08	-14.099999	-30.599998	3
1359016863470	1359016863470	-31.14	-13.92	-30.66	3
1359016863483	1359016863483	-31.019999	-13.74	-30.66	3
1359016863518	1359016863518	-31.08	-13.5	-30.9	3
1359016863531	1359016863531	-31.199999	-13.38	-30.96	3
1359016863571	1359016863571	-31.199999	-13.259999	-30.779999	3
1359016863603	1359016863603	-31.26	-13.38	-30.599998	3
1359016863614	1359016863614	-31.199999	-13.559999	-30.42	3
1359016863637	1359016863637	-31.26	-13.559999	-30.3	3
1359016863648	1359016863648	-31.26	-13.559999	-30.24	3
1359016863688	1359016863688	-31.38	-13.559999	-30.24	3
1359016863702	1359016863702	-31.26	-13.92	-30.0	3
1359016863727	1359016863727	-31.08	-14.219999	-29.88	3
1359016863771	1359016863771	-31.199999	-14.28	-29.88	3
1359016863834	1359016863834	-31.32	-14.5199995	-29.939999	3
1359016863845	1359016863845	-31.32	-14.88	-29.82	3
1359016863913	1359016863913	-31.26	-15.179999	-29.88	3
1359016863924	1359016863924	-31.08	-15.36	-29.699999	3
1359016863948	1359016863948	-31.019999	-15.839999	-29.699999	3
1359016863970	1359016863970	-30.96	-16.26	-29.58	3
1359016863991	1359016863991	-30.72	-16.619999	-29.58	3
1359016864002	1359016864002	-30.539999	-17.039999	-29.699999	3
1359016864013	1359016864013	-30.359999	-17.1	-29.82	3
1359016864089	1359016864089	-30.24	-17.16	-30.06	3
1359016864135	1359016864135	-30.119999	-17.279999	-30.179998	3
1359016864148	1359016864148	-30.0	-17.46	-30.179998	3
1359016864183	1359016864183	-29.88	-17.58	-30.3	3
1359016864194	1359016864194	-29.76	-17.34	-30.42	3
1359016864215	1359016864215	-29.939999	-17.22	-30.42	3
1359016864247	1359016864247	-29.82	-17.4	-30.48	3
1359016864269	1359016864269	-29.64	-17.279999	-30.599998	3
1359016864282	1359016864282	-29.76	-17.279999	-30.72	3
1359016864317	1359016864317	-29.76	-17.34	-30.66	3
1359016864393	1359016864393	-29.939999	-17.52	-30.72	3
1359016864414	1359016864414	-30.0	-17.4	-30.66	3
1359016864425	1359016864425	-30.119999	-17.4	-30.599998	3
1359016864462	1359016864462	-30.179998	-17.16	-30.539999	3
1359016864477	1359016864477	-30.24	-17.039999	-30.48	3
1359016864489	1359016864489	-30.42	-17.1	-30.48	3
1359016864530	1359016864530	-30.779999	-17.16	-30.42	3
1359016864563	1359016864563	-30.9	-17.16	-30.24	3
1359016864574	1359016864574	-31.019999	-16.98	-30.179998	3
1359016864626	1359016864626	-31.14	-16.92	-30.0	3
1359016864664	1359016864664	-31.26	-17.1	-29.76	3
1359016864687	1359016864687	-31.32	-17.22	-29.64	3
1359016864702	1359016864702	-31.5	-17.16	-29.46	3
1359016864757	1359016864757	-31.8	-17.22	-29.4	3
1359016864769	1359016864769	-31.92	-17.22	-29.279999	3
1359016864805	1359016864805	-32.16	-17.279999	-29.099998	3
1359016864827	1359016864827	-32.219997	-17.279999	-28.859999	3
1359016864847	1359016864847	-32.28	-17.46	-28.8	3
1359016864887	1359016864887	-32.219997	-17.64	-28.74	3
1359016864907	1359016864907	-32.399998	-17.82	-28.619999	3
1359016864943	1359016864943	-32.76	-17.94	-28.5	3
1359016864970	1359016864970	-32.82	-17.94	-28.199999	3
1359016864982	1359016864982	-32.7	-18.06	-27.84	3
1359016865042	1359016865042	-32.76	-18.24	-27.539999	3
1359016865053	1359016865053	-32.82	-18.539999	-27.359999	3
1359016865073	1359016865073	-32.94	-18.96	-27.24	3
1359016865138	1359016865138	-33.059998	-19.14	-27.06	3
1359016865160	1359016865160	-33.059998	-19.32	-26.82	3
1359016865173	1359016865173	-33.059998	-19.68	-26.46	3
1359016865196	1359016865196	-32.94	-19.98	-26.16	3
1359016865231	1359016865231	-32.76	-20.16	-25.8	3
1359016865265	1359016865265	-32.7	-20.34	-25.56	3
1359016865276	1359016865276	-32.64	-20.699999	-25.38	3
1359016865309	1359016865309	-32.579998	-20.82	-25.199999	3
1359016865322	1359016865322	-32.34	-21.119999	-25.08	3
1359016865333	1359016865333	-32.16	-21.6	-24.96	3
1359016865404	1359016865404	-31.74	-21.84	-24.9	3
1359016865426	1359016865426	-31.439999	-22.32	-24.9	3
1359016865437	1359016865437	-31.38	-22.68	-25.019999	3
1359016865487	1359016865487	-31.26	-22.98	-25.14	3
1359016865498	1359016865498	-31.019999	-23.22	-25.08	3
1359016865509	1359016865509	-30.72	-23.279999	-25.14	3
1359016865520	1359016865520	-30.42	-23.519999	-25.32	3
1359016865554	1359016865554	-30.119999	-23.699999	-25.56	3
1359016865575	1359016865575	-29.939999	-23.699999	-25.8	3
1359016865588	1359016865588	-29.82	-23.64	-25.92	3
1359016865642	1359016865642	-29.82	-23.76	-26.039999	3
1359016865667	1359016865667	-29.699999	-23.76	-26.34	3
1359016865678	1359016865678	-29.519999	-23.64	-26.58	3
1359016865711	1359016865711	-29.46	-23.519999	-26.64	3
1359016865721	1359016865721	-29.519999	-23.46	-26.76	3
1359016865735	1359016865735	-29.519999	-23.16	-26.82	3
1359016865753	1359016865753	-29.64	-23.1	-26.76	3
1359016865780	1359016865780	-29.88	-22.92	-26.88	3
1359016865793	1359016865793	-29.939999	-22.619999	-26.82	3
1359016865826	1359016865826	-29.939999	-22.439999	-26.88	3
1359016865860	1359016865860	-30.0	-22.14	-27.0	3
1359016865872	1359016865872	-30.359999	-21.9	-26.939999	3
1359016865911	1359016865911	-30.599998	-21.539999	-26.88	3
1359016865945	1359016865945	-31.019999	-21.18	-26.76	3
1359016865957	1359016865957	-31.199999	-20.88	-27.0	3
1359016865969	1359016865969	-31.439999	-20.46	-27.0	3
1359016865997	1359016865997	-31.679998	-20.16	-26.939999	3
1359016866035	1359016866035	-31.859999	-19.859999	-26.88	3
1359016866059	1359016866059	-32.1	-19.619999	-26.82	3
1359016866073	1359016866073	-32.52	-19.5	-26.88	3
1359016866107	1359016866107	-32.76	-19.08	-26.76	3
1359016866118	1359016866118	-33.0	-18.9	-26.82	3
1359016866129	1359016866129	-33.239998	-18.539999	-26.88	3
1359016866193	1359016866193	-33.36	-18.359999	-26.939999	3
1359016866206	1359016866206	-33.54	-18.18	-27.0	3
1359016866231	1359016866231	-33.84	-18.0	-27.06	3
1359016866254	1359016866254	-33.96	-17.88	-27.119999	3
1359016866290	1359016866290	-33.96	-17.88	-27.06	3
1359016866301	1359016866301	-34.079998	-17.76	-27.0	3
1359016866312	1359016866312	-34.079998	-17.76	-26.939999	3
1359016866344	1359016866344	-34.2	-17.88	-26.76	3
1359016866354	1359016866354	-34.14	-18.18	-26.64	3
1359016866366	1359016866366	-34.2	-18.42	-26.58	3
1359016866442	1359016866442	-34.2	-18.66	-26.279999	3
1359016866463	1359016866463	-34.14	-18.779999	-26.22	3
1359016866475	1359016866475	-33.96	-18.9	-26.039999	3
1359016866505	1359016866505	-33.96	-19.14	-25.92	3
1359016866536	1359016866536	-33.899998	-19.26	-25.68	3
1359016866557	1359016866557	-33.719997	-19.56	-25.56	3
1359016866569	1359016866569	-33.48	-19.68	-25.32	3
1359016866615	1359016866615	-33.239998	-19.98	-25.199999	3
1359016866637	1359016866637	-33.059998	-20.22	-25.199999	3
1359016866688	1359016866688	-32.88	-20.46	-25.019999	3
1359016866721	1359016866721	-32.579998	-20.76	-24.96	3
1359016866742	1359016866742	-32.46	-21.119999	-24.9	3
1359016866753	1359016866753	-32.219997	-21.359999	-25.019999	3
1359016866776	1359016866776	-31.859999	-21.48	-24.96	3
1359016866809	1359016866809	-31.619999	-21.66	-25.019999	3
1359016866822	1359016866822	-31.38	-21.66	-25.14	3
1359016866844	1359016866844	-31.08	-21.779999	-25.38	3
1359016866877	1359016866877	-30.96	-21.779999	-25.439999	3
1359016866917	1359016866917	-30.84	-21.779999	-25.68	3
1359016866927	1359016866927	-30.66	-21.72	-25.92	3
1359016866948	1359016866948	-30.48	-21.72	-26.279999	3
1359016866958	1359016866958	-30.539999	-21.66	-26.519999	3
1359016866968	1359016866968	-30.359999	-21.72	-26.82	3
1359016866991	1359016866991	-30.3	-21.779999	-26.82	3
1359016867028	1359016867028	-30.179998	-21.72	-26.82	3
1359016867049	1359016867049	-30.24	-21.66	-27.0	3
1359016867082	1359016867082	-30.119999	-21.18	-27.42	3
1359016867102	1359016867102	-30.179998	-20.939999	-27.48	3
1359016867113	1359016867113	-30.359999	-20.76	-27.66	3
1359016867205	1359016867205	-30.48	-20.46	-27.84	3
1359016867217	1359016867217	-30.359999	-20.279999	-27.9	3
1359016867260	1359016867260	-30.72	-19.98	-28.019999	3
1359016867291	1359016867291	-30.84	-19.74	-28.14	3
1359016867316	1359016867316	-30.779999	-19.38	-28.14	3
1359016867326	1359016867326	-30.779999	-19.08	-28.14	3
1359016867355	1359016867355	-31.019999	-18.9	-28.08	3
1359016867376	1359016867376	-31.14	-18.539999	-28.14	3
1359016867386	1359016867386	-31.5	-18.24	-28.14	3
1359016867426	1359016867426	-31.74	-18.0	-28.199999	3
1359016867481	1359016867481	-31.8	-17.699999	-28.26	3
1359016867491	1359016867491	-31.92	-17.58	-28.14	3
1359016867514	1359016867514	-32.219997	-17.46	-28.199999	3
1359016867554	1359016867554	-32.28	-17.22	-28.26	3
1359016867574	1359016867574	-32.34	-17.039999	-28.26	3
1359016867584	1359016867584	-32.399998	-16.92	-28.38	3
1359016867603	1359016867603	-32.46	-16.68	-28.38	3
1359016867663	1359016867663	-32.7	-16.619999	-28.26	3
1359016867699	1359016867699	-32.52	-16.38	-28.199999	3
1359016867709	1359016867709	-32.7	-16.32	-28.26	3
1359016867756	1359016867756	-32.7	-16.44	-28.32	3
1359016867768	1359016867768	-32.82	-16.56	-28.26	3
1359016867791	1359016867791	-32.76	-16.619999	-28.14	3
1359016867822	1359016867822	-32.579998	-16.8	-28.08	3
1359016867842	1359016867842	-32.46	-16.98	-27.9	3
1359016867853	1359016867853	-32.399998	-17.1	-27.9	3
1359016867908	1359016867908	-32.34	-17.4	-27.779999	3
1359016867941	1359016867941	-32.219997	-17.58	-27.9	3
1359016867954	1359016867954	-31.92	-17.64	-27.84	3
1359016867964	1359016867964	-31.74	-18.0	-27.72	3
1359016867995	1359016867995	-31.5	-18.24	-27.66	3
1359016868006	1359016868006	-31.26	-18.48	-27.66	3
1359016868016	1359016868016	-31.14	-18.84	-27.539999	3
1359016868046	1359016868046	-31.019999	-18.96	-27.72	3
1359016868069	1359016868069	-30.84	-19.439999	-27.84	3
1359016868083	1359016868083	-30.48	-19.8	-27.779999	3
1359016868116	1359016868116	-30.3	-19.98	-27.779999	3
1359016868159	1359016868159	-30.0	-20.16	-27.779999	3
1359016868169	1359016868169	-29.699999	-20.22	-27.9	3
1359016868180	1359016868180	-29.699999	-20.34	-28.019999	3
1359016868216	1359016868216	-29.46	-20.4	-28.26	3
1359016868227	1359016868227	-29.279999	-20.34	-28.38	3
1359016868260	1359016868260	-29.16	-20.22	-28.5	3
1359016868294	1359016868294	-29.16	-20.039999	-28.56	3
1359016868307	1359016868307	-28.98	-19.98	-28.8	3
1359016868318	1359016868318	-28.92	-19.859999	-28.8	3
1359016868353	1359016868353	-29.039999	-19.92	-28.98	3
1359016868364	1359016868364	-28.98	-19.859999	-29.039999	3
1359016868405	1359016868405	-28.92	-19.74	-29.16	3
1359016868416	1359016868416	-28.859999	-19.68	-29.22	3
1359016868472	1359016868472	-28.92	-19.439999	-29.22	3
1359016868483	1359016868483	-29.039999	-19.26	-29.34	3
1359016868494	1359016868494	-29.099998	-19.02	-29.279999	3
1359016868531	1359016868531	-29.34	-18.84	-29.279999	3
1359016868541	1359016868541	-29.519999	-18.66	-29.34	3
1359016868575	1359016868575	-29.519999	-18.539999	-29.34	3
1359016868597	1359016868597	-29.82	-18.119999	-29.039999	3
1359016868665	1359016868665	-30.0	-18.06	-29.039999	3
1359016868675	1359016868675	-30.119999	-18.0	-28.98	3
1359016868689	1359016868689	-30.359999	-18.0	-28.8	3
1359016868705	1359016868705	-30.48	-17.94	-28.74	3
1359016868729	1359016868729	-30.599998	-17.699999	-28.74	3
1359016868742	1359016868742	-30.66	-17.64	-28.439999	3
1359016868755	1359016868755	-30.779999	-17.52	-28.439999	3
1359016868806	1359016868806	-30.84	-17.46	-28.32	3
1359016868817	1359016868817	-31.08	-17.4	-28.08	3
1359016868866	1359016868866	-31.199999	-17.4	-27.9	3
1359016868918	1359016868918	-31.32	-17.46	-27.779999	3
1359016868930	1359016868930	-31.32	-17.46	-27.539999	3
1359016868977	1359016868977	-31.32	-17.64	-27.24	3
1359016868988	1359016868988	-31.38	-17.76	-27.0	3
1359016869023	1359016869023	-31.38	-17.82	-26.82	3
1359016869034	1359016869034	-31.199999	-17.94	-26.939999	3
1359016869065	1359016869065	-31.019999	-18.06	-26.76	3
1359016869075	1359016869075	-30.84	-18.06	-26.64	3
1359016869089	1359016869089	-30.66	-18.119999	-26.519999	3
1359016869124	1359016869124	-30.66	-18.24	-26.519999	3
1359016869167	1359016869167	-30.42	-18.42	-26.4	3
1359016869181	1359016869181	-30.42	-18.66	-26.519999	3
1359016869227	1359016869227	-30.359999	-18.6	-26.4	3
1359016869237	1359016869237	-30.119999	-18.72	-26.34	3
1359016869249	1359016869249	-29.939999	-18.9	-26.22	3
1359016869265	1359016869265	-29.699999	-18.96	-26.279999	3
1359016869297	1359016869297	-29.46	-18.9	-26.46	3
1359016869307	1359016869307	-29.16	-18.9	-26.58	3
1359016869320	1359016869320	-28.98	-18.72	-26.699999	3
1359016869354	1359016869354	-28.8	-18.72	-26.82	3
1359016869420	1359016869420	-28.56	-18.72	-27.06	3
1359016869432	1359016869432	-28.56	-18.72	-27.119999	3
1359016869476	1359016869476	-28.56	-18.539999	-27.42	3
1359016869489	1359016869489	-28.56	-18.539999	-27.599998	3
1359016869512	1359016869512	-28.5	-18.48	-27.779999	3
1359016869523	1359016869523	-28.32	-18.359999	-27.84	3
1359016869567	1359016869567	-28.199999	-18.24	-27.9	3
1359016869577	1359016869577	-28.199999	-18.06	-28.019999	3
1359016869610	1359016869610	-28.08	-18.06	-28.14	3
1359016869675	1359016869675	-28.14	-17.88	-28.38	3
1359016869698	1359016869698	-28.019999	-17.64	-28.619999	3
1359016869712	1359016869712	-28.019999	-17.52	-28.619999	3
1359016869758	1359016869758	-28.019999	-17.46	-28.8	3
1359016869769	1359016869769	-28.14	-17.279999	-28.98	3
1359016869791	1359016869791	-28.32	-17.279999	-29.16	3
1359016869825	1359016869825	-28.439999	-17.039999	-29.16	3
1359016869859	1359016869859	-28.619999	-16.8	-29.039999	3
1359016869869	1359016869869	-28.74	-16.8	-29.039999	3
1359016869924	1359016869924	-28.74	-16.74	-28.8	3
1359016869946	1359016869946	-28.92	-16.74	-28.619999	3
1359016869969	1359016869969	-29.039999	-16.5	-28.439999	3
1359016869979	1359016869979	-29.279999	-16.44	-28.26	3
1359016870012	1359016870012	-29.699999	-16.26	-28.14	3
1359016870023	1359016870023	-29.939999	-16.199999	-28.019999	3
1359016870061	1359016870061	-30.119999	-16.14	-27.96	3
1359016870095	1359016870095	-30.42	-16.08	-27.779999	3
1359016870120	1359016870120	-30.539999	-16.02	-27.72	3
1359016870161	1359016870161	-30.599998	-15.96	-27.72	3
1359016870174	1359016870174	-30.84	-15.9	-27.539999	3
1359016870206	1359016870206	-30.84	-15.96	-27.42	3
1359016870217	1359016870217	-30.84	-15.839999	-27.359999	3
1359016870228	1359016870228	-30.84	-15.96	-27.3	3
1359016870260	1359016870260	-30.84	-16.02	-27.24	3
1359016870273	1359016870273	-30.72	-16.02	-27.06	3
1359016870284	1359016870284	-30.779999	-16.199999	-27.06	3
1359016870341	1359016870341	-30.84	-16.14	-27.0	3
1359016870355	1359016870355	-30.84	-16.26	-26.939999	3
1359016870374	1359016870374	-30.779999	-16.32	-27.0	3
1359016870385	1359016870385	-30.599998	-16.5	-27.18	3
1359016870451	1359016870451	-30.359999	-16.44	-27.18	3
1359016870474	1359016870474	-30.179998	-16.5	-26.88	3
1359016870485	1359016870485	-30.0	-16.619999	-26.939999	3
1359016870519	1359016870519	-29.88	-16.74	-26.88	3
1359016870532	1359016870532	-29.82	-16.8	-26.88	3
1359016870542	1359016870542	-29.64	-16.8	-26.939999	3
1359016870579	1359016870579	-29.519999	-16.8	-27.0	3
1359016870589	1359016870589	-29.46	-16.859999	-26.939999	3
1359016870600	1359016870600	-29.279999	-16.859999	-27.06	3
1359016870622	1359016870622	-29.099998	-16.859999	-27.24	3
1359016870683	1359016870683	-28.98	-16.859999	-27.599998	3
1359016870694	1359016870694	-28.8	-16.859999	-27.72	3
1359016870705	1359016870705	-28.5	-16.859999	-27.9	3
1359016870740	1359016870740	-28.26	-16.92	-28.14	3
1359016870751	1359016870751	-28.019999	-16.92	-28.439999	3
1359016870762	1359016870762	-27.779999	-16.98	-28.5	3
1359016870788	1359016870788	-27.779999	-16.98	-28.619999	3
1359016870810	1359016870810	-27.599998	-17.1	-28.8	3
1359016870821	1359016870821	-27.42	-17.1	-28.859999	3
1359016870831	1359016870831	-27.42	-16.92	-29.039999	3
1359016870863	1359016870863	-27.359999	-16.98	-29.22	3
1359016870874	1359016870874	-27.24	-16.92	-29.22	3
1359016870885	1359016870885	-27.119999	-17.039999	-29.279999	3
1359016870952	1359016870952	-27.0	-16.98	-29.58	3
1359016870972	1359016870972	-27.06	-16.92	-29.76	3
1359016870998	1359016870998	-27.06	-16.8	-29.939999	3
1359016871030	1359016871030	-27.06	-16.74	-29.88	3
1359016871041	1359016871041	-27.24	-16.44	-30.119999	3
1359016871069	1359016871069	-27.42	-16.32	-30.3	3
1359016871080	1359016871080	-27.599998	-16.08	-30.3	3
1359016871126	1359016871126	-27.779999	-16.02	-30.359999	3
1359016871138	1359016871138	-27.779999	-15.78	-30.359999	3
1359016871181	1359016871181	-27.66	-15.599999	-30.359999	3
1359016871229	1359016871229	-27.779999	-15.36	-30.599998	3
1359016871251	1359016871251	-27.779999	-15.12	-30.66	3
1359016871262	1359016871262	-27.72	-15.12	-30.72	3
1359016871310	1359016871310	-27.72	-14.88	-30.9	3
1359016871323	1359016871323	-27.66	-14.759999	-31.019999	3
1359016871347	1359016871347	-27.66	-14.58	-30.96	3
1359016871357	1359016871357	-27.599998	-14.46	-30.96	3
1359016871444	1359016871444	-27.779999	-14.099999	-30.84	3
1359016871465	1359016871465	-27.9	-13.86	-30.84	3
1359016871486	1359016871486	-27.84	-13.86	-30.779999	3
1359016871496	1359016871496	-27.84	-13.74	-30.66	3
1359016871507	1359016871507	-27.9	-13.679999	-30.66	3
1359016871530	1359016871530	-28.08	-13.74	-30.539999	3
1359016871543	1359016871543	-28.199999	-13.799999	-30.48	3
1359016871564	1359016871564	-28.38	-13.86	-30.42	3
1359016871611	1359016871611	-28.439999	-14.099999	-30.3	3
1359016871621	1359016871621	-28.5	-14.28	-30.119999	3
1359016871632	1359016871632	-28.619999	-14.46	-30.119999	3
1359016871683	1359016871683	-28.74	-14.639999	-30.0	3
1359016871715	1359016871715	-28.859999	-14.88	-29.939999	3
1359016871739	1359016871739	-28.859999	-15.12	-29.88	3
1359016871753	1359016871753	-29.099998	-15.42	-29.82	3
1359016871802	1359016871802	-29.16	-15.78	-29.88	3
1359016871825	1359016871825	-29.039999	-15.96	-29.58	3
1359016871846	1359016871846	-28.859999	-16.199999	-29.519999	3
1359016871878	1359016871878	-28.74	-16.38	-29.58	3
1359016871936	1359016871936	-28.56	-16.56	-29.58	3
1359016871953	1359016871953	-28.439999	-16.74	-29.64	3
1359016871979	1359016871979	-28.14	-16.74	-29.82	3
1359016872014	1359016872014	-27.96	-16.74	-29.939999	3
1359016872037	1359016872037	-27.9	-16.74	-30.119999	3
1359016872059	1359016872059	-27.779999	-16.8	-30.24	3
1359016872092	1359016872092	-27.66	-16.619999	-30.599998	3
1359016872103	1359016872103	-27.599998	-16.5	-30.84	3
1359016872125	1359016872125	-27.48	-16.44	-30.9	3
1359016872192	1359016872192	-27.359999	-16.32	-30.96	3
1359016872215	1359016872215	-27.359999	-16.199999	-31.08	3
1359016872235	1359016872235	-27.06	-16.08	-31.32	3
1359016872267	1359016872267	-26.939999	-15.9	-31.38	3
1359016872311	1359016872311	-26.88	-15.9	-31.619999	3
1359016872332	1359016872332	-27.0	-15.9	-31.8	3
1359016872343	1359016872343	-27.06	-15.78	-31.92	3
1359016872391	1359016872391	-27.119999	-15.78	-32.1	3
1359016872402	1359016872402	-27.18	-15.719999	-32.16	3
1359016872442	1359016872442	-27.24	-15.66	-32.04	3
1359016872481	1359016872481	-27.359999	-15.48	-32.16	3
1359016872493	1359016872493	-27.42	-15.42	-32.16	3
1359016872516	1359016872516	-27.599998	-15.42	-32.28	3
1359016872549	1359016872549	-27.9	-15.36	-32.16	3
1359016872567	1359016872567	-28.08	-15.42	-31.98	3
1359016872580	1359016872580	-28.199999	-15.48	-31.92	3
1359016872597	1359016872597	-28.439999	-15.54	-31.92	3
1359016872633	1359016872633	-28.619999	-15.599999	-31.859999	3
1359016872657	1359016872657	-29.039999	-15.54	-31.619999	3
1359016872668	1359016872668	-29.22	-15.54	-31.56	3
1359016872744	1359016872744	-29.46	-15.599999	-31.619999	3
1359016872754	1359016872754	-29.58	-15.66	-31.74	3
1359016872767	1359016872767	-29.82	-15.66	-31.619999	3
1359016872805	1359016872805	-30.06	-15.599999	-31.56	3
1359016872816	1359016872816	-30.179998	-15.599999	-31.439999	3
1359016872827	1359016872827	-30.3	-15.599999	-31.56	3
1359016872839	1359016872839	-30.42	-15.719999	-31.5	3
1359016872872	1359016872872	-30.539999	-15.839999	-31.439999	3
1359016872898	1359016872898	-30.72	-15.78	-31.38	3
1359016872910	1359016872910	-30.779999	-15.9	-31.26	3
1359016872972	1359016872972	-30.9	-15.839999	-31.14	3
1359016872983	1359016872983	-31.08	-15.96	-31.14	3
1359016872994	1359016872994	-31.08	-15.96	-31.08	3
1359016873020	1359016873020	-31.199999	-15.96	-31.019999	3
1359016873042	1359016873042	-31.199999	-16.08	-31.08	3
1359016873054	1359016873054	-31.32	-16.32	-31.14	3
1359016873099	1359016873099	-31.38	-16.32	-31.14	3
1359016873131	1359016873131	-31.439999	-16.32	-30.96	3
1359016873162	1359016873162	-31.32	-16.44	-30.96	3
1359016873202	1359016873202	-31.26	-16.74	-30.84	3
1359016873239	1359016873239	-31.199999	-16.98	-30.96	3
1359016873250	1359016873250	-31.08	-17.279999	-31.019999	3
1359016873263	1359016873263	-31.08	-17.46	-31.08	3
1359016873297	1359016873297	-31.08	-17.58	-31.14	3
1359016873328	1359016873328	-30.84	-17.76	-31.26	3
1359016873339	1359016873339	-30.72	-17.94	-31.38	3
1359016873365	1359016873365	-30.539999	-17.94	-31.5	3
1359016873399	1359016873399	-30.359999	-17.82	-31.8	3
1359016873453	1359016873453	-30.3	-17.94	-31.98	3
1359016873463	1359016873463	-30.3	-17.94	-32.28	3
1359016873508	1359016873508	-30.0	-17.82	-32.46	3
1359016873524	1359016873524	-29.939999	-17.52	-32.52	3
1359016873547	1359016873547	-29.82	-17.1	-32.52	3
1359016873569	1359016873569	-29.58	-16.98	-32.64	3
1359016873580	1359016873580	-29.58	-16.98	-32.82	3
1359016873596	1359016873596	-29.519999	-16.92	-33.0	3
1359016873608	1359016873608	-29.58	-16.74	-33.12	3
1359016873645	1359016873645	-29.699999	-16.38	-33.18	3
1359016873657	1359016873657	-29.76	-16.08	-33.36	3
1359016873668	1359016873668	-29.76	-15.839999	-33.6	3
1359016873753	1359016873753	-29.82	-15.42	-33.78	3
1359016873764	1359016873764	-29.939999	-15.0	-33.899998	3
1359016873781	1359016873781	-30.179998	-14.759999	-34.079998	3
1359016873824	1359016873824	-30.24	-14.5199995	-34.079998	3
1359016873838	1359016873838	-30.359999	-14.04	-34.14	3
1359016873851	1359016873851	-30.48	-13.799999	-34.32	3
1359016873861	1359016873861	-30.72	-13.679999	-34.5	3
1359016873896	1359016873896	-30.779999	-13.44	-34.5	3
1359016873917	1359016873917	-30.9	-13.679999	-34.62	3
1359016873977	1359016873977	-31.38	-13.38	-34.86	3
1359016873988	1359016873988	-31.56	-13.0199995	-34.92	3
1359016873998	1359016873998	-31.619999	-12.9	-35.04	3
1359016874030	1359016874030	-31.619999	-12.84	-34.98	3
1359016874043	1359016874043	-31.92	-12.719999	-34.86	3
1359016874089	1359016874089	-32.219997	-12.599999	-34.86	3
1359016874115	1359016874115	-32.399998	-12.54	-34.739998	3
1359016874127	1359016874127	-32.399998	-12.42	-34.62	3
1359016874137	1359016874137	-32.46	-12.48	-34.68	3
1359016874170	1359016874170	-32.7	-12.42	-34.68	3
1359016874180	1359016874180	-32.88	-12.42	-34.5	3
1359016874190	1359016874190	-33.0	-12.3	-34.26	3
1359016874255	1359016874255	-33.12	-12.48	-34.14	3
1359016874282	1359016874282	-33.239998	-12.48	-34.02	3
1359016874293	1359016874293	-33.36	-12.599999	-33.84	3
1359016874330	1359016874330	-33.48	-12.599999	-33.66	3
1359016874340	1359016874340	-33.54	-12.96	-33.54	3
1359016874351	1359016874351	-33.719997	-13.139999	-33.36	3
1359016874361	1359016874361	-33.719997	-13.32	-33.3	3
1359016874393	1359016874393	-33.78	-13.38	-33.3	3
1359016874413	1359016874413	-33.78	-13.799999	-33.12	3
1359016874433	1359016874433	-33.54	-14.219999	-32.88	3
1359016874498	1359016874498	-33.36	-14.58	-32.88	3
1359016874508	1359016874508	-33.3	-15.12	-32.82	3
1359016874520	1359016874520	-33.239998	-15.54	-32.64	3
1359016874543	1359016874543	-33.18	-15.96	-32.399998	3
1359016874553	1359016874553	-33.0	-16.38	-32.399998	3
1359016874563	1359016874563	-32.88	-16.68	-32.46	3
1359016874573	1359016874573	-32.82	-17.039999	-32.579998	3
1359016874623	1359016874623	-32.64	-17.22	-32.76	3
1359016874635	1359016874635	-32.46	-17.46	-32.76	3
1359016874647	1359016874647	-32.34	-17.46	-32.88	3
1359016874684	1359016874684	-32.219997	-17.34	-32.94	3
1359016874695	1359016874695	-32.16	-17.279999	-33.12	3
1359016874735	1359016874735	-32.16	-17.22	-33.18	3
1359016874766	1359016874766	-32.16	-17.22	-33.36	3
1359016874778	1359016874778	-32.04	-17.34	-33.48	3
1359016874800	1359016874800	-32.04	-17.4	-33.48	3
1359016874812	1359016874812	-32.16	-17.4	-33.6	3
1359016874836	1359016874836	-32.16	-17.22	-33.719997	3
1359016874849	1359016874849	-32.219997	-17.039999	-33.719997	3
1359016874859	1359016874859	-32.28	-16.98	-33.84	3
1359016874881	1359016874881	-32.219997	-16.92	-33.84	3
1359016874893	1359016874893	-32.34	-16.859999	-34.02	3
1359016874903	1359016874903	-32.46	-16.619999	-34.02	3
1359016874975	1359016874975	-32.579998	-16.619999	-33.96	3
1359016874986	1359016874986	-32.82	-16.44	-34.2	3
1359016874995	1359016874995	-32.88	-16.44	-34.14	3
1359016875005	1359016875005	-33.059998	-16.44	-34.02	3
1359016875038	1359016875038	-33.239998	-16.44	-33.96	3
1359016875051	1359016875051	-33.3	-16.38	-33.78	3
1359016875061	1359016875061	-33.42	-16.32	-33.54	3
1359016875096	1359016875096	-33.48	-16.02	-33.42	3
1359016875117	1359016875117	-33.6	-15.839999	-33.54	3
1359016875127	1359016875127	-33.78	-15.719999	-33.48	3
1359016875158	1359016875158	-33.84	-15.78	-33.36	3
1359016875167	1359016875167	-33.899998	-15.78	-33.42	3
1359016875206	1359016875206	-33.899998	-15.78	-33.239998	3
1359016875252	1359016875252	-34.2	-15.54	-33.18	3
1359016875264	1359016875264	-34.26	-15.54	-33.059998	3
1359016875276	1359016875276	-34.26	-15.54	-32.88	3
1359016875296	1359016875296	-34.38	-15.42	-32.64	3
1359016875330	1359016875330	-34.44	-15.299999	-32.46	3
1359016875345	1359016875345	-34.559998	-15.299999	-32.399998	3
1359016875354	1359016875354	-34.68	-15.179999	-32.28	3
1359016875386	1359016875386	-34.739998	-15.179999	-32.16	3
1359016875395	1359016875395	-34.86	-15.42	-32.16	3
1359016875411	1359016875411	-34.98	-15.48	-32.1	3
1359016875473	1359016875473	-35.219997	-15.719999	-31.859999	3
1359016875496	1359016875496	-35.34	-15.9	-31.56	3
1359016875505	1359016875505	-35.34	-16.02	-31.199999	3
1359016875517	1359016875517	-35.399998	-16.14	-30.96	3
1359016875553	1359016875553	-35.399998	-16.199999	-30.779999	3
1359016875563	1359016875563	-35.28	-16.32	-30.66	3
1359016875573	1359016875573	-35.219997	-16.619999	-30.72	3
1359016875606	1359016875606	-35.16	-16.859999	-30.359999	3
1359016875624	1359016875624	-35.1	-17.279999	-30.3	3
1359016875646	1359016875646	-34.8	-17.64	-30.3	3
1359016875711	1359016875711	-34.68	-17.94	-30.119999	3
1359016875722	1359016875722	-34.5	-18.3	-30.06	3
1359016875732	1359016875732	-34.26	-18.72	-30.119999	3
1359016875743	1359016875743	-34.02	-18.9	-30.119999	3
1359016875774	1359016875774	-33.84	-19.08	-30.0	3
1359016875783	1359016875783	-33.54	-19.26	-30.0	3
1359016875793	1359016875793	-33.12	-19.5	-30.119999	3
1359016875839	1359016875839	-32.76	-19.619999	-30.359999	3
1359016875850	1359016875850	-32.579998	-19.8	-30.539999	3
1359016875859	1359016875859	-32.399998	-19.98	-30.9	3
1359016875902	1359016875902	-32.34	-20.039999	-30.96	3
1359016875942	1359016875942	-32.34	-20.1	-31.08	3
1359016875952	1359016875952	-32.219997	-20.22	-30.96	3
1359016875962	1359016875962	-32.16	-20.279999	-31.08	3
1359016875993	1359016875993	-32.219997	-20.22	-31.14	3
1359016876014	1359016876014	-32.219997	-20.039999	-31.199999	3
1359016876025	1359016876025	-32.28	-20.039999	-31.439999	3
1359016876063	1359016876063	-32.34	-19.92	-31.439999	3
1359016876074	1359016876074	-32.46	-19.68	-31.439999	3
1359016876086	1359016876086	-32.52	-19.56	-31.439999	3
1359016876121	1359016876121	-32.52	-19.38	-31.619999	3
1359016876131	1359016876131	-32.579998	-19.26	-31.8	3
1359016876140	1359016876140	-32.88	-18.9	-31.98	3
1359016876191	1359016876191	-33.0	-18.6	-31.92	3
1359016876210	1359016876210	-33.059998	-18.24	-31.98	3
1359016876221	1359016876221	-33.12	-17.88	-31.98	3
1359016876230	1359016876230	-33.059998	-17.76	-32.04	3
1359016876265	1359016876265	-33.059998	-17.64	-32.1	3
1359016876279	1359016876279	-33.059998	-17.279999	-32.219997	3
1359016876290	1359016876290	-33.059998	-17.039999	-32.28	3
1359016876313	1359016876313	-33.0	-16.98	-32.16	3
1359016876334	1359016876334	-33.059998	-16.92	-32.28	3
1359016876350	1359016876350	-33.059998	-16.92	-32.219997	3
1359016876360	1359016876360	-32.94	-16.859999	-32.28	3
1359016876390	1359016876390	-32.82	-16.92	-32.219997	3
1359016876439	1359016876439	-32.94	-16.8	-32.28	3
1359016876450	1359016876450	-33.0	-16.68	-32.34	3
1359016876486	1359016876486	-33.18	-16.5	-32.28	3
1359016876497	1359016876497	-33.18	-16.44	-32.04	3
1359016876520	1359016876520	-33.3	-16.32	-31.98	3
1359016876552	1359016876552	-33.36	-16.32	-31.859999	3
1359016876563	1359016876563	-33.6	-16.38	-31.74	3
1359016876574	1359016876574	-33.66	-16.14	-31.619999	3
1359016876588	1359016876588	-33.899998	-16.14	-31.5	3
1359016876622	1359016876622	-34.2	-16.199999	-31.32	3
1359016876633	1359016876633	-34.26	-16.199999	-31.26	3
1359016876644	1359016876644	-34.44	-16.14	-31.26	3
1359016876720	1359016876720	-34.559998	-16.14	-31.019999	3
1359016876733	1359016876733	-34.739998	-16.08	-30.9	3
1359016876743	1359016876743	-34.92	-15.96	-30.84	3
1359016876777	1359016876777	-35.16	-15.839999	-30.84	3
1359016876788	1359016876788	-35.219997	-15.9	-30.66	3
1359016876802	1359016876802	-35.34	-15.9	-30.42	3
1359016876841	1359016876841	-35.28	-15.96	-30.3	3
1359016876852	1359016876852	-35.1	-16.199999	-30.42	3
1359016876879	1359016876879	-35.1	-16.44	-30.42	3
1359016876892	1359016876892	-35.1	-16.56	-30.359999	3
1359016876959	1359016876959	-35.04	-16.619999	-30.179998	3
1359016876970	1359016876970	-34.98	-16.8	-30.179998	3
1359016876983	1359016876983	-34.8	-16.8	-30.24	3
1359016877019	1359016877019	-34.559998	-16.74	-30.179998	3
1359016877030	1359016877030	-34.38	-16.619999	-30.359999	3
1359016877043	1359016877043	-34.26	-16.619999	-30.42	3
1359016877086	1359016877086	-34.079998	-16.44	-30.66	3
1359016877097	1359016877097	-33.84	-16.44	-30.779999	3
1359016877111	1359016877111	-33.66	-16.38	-30.96	3
1359016877125	1359016877125	-33.48	-16.619999	-31.019999	3
1359016877150	1359016877150	-33.3	-16.619999	-31.14	3
1359016877163	1359016877163	-33.0	-16.74	-31.26	3
1359016877175	1359016877175	-32.76	-16.74	-31.38	3
1359016877239	1359016877239	-32.88	-16.68	-31.26	3
1359016877263	1359016877263	-32.94	-16.56	-31.38	3
1359016877276	1359016877276	-33.0	-16.32	-31.439999	3
1359016877314	1359016877314	-32.88	-16.26	-31.679998	3
1359016877325	1359016877325	-32.94	-16.02	-31.8	3
1359016877338	1359016877338	-33.12	-15.9	-31.74	3
1359016877350	1359016877350	-33.3	-15.839999	-31.92	3
1359016877387	1359016877387	-33.54	-15.66	-31.92	3
1359016877398	1359016877398	-33.719997	-15.48	-31.92	3
1359016877420	1359016877420	-34.079998	-15.42	-31.679998	3
1359016877481	1359016877481	-34.32	-15.299999	-31.56	3
1359016877492	1359016877492	-34.44	-15.179999	-31.38	3
1359016877516	1359016877516	-34.68	-15.0	-31.38	3
1359016877540	1359016877540	-34.86	-14.7	-31.32	3
1359016877552	1359016877552	-35.04	-14.4	-31.32	3
1359016877569	1359016877569	-35.34	-14.28	-31.26	3
1359016877587	1359016877587	-35.46	-14.04	-31.32	3
1359016877644	1359016877644	-35.52	-13.92	-31.26	3
1359016877658	1359016877658	-35.579998	-14.04	-31.199999	3
1359016877675	1359016877675	-35.64	-13.86	-31.199999	3
1359016877713	1359016877713	-35.7	-13.799999	-31.08	3
1359016877765	1359016877765	-35.579998	-13.62	-31.08	3
1359016877778	1359016877778	-35.64	-13.44	-30.96	3
1359016877814	1359016877814	-35.64	-13.38	-30.84	3
1359016877825	1359016877835	-35.7	-13.44	-30.779999	3
1359016877848	1359016877848	-35.76	-13.44	-30.779999	3
1359016877880	1359016877880	-35.76	-13.38	-30.599998	3
1359016877892	1359016877892	-35.7	-13.38	-30.48	3
1359016877903	1359016877903	-35.579998	-13.62	-30.24	3
1359016877938	1359016877938	-35.579998	-13.86	-30.179998	3
1359016877949	1359016877949	-35.579998	-13.92	-30.119999	3
1359016877959	1359016877959	-35.579998	-13.98	-29.939999	3
1359016878034	1359016878034	-35.52	-14.219999	-29.82	3
1359016878047	1359016878047	-35.399998	-14.4	-29.699999	3
1359016878062	1359016878062	-35.399998	-14.7	-29.519999	3
1359016878092	1359016878092	-35.399998	-15.0	-29.279999	3
1359016878102	1359016878102	-35.28	-15.36	-29.16	3
1359016878112	1359016878112	-35.1	-15.719999	-29.099998	3
1359016878123	1359016878123	-34.86	-16.02	-28.92	3
1359016878155	1359016878155	-34.5	-16.199999	-28.92	3
1359016878176	1359016878176	-34.38	-16.32	-28.859999	3
1359016878186	1359016878186	-34.14	-16.56	-28.8	3
1359016878248	1359016878248	-34.14	-16.74	-29.039999	3
1359016878261	1359016878261	-33.96	-16.98	-29.039999	3
1359016878272	1359016878272	-33.899998	-16.859999	-29.34	3
1359016878309	1359016878309	-33.719997	-16.859999	-29.4	3
1359016878344	1359016878344	-33.48	-16.859999	-29.4	3
1359016878357	1359016878357	-33.3	-16.859999	-29.519999	3
1359016878380	1359016878380	-33.12	-16.859999	-29.58	3
1359016878421	1359016878421	-33.059998	-16.74	-29.699999	3
1359016878435	1359016878435	-32.94	-16.74	-29.76	3
1359016878446	1359016878446	-32.64	-16.8	-29.939999	3
1359016878471	1359016878471	-32.7	-16.8	-30.06	3
1359016878484	1359016878484	-32.52	-16.56	-30.119999	3
1359016878526	1359016878526	-32.52	-16.38	-30.179998	3
1359016878560	1359016878560	-32.579998	-16.199999	-30.119999	3
1359016878581	1359016878581	-32.579998	-16.08	-30.3	3
1359016878591	1359016878591	-32.579998	-15.839999	-30.42	3
1359016878601	1359016878601	-32.579998	-15.719999	-30.42	3
1359016878633	1359016878633	-32.579998	-15.42	-30.42	3
1359016878646	1359016878646	-32.76	-15.299999	-30.24	3
1359016878656	1359016878656	-33.059998	-15.12	-30.06	3
1359016878692	1359016878692	-33.239998	-14.94	-30.0	3
1359016878703	1359016878703	-33.42	-14.82	-30.06	3
1359016878725	1359016878725	-33.6	-14.639999	-30.0	3
1359016878787	1359016878787	-33.78	-14.4	-29.88	3
1359016878798	1359016878798	-33.84	-14.099999	-29.76	3
1359016878808	1359016878808	-34.2	-13.74	-29.76	3
1359016878830	1359016878830	-34.38	-13.559999	-29.64	3
1359016878853	1359016878853	-34.68	-13.44	-29.519999	3
1359016878864	1359016878864	-34.739998	-13.32	-29.519999	3
1359016878875	1359016878875	-34.86	-13.139999	-29.58	3
1359016878933	1359016878933	-34.86	-12.9	-29.46	3
1359016878946	1359016878946	-35.04	-12.66	-29.46	3
1359016878957	1359016878957	-35.16	-12.42	-29.46	3
1359016879019	1359016879019	-35.28	-12.36	-29.34	3
1359016879035	1359016879035	-35.399998	-12.179999	-29.34	3
1359016879051	1359016879051	-35.46	-11.94	-29.4	3
1359016879062	1359016879062	-35.579998	-11.82	-29.4	3
1359016879103	1359016879103	-35.76	-11.88	-29.279999	3
1359016879126	1359016879126	-35.94	-11.88	-29.16	3
1359016879140	1359016879140	-35.82	-11.94	-28.98	3
1359016879173	1359016879173	-35.94	-11.88	-29.099998	3
1359016879184	1359016879184	-35.94	-12.059999	-28.98	3
1359016879195	1359016879195	-35.82	-12.12	-28.92	3
1359016879226	1359016879226	-35.76	-12.36	-28.92	3
1359016879267	1359016879267	-35.76	-12.48	-28.8	3
1359016879279	1359016879279	-35.76	-12.599999	-28.56	3
1359016879308	1359016879308	-35.7	-13.08	-28.5	3
1359016879345	1359016879345	-35.64	-13.44	-28.26	3
1359016879357	1359016879357	-35.34	-13.679999	-27.9	3
1359016879373	1359016879373	-35.34	-13.98	-27.9	3
1359016879397	1359016879397	-35.1	-14.4	-27.72	3
1359016879408	1359016879408	-34.98	-14.94	-27.72	3
1359016879419	1359016879419	-34.86	-15.54	-27.539999	3
1359016879451	1359016879451	-34.62	-15.78	-27.48	3
1359016879472	1359016879472	-34.38	-16.199999	-27.3	3
1359016879483	1359016879483	-34.26	-16.38	-27.3	3
1359016879552	1359016879552	-34.2	-16.8	-27.119999	3
1359016879566	1359016879566	-34.02	-16.98	-27.0	3
1359016879579	1359016879579	-33.899998	-17.279999	-26.939999	3
1359016879595	1359016879595	-33.84	-17.4	-26.939999	3
1359016879629	1359016879629	-33.899998	-17.64	-26.939999	3
1359016879650	1359016879650	-33.78	-17.88	-27.119999	3
1359016879671	1359016879671	-33.66	-18.0	-27.119999	3
1359016879701	1359016879701	-33.36	-18.119999	-27.24	3
1359016879712	1359016879712	-33.36	-18.3	-27.359999	3
1359016879724	1359016879724	-33.18	-18.48	-27.24	3
1359016879789	1359016879789	-33.12	-18.48	-27.3	3
1359016879802	1359016879802	-33.059998	-18.48	-27.18	3
1359016879816	1359016879816	-32.88	-18.3	-27.3	3
1359016879832	1359016879832	-32.88	-18.3	-27.359999	3
1359016879879	1359016879879	-33.059998	-18.119999	-27.539999	3
1359016879889	1359016879889	-33.12	-18.18	-27.66	3
1359016879899	1359016879899	-33.0	-17.88	-27.72	3
1359016879935	1359016879935	-33.059998	-17.82	-27.84	3
1359016879945	1359016879945	-33.239998	-17.64	-28.08	3
1359016879958	1359016879958	-33.48	-17.46	-28.14	3
1359016879994	1359016879994	-33.54	-17.16	-28.14	3
1359016880038	1359016880038	-33.719997	-16.859999	-28.019999	3
1359016880060	1359016880060	-33.96	-16.5	-28.019999	3
1359016880071	1359016880071	-34.38	-16.199999	-28.14	3
1359016880092	1359016880092	-34.5	-15.96	-28.14	3
1359016880103	1359016880103	-34.68	-15.66	-28.26	3
1359016880113	1359016880113	-34.92	-15.54	-28.38	3
1359016880139	1359016880139	-34.92	-15.24	-28.439999	3
1359016880151	1359016880151	-35.1	-15.179999	-28.56	3
1359016880162	1359016880162	-35.16	-15.0	-28.619999	3
1359016880213	1359016880213	-35.16	-14.82	-28.56	3
1359016880224	1359016880224	-35.28	-14.7	-28.5	3
1359016880235	1359016880235	-35.34	-14.7	-28.439999	3
1359016880248	1359016880248	-35.399998	-14.46	-28.56	3
1359016880313	1359016880313	-35.52	-14.219999	-28.38	3
1359016880332	1359016880332	-35.579998	-14.16	-28.439999	3
1359016880371	1359016880371	-35.46	-14.34	-28.439999	3
1359016880397	1359016880397	-35.52	-14.759999	-28.26	3
1359016880410	1359016880410	-35.46	-15.0	-28.019999	3
1359016880455	1359016880455	-35.28	-15.24	-27.96	3
1359016880465	1359016880465	-35.28	-15.48	-27.96	3
1359016880476	1359016880476	-35.04	-15.839999	-27.84	3
1359016880486	1359016880486	-34.98	-16.14	-27.84	3
1359016880547	1359016880547	-34.92	-16.32	-27.599998	3
1359016880566	1359016880566	-34.92	-16.619999	-27.48	3
1359016880588	1359016880588	-34.8	-17.039999	-27.48	3
1359016880624	1359016880624	-34.68	-17.46	-27.42	3
1359016880635	1359016880635	-34.62	-17.82	-27.42	3
1359016880648	1359016880648	-34.68	-18.3	-27.3	3
1359016880681	1359016880681	-34.5	-18.72	-27.359999	3
1359016880691	1359016880691	-34.2	-19.26	-27.359999	3
1359016880702	1359016880702	-34.02	-19.68	-27.359999	3
1359016880712	1359016880712	-33.84	-20.1	-27.48	3
1359016880757	1359016880757	-33.6	-20.16	-27.539999	3
1359016880797	1359016880797	-33.36	-20.46	-27.599998	3
1359016880810	1359016880810	-33.48	-20.76	-27.48	3
1359016880847	1359016880847	-33.3	-21.06	-27.359999	3
1359016880860	1359016880860	-33.239998	-21.18	-27.42	3
1359016880874	1359016880874	-33.239998	-21.359999	-27.359999	3
1359016880908	1359016880908	-33.059998	-21.66	-27.24	3
1359016880921	1359016880921	-32.82	-21.84	-27.18	3
1359016880947	1359016880947	-32.82	-21.96	-27.119999	3
1359016880959	1359016880959	-32.64	-22.08	-27.0	3
1359016880996	1359016880996	-32.46	-22.26	-26.88	3
1359016881010	1359016881010	-32.219997	-22.5	-26.82	3
1359016881043	1359016881043	-32.04	-22.8	-26.58	3
1359016881110	1359016881110	-32.1	-22.92	-26.4	3
1359016881121	1359016881121	-32.1	-22.98	-26.34	3
1359016881133	1359016881133	-32.04	-22.859999	-26.16	3
1359016881182	1359016881182	-32.04	-22.98	-26.22	3
1359016881194	1359016881194	-32.04	-23.039999	-26.279999	3
1359016881208	1359016881208	-31.98	-22.859999	-26.58	3
1359016881243	1359016881243	-32.04	-22.68	-26.76	3
1359016881257	1359016881257	-32.04	-22.56	-26.76	3
1359016881271	1359016881271	-32.04	-22.5	-26.88	3
1359016881284	1359016881284	-32.04	-22.199999	-27.18	3
1359016881361	1359016881361	-32.04	-22.02	-27.42	3
1359016881382	1359016881382	-31.92	-21.9	-27.539999	3
1359016881392	1359016881392	-31.92	-21.779999	-27.96	3
1359016881422	1359016881422	-32.1	-21.6	-28.08	3
1359016881435	1359016881435	-32.04	-21.18	-28.26	3
1359016881446	1359016881446	-32.16	-21.119999	-28.439999	3
1359016881482	1359016881482	-32.04	-21.0	-28.56	3
1359016881492	1359016881492	-31.98	-20.939999	-28.74	3
1359016881503	1359016881503	-31.98	-20.939999	-28.8	3
1359016881526	1359016881526	-31.98	-21.0	-28.74	3
1359016881558	1359016881558	-31.92	-21.06	-28.74	3
1359016881598	1359016881598	-31.859999	-21.24	-28.439999	3
1359016881609	1359016881609	-31.859999	-21.42	-28.32	3
1359016881643	1359016881643	-31.679998	-21.779999	-28.14	3
1359016881654	1359016881654	-31.619999	-22.08	-27.96	3
1359016881664	1359016881664	-31.619999	-22.56	-27.66	3
1359016881700	1359016881700	-31.5	-22.859999	-27.42	3
1359016881724	1359016881724	-31.38	-23.279999	-27.18	3
1359016881736	1359016881736	-31.199999	-23.64	-26.76	3
1359016881748	1359016881748	-31.019999	-24.06	-26.58	3
1359016881782	1359016881782	-30.96	-24.539999	-26.46	3
1359016881793	1359016881793	-30.779999	-24.779999	-26.34	3
1359016881804	1359016881804	-30.539999	-25.08	-26.22	3
1359016881867	1359016881867	-30.3	-25.38	-26.039999	3
1359016881879	1359016881879	-30.119999	-25.8	-25.859999	3
1359016881904	1359016881904	-29.88	-25.98	-25.68	3
1359016881937	1359016881937	-29.76	-26.039999	-25.5	3
1359016881950	1359016881950	-29.46	-26.34	-25.38	3
1359016881962	1359016881962	-29.16	-26.519999	-25.26	3
1359016881978	1359016881978	-29.039999	-26.699999	-25.199999	3
1359016882009	1359016882009	-28.859999	-26.82	-25.14	3
1359016882020	1359016882020	-28.56	-26.939999	-25.14	3
1359016882031	1359016882031	-28.38	-27.119999	-25.019999	3
1359016882106	1359016882106	-28.26	-27.06	-25.14	3
1359016882119	1359016882119	-28.019999	-27.0	-25.199999	3
1359016882131	1359016882131	-27.84	-26.88	-25.14	3
1359016882165	1359016882165	-27.599998	-27.06	-25.199999	3
1359016882176	1359016882176	-27.539999	-27.119999	-25.199999	3
1359016882187	1359016882187	-27.48	-27.3	-25.32	3
1359016882197	1359016882197	-27.66	-27.24	-25.26	3
1359016882229	1359016882229	-27.48	-27.3	-25.199999	3
1359016882252	1359016882252	-27.42	-27.359999	-25.26	3
1359016882264	1359016882264	-27.0	-27.48	-25.439999	3
1359016882315	1359016882315	-27.0	-27.48	-25.619999	3
1359016882355	1359016882355	-27.0	-27.48	-25.74	3
1359016882366	1359016882366	-26.76	-27.42	-25.8	3
1359016882397	1359016882397	-26.64	-27.599998	-25.92	3
1359016882408	1359016882408	-26.519999	-27.779999	-26.099998	3
1359016882419	1359016882419	-26.34	-27.9	-26.279999	3
1359016882443	1359016882443	-26.279999	-28.199999	-26.16	3
1359016882464	1359016882464	-26.039999	-28.439999	-26.22	3
1359016882477	1359016882477	-25.859999	-28.74	-26.279999	3
1359016882490	1359016882490	-25.68	-28.8	-26.22	3
1359016882525	1359016882525	-25.199999	-28.92	-26.099998	3
1359016882541	1359016882541	-24.72	-29.16	-25.859999	3
1359016882552	1359016882552	-24.18	-29.34	-25.68	3
1359016882614	1359016882614	-23.76	-29.64	-25.68	3
1359016882636	1359016882636	-23.4	-30.0	-25.619999	3
1359016882646	1359016882646	-23.16	-30.42	-25.38	3
1359016882694	1359016882694	-22.619999	-30.84	-25.199999	3
1359016882705	1359016882705	-22.08	-31.38	-24.96	3
1359016882718	1359016882718	-21.66	-31.92	-24.72	3
1359016882731	1359016882731	-20.939999	-32.34	-24.359999	3
1359016882761	1359016882761	-20.46	-32.46	-24.06	3
1359016882772	1359016882772	-19.92	-32.88	-23.82	3
1359016882792	1359016882792	-19.26	-33.18	-23.58	3
1359016882852	1359016882852	-18.779999	-33.54	-23.4	3
1359016882863	1359016882863	-18.119999	-34.079998	-23.22	3
1359016882876	1359016882876	-17.46	-34.5	-22.859999	3
1359016882909	1359016882909	-16.92	-34.92	-22.68	3
1359016882922	1359016882922	-16.32	-35.16	-22.439999	3
1359016882935	1359016882935	-15.719999	-35.64	-22.38	3
1359016882946	1359016882946	-15.12	-35.82	-22.26	3
1359016882989	1359016882989	-14.4	-36.059998	-22.14	3
1359016882999	1359016882999	-13.559999	-36.36	-22.02	3
1359016883010	1359016883010	-12.78	-36.54	-21.72	3
1359016883047	1359016883047	-12.059999	-36.66	-21.66	3
1359016883061	1359016883061	-11.219999	-36.899998	-21.66	3
1359016883104	1359016883104	-10.559999	-37.14	-21.72	3
1359016883140	1359016883140	-9.719999	-37.32	-21.72	3
1359016883152	1359016883153	-8.88	-37.44	-21.779999	3
1359016883179	1359016883179	-7.98	-37.44	-21.84	3
1359016883190	1359016883190	-7.14	-37.62	-21.84	3
1359016883221	1359016883221	-6.42	-37.62	-21.84	3
1359016883232	1359016883232	-5.7	-37.68	-21.9	3
1359016883254	1359016883254	-4.98	-37.739998	-22.08	3
1359016883289	1359016883289	-4.14	-37.8	-22.26	3
1359016883302	1359016883302	-3.48	-37.86	-22.32	3
1359016883314	1359016883314	-2.7	-37.86	-22.439999	3
1359016883389	1359016883389	-1.92	-37.739998	-22.439999	3
1359016883400	1359016883400	-1.38	-37.68	-22.68	3
1359016883410	1359016883410	-0.84	-37.62	-22.74	3
1359016883442	1359016883442	-0.17999999	-37.5	-22.74	3
1359016883453	1359016883453	0.35999998	-37.38	-22.74	3
1359016883466	1359016883466	0.78	-37.14	-22.859999	3
1359016883477	1359016883477	1.1999999	-37.14	-22.8	3
1359016883513	1359016883513	1.62	-37.02	-22.92	3
1359016883535	1359016883535	2.1599998	-36.899998	-22.92	3
1359016883548	1359016883548	2.7	-36.899998	-22.98	3
1359016883601	1359016883601	3.0	-36.54	-22.859999	3
1359016883613	1359016883613	3.36	-36.48	-22.98	3
1359016883624	1359016883624	3.6599998	-36.42	-22.859999	3
1359016883655	1359016883655	3.8999999	-36.36	-22.8	3
1359016883666	1359016883666	4.3199997	-36.42	-22.8	3
1359016883679	1359016883679	4.62	-36.3	-22.74	3
1359016883714	1359016883714	4.7999997	-36.18	-22.619999	3
1359016883727	1359016883727	4.98	-36.239998	-22.619999	3
1359016883738	1359016883738	5.22	-36.18	-22.74	3
1359016883748	1359016883748	5.3399997	-36.18	-22.8	3
1359016883775	1359016883775	5.4	-36.059998	-22.8	3
1359016883791	1359016883791	5.46	-36.059998	-22.74	3
1359016883803	1359016883803	5.64	-35.94	-22.74	3
1359016883869	1359016883869	5.7	-35.94	-22.74	3
1359016883890	1359016883890	5.58	-36.12	-22.74	3
1359016883902	1359016883902	5.3399997	-36.12	-22.619999	3
1359016883936	1359016883936	5.22	-36.3	-22.859999	3
1359016883949	1359016883949	5.16	-36.36	-22.859999	3
1359016883959	1359016883959	5.1	-36.42	-22.8	3
1359016883970	1359016883970	4.98	-36.36	-22.74	3
1359016884004	1359016884004	4.7999997	-36.36	-22.56	3
1359016884015	1359016884015	4.5	-36.6	-22.439999	3
1359016884037	1359016884037	4.2599998	-36.66	-22.619999	3
1359016884104	1359016884104	4.14	-36.54	-22.439999	3
1359016884120	1359016884120	4.08	-36.719997	-22.439999	3
1359016884135	1359016884135	3.84	-36.78	-22.5	3
1359016884174	1359016884174	3.72	-36.899998	-22.439999	3
1359016884186	1359016884186	3.72	-37.079998	-22.38	3
1359016884203	1359016884203	3.54	-37.2	-22.38	3
1359016884214	1359016884214	3.36	-37.26	-22.26	3
1359016884257	1359016884257	3.24	-37.32	-22.14	3
1359016884268	1359016884268	3.12	-37.32	-22.199999	3
1359016884281	1359016884281	3.1799998	-37.44	-21.96	3
1359016884311	1359016884311	3.12	-37.38	-21.84	3
1359016884322	1359016884322	3.12	-37.38	-21.9	3
1359016884334	1359016884334	3.06	-37.559998	-21.9	3
1359016884412	1359016884412	3.12	-37.68	-22.08	3
1359016884426	1359016884426	3.3	-37.68	-22.08	3
1359016884448	1359016884448	3.36	-37.86	-21.96	3
1359016884481	1359016884481	3.3	-38.1	-21.9	3
1359016884492	1359016884492	3.36	-38.16	-21.66	3
1359016884503	1359016884503	3.4199998	-38.28	-21.48	3
1359016884513	1359016884513	3.4199998	-38.34	-21.359999	3
1359016884537	1359016884537	3.36	-38.34	-21.359999	3
1359016884549	1359016884549	3.36	-38.399998	-21.119999	3
1359016884562	1359016884562	3.4199998	-38.52	-20.939999	3
1359016884650	1359016884650	3.6	-38.7	-20.82	3
1359016884660	1359016884660	3.6	-38.879997	-20.699999	3
1359016884671	1359016884671	3.6	-38.879997	-20.64	3
1359016884702	1359016884702	3.48	-39.12	-20.46	3
1359016884712	1359016884712	3.4199998	-39.3	-20.279999	3
1359016884723	1359016884723	3.3	-39.239998	-20.1	3
1359016884734	1359016884734	3.24	-39.239998	-19.98	3
1359016884771	1359016884771	2.9399998	-39.239998	-19.92	3
1359016884801	1359016884801	2.8799999	-39.42	-19.74	3
1359016884815	1359016884815	2.7	-39.48	-19.68	3
1359016884851	1359016884851	2.46	-39.54	-19.56	3
1359016884863	1359016884863	2.28	-39.66	-19.38	3
1359016884903	1359016884903	2.1	-39.78	-19.26	3
1359016884938	1359016884938	1.92	-39.899998	-19.08	3
1359016884962	1359016884962	1.8	-39.899998	-19.199999	3
1359016884979	1359016884979	1.8	-39.84	-19.08	3
1359016885004	1359016885004	1.5	-39.719997	-18.96	3
1359016885043	1359016885043	1.3199999	-39.719997	-18.84	3
1359016885056	1359016885056	1.1999999	-39.78	-18.9	3
1359016885070	1359016885070	0.96	-39.6	-18.84	3
1359016885117	1359016885117	0.78	-39.54	-19.08	3
1359016885129	1359016885129	0.59999996	-39.6	-19.14	3
1359016885171	1359016885171	0.42	-39.66	-19.02	3
1359016885202	1359016885202	0.12	-39.48	-19.02	3
1359016885225	1359016885225	-0.12	-39.48	-19.08	3
1359016885238	1359016885238	-0.42	-39.48	-19.08	3
1359016885262	1359016885262	-0.65999997	-39.48	-19.199999	3
1359016885272	1359016885272	-0.96	-39.48	-19.26	3
1359016885285	1359016885285	-0.96	-39.48	-19.5	3
1359016885303	1359016885303	-1.14	-39.54	-19.56	3
1359016885327	1359016885327	-1.3199999	-39.54	-19.5	3
1359016885337	1359016885337	-1.56	-39.66	-19.619999	3
1359016885359	1359016885359	-1.8	-39.84	-19.74	3
1359016885420	1359016885420	-1.9799999	-39.84	-19.619999	3
1359016885434	1359016885434	-2.04	-39.78	-19.619999	3
1359016885445	1359016885445	-1.9799999	-39.84	-19.74	3
1359016885476	1359016885476	-2.04	-39.84	-19.68	3
1359016885488	1359016885488	-2.04	-39.899998	-19.619999	3
1359016885499	1359016885499	-1.9799999	-39.96	-19.56	3
1359016885522	1359016885522	-1.86	-40.14	-19.56	3
1359016885559	1359016885559	-1.92	-40.02	-19.439999	3
1359016885589	1359016885589	-1.8	-40.02	-19.38	3
1359016885599	1359016885599	-1.62	-40.079998	-19.38	3
1359016885646	1359016885646	-1.5	-40.14	-19.26	3
1359016885685	1359016885685	-1.56	-40.26	-19.14	3
1359016885707	1359016885707	-1.38	-40.2	-19.08	3
1359016885741	1359016885741	-1.26	-40.379997	-18.9	3
1359016885761	1359016885761	-1.14	-40.379997	-18.96	3
1359016885782	1359016885782	-0.78	-40.2	-19.02	3
1359016885792	1359016885792	-0.59999996	-40.2	-19.08	3
1359016885822	1359016885822	-0.35999998	-40.26	-19.14	3
1359016885834	1359016885834	-0.12	-40.14	-19.08	3
1359016885845	1359016885845	0.24	-40.26	-19.02	3
1359016885920	1359016885920	0.59999996	-40.2	-19.14	3
1359016885931	1359016885931	1.0799999	-40.2	-19.32	3
1359016885951	1359016885951	1.5	-40.14	-19.32	3
1359016885998	1359016885998	2.1	-40.02	-19.32	3
1359016886009	1359016886009	2.58	-39.96	-19.32	3
1359016886024	1359016886024	3.0	-39.84	-19.32	3
1359016886060	1359016886060	3.36	-39.48	-19.38	3
1359016886069	1359016886069	3.78	-39.48	-19.56	3
1359016886092	1359016886092	4.14	-39.3	-19.5	3
1359016886104	1359016886104	4.5	-39.12	-19.8	3
1359016886171	1359016886171	4.74	-39.12	-19.74	3
1359016886191	1359016886191	4.8599997	-39.12	-19.619999	3
1359016886206	1359016886206	5.22	-39.18	-19.56	3
1359016886228	1359016886228	5.2799997	-39.12	-19.5	3
1359016886251	1359016886251	5.2799997	-39.12	-19.56	3
1359016886262	1359016886262	5.22	-39.059998	-19.5	3
1359016886310	1359016886310	5.1	-38.94	-19.32	3
1359016886323	1359016886323	4.92	-39.0	-19.14	3
1359016886333	1359016886333	4.74	-39.12	-18.96	3
1359016886354	1359016886354	4.38	-39.42	-18.96	3
1359016886418	1359016886418	4.08	-39.42	-18.9	3
1359016886429	1359016886429	3.78	-39.42	-18.84	3
1359016886452	1359016886452	3.48	-39.719997	-18.9	3
1359016886492	1359016886492	3.0	-39.6	-18.779999	3
1359016886516	1359016886516	2.46	-39.6	-18.72	3
1359016886529	1359016886529	1.92	-39.54	-18.6	3
1359016886574	1359016886574	1.38	-39.54	-18.539999	3
1359016886595	1359016886595	0.84	-39.66	-18.539999	3
1359016886618	1359016886618	0.24	-39.6	-18.6	3
1359016886658	1359016886658	-0.29999998	-39.78	-18.48	3
1359016886705	1359016886705	-0.78	-39.96	-18.359999	3
1359016886718	1359016886718	-1.0799999	-40.02	-18.359999	3
1359016886740	1359016886740	-1.56	-40.02	-18.359999	3
1359016886773	1359016886773	-2.04	-40.079998	-18.3	3
1359016886799	1359016886799	-2.46	-39.96	-18.359999	3
1359016886826	1359016886826	-2.76	-39.78	-18.359999	3
1359016886860	1359016886860	-3.0	-39.84	-18.359999	3
1359016886871	1359016886871	-3.24	-40.02	-18.48	3
1359016886926	1359016886926	-3.36	-39.96	-18.48	3
1359016886961	1359016886961	-3.36	-39.84	-18.42	3
1359016886983	1359016886983	-3.36	-39.84	-18.48	3
1359016886994	1359016886994	-3.4199998	-39.899998	-18.48	3
1359016887016	1359016887016	-3.36	-40.02	-18.48	3
1359016887058	1359016887058	-3.3	-40.02	-18.48	3
1359016887083	1359016887083	-3.3	-39.96	-18.359999	3
1359016887094	1359016887094	-3.1799998	-40.079998	-18.42	3
1359016887171	1359016887171	-2.9399998	-39.96	-18.359999	3
1359016887184	1359016887184	-2.8799999	-40.02	-18.359999	3
1359016887205	1359016887205	-2.7	-39.899998	-18.359999	3
1359016887228	1359016887228	-2.46	-39.66	-18.42	3
1359016887250	1359016887250	-2.22	-39.66	-18.359999	3
1359016887271	1359016887271	-1.92	-39.84	-18.359999	3
1359016887301	1359016887301	-1.68	-39.78	-18.42	3
1359016887358	1359016887358	-1.26	-39.66	-18.359999	3
1359016887381	1359016887381	-0.9	-39.42	-18.3	3
1359016887393	1359016887393	-0.59999996	-39.42	-18.359999	3
1359016887465	1359016887465	-0.29999998	-39.36	-18.359999	3
1359016887476	1359016887476	0.12	-39.3	-18.48	3
1359016887497	1359016887497	0.35999998	-39.059998	-18.66	3
1359016887541	1359016887541	0.78	-38.94	-18.779999	3
1359016887567	1359016887567	1.3199999	-38.82	-19.14	3
1359016887578	1359016887578	1.62	-38.579998	-19.26	3
1359016887601	1359016887601	1.86	-38.52	-19.439999	3
1359016887634	1359016887634	2.1599998	-38.34	-19.619999	3
1359016887645	1359016887645	2.3999999	-38.399998	-19.619999	3
1359016887687	1359016887687	2.76	-38.52	-19.74	3
1359016887732	1359016887732	2.8799999	-38.399998	-19.8	3
1359016887753	1359016887753	3.0	-38.219997	-19.859999	3
1359016887779	1359016887779	3.12	-38.16	-19.92	3
1359016887815	1359016887815	3.0	-38.16	-19.92	3
1359016887836	1359016887836	3.0	-38.28	-20.039999	3
1359016887847	1359016887847	2.8799999	-38.34	-19.98	3
1359016887866	1359016887866	2.7	-38.579998	-19.92	3
1359016887928	1359016887928	2.52	-38.579998	-19.619999	3
1359016887952	1359016887952	2.52	-38.64	-19.439999	3
1359016887976	1359016887976	2.34	-38.76	-19.38	3
1359016888026	1359016888026	1.92	-38.879997	-19.02	3
1359016888036	1359016888036	1.5	-39.0	-18.9	3
1359016888057	1359016888057	1.1999999	-38.94	-18.9	3
1359016888088	1359016888088	0.65999997	-39.0	-18.9	3
1359016888108	1359016888108	0.12	-38.94	-18.9	3
1359016888122	1359016888122	-0.35999998	-39.0	-18.6	3
1359016888196	1359016888196	-0.84	-39.239998	-18.72	3
1359016888216	1359016888216	-1.38	-39.42	-18.66	3
1359016888240	1359016888240	-2.04	-39.54	-18.539999	3
1359016888271	1359016888271	-2.6399999	-39.6	-18.42	3
1359016888293	1359016888293	-3.1799998	-39.78	-18.24	3
1359016888303	1359016888303	-3.6599998	-39.78	-18.24	3
1359016888327	1359016888327	-4.08	-39.719997	-18.24	3
1359016888361	1359016888361	-4.38	-39.78	-18.3	3
1359016888414	1359016888414	-4.8599997	-39.78	-18.3	3
1359016888437	1359016888437	-5.3399997	-39.78	-18.24	3
1359016888482	1359016888482	-5.46	-39.84	-18.359999	3
1359016888493	1359016888493	-5.52	-39.84	-18.24	3
1359016888515	1359016888515	-5.7599998	-39.96	-18.119999	3
1359016888549	1359016888549	-5.7599998	-39.96	-17.94	3
1359016888581	1359016888581	-5.7	-40.02	-17.94	3
1359016888594	1359016888594	-5.8199997	-39.899998	-17.94	3
1359016888615	1359016888615	-5.7599998	-39.84	-17.76	3
1359016888686	1359016888686	-5.64	-39.899998	-17.58	3
1359016888707	1359016888707	-5.3399997	-39.84	-17.46	3
1359016888720	1359016888720	-5.04	-39.899998	-17.52	3
1359016888767	1359016888767	-4.74	-39.84	-17.699999	3
1359016888778	1359016888778	-4.3199997	-39.899998	-17.58	3
1359016888803	1359016888803	-3.84	-39.84	-17.34	3
1359016888835	1359016888835	-3.54	-39.84	-17.279999	3
1359016888855	1359016888855	-2.9399998	-40.02	-17.16	3
1359016888905	1359016888905	-2.34	-40.02	-17.039999	3
1359016888930	1359016888930	-1.86	-40.079998	-16.8	3
1359016888974	1359016888974	-1.38	-39.96	-16.8	3
1359016889021	1359016889021	-0.71999997	-40.02	-16.8	3
1359016889032	1359016889032	-0.24	-39.899998	-16.68	3
1359016889079	1359016889079	0.17999999	-39.899998	-16.56	3
1359016889090	1359016889090	0.78	-39.899998	-16.56	3
1359016889115	1359016889115	1.3199999	-39.84	-16.619999	3
1359016889207	1359016889207	1.92	-39.78	-16.68	3
1359016889223	1359016889223	2.3999999	-39.78	-16.74	3
1359016889251	1359016889251	3.0	-39.66	-16.56	3
1359016889263	1359016889263	3.4199998	-39.6	-16.38	3
1359016889308	1359016889308	3.6599998	-39.66	-16.32	3
1359016889321	1359016889321	4.02	-39.78	-16.26	3
1359016889348	1359016889348	4.3199997	-39.78	-16.32	3
1359016889382	1359016889382	4.44	-39.719997	-16.26	3
1359016889432	1359016889432	4.56	-39.66	-16.199999	3
1359016889447	1359016889447	4.62	-39.66	-16.02	3
1359016889522	1359016889522	4.68	-39.719997	-15.78	3
1359016889534	1359016889534	4.56	-39.78	-15.66	3
1359016889555	1359016889555	4.5	-39.899998	-15.54	3
1359016889591	1359016889591	4.5	-40.02	-15.48	3
1359016889613	1359016889613	4.3199997	-40.2	-15.54	3
1359016889626	1359016889626	4.02	-40.379997	-15.299999	3
1359016889660	1359016889660	3.78	-40.379997	-15.12	3
1359016889701	1359016889701	3.4199998	-40.559998	-14.88	3
1359016889755	1359016889755	3.0	-40.68	-14.88	3
1359016889766	1359016889766	2.58	-40.86	-14.82	3
1359016889832	1359016889832	2.28	-40.739998	-14.82	3
1359016889844	1359016889844	1.74	-40.62	-14.759999	3
1359016889881	1359016889881	1.4399999	-40.62	-14.7	3
1359016889916	1359016889916	0.9	-40.62	-14.5199995	3
1359016889942	1359016889942	0.48	-40.86	-14.58	3
1359016889953	1359016889953	0.17999999	-40.98	-14.82	3
1359016889979	1359016889979	0.17999999	-40.98	-15.0	3
1359016890047	1359016890047	-0.24	-40.8	-15.059999	3
1359016890068	1359016890068	-0.35999998	-40.739998	-15.24	3
1359016890085	1359016890085	-0.53999996	-40.8	-15.48	3
1359016890133	1359016890133	-0.53999996	-40.68	-15.48	3
1359016890149	1359016890149	-0.53999996	-40.62	-15.66	3
1359016890190	1359016890190	-0.59999996	-40.44	-15.96	3
1359016890228	1359016890228	-0.53999996	-40.079998	-16.199999	3
1359016890250	1359016890250	-0.65999997	-39.84	-16.5	3
1359016890263	1359016890263	-0.59999996	-39.66	-16.8	3
1359016890314	1359016890314	-0.59999996	-39.48	-17.16	3
1359016890378	1359016890378	-0.48	-39.48	-17.34	3
1359016890404	1359016890404	-0.29999998	-39.54	-17.4	3
1359016890419	1359016890419	0.06	-39.36	-17.58	3
1359016890481	1359016890481	0.53999996	-39.0	-17.699999	3
1359016890493	1359016890493	0.84	-38.82	-17.94	3
1359016890513	1359016890513	1.14	-38.64	-18.18	3
1359016890547	1359016890547	1.5	-38.64	-18.18	3
1359016890586	1359016890586	1.9799999	-38.7	-18.18	3
1359016890598	1359016890598	2.46	-38.46	-18.24	3
1359016890631	1359016890631	2.82	-38.34	-18.24	3
1359016890664	1359016890664	3.1799998	-38.16	-18.18	3
1359016890698	1359016890698	3.48	-38.1	-18.24	3
1359016890708	1359016890708	3.84	-38.1	-18.18	3
1359016890741	1359016890741	4.38	-38.1	-18.119999	3
1359016890752	1359016890752	4.98	-38.16	-18.0	3
1359016890774	1359016890774	5.46	-38.1	-17.699999	3
1359016890839	1359016890839	6.0	-38.04	-17.82	3
1359016890861	1359016890861	6.3599997	-37.98	-17.88	3
1359016890872	1359016890872	6.66	-37.98	-17.94	3
1359016890915	1359016890915	6.7799997	-37.92	-18.06	3
1359016890926	1359016890926	6.96	-37.8	-17.94	3
1359016890939	1359016890939	7.2	-38.04	-17.94	3
1359016890949	1359016890949	7.14	-37.92	-18.06	3
1359016890981	1359016890981	7.08	-37.739998	-18.119999	3
1359016890992	1359016890992	7.02	-37.739998	-17.94	3
1359016891002	1359016891002	6.96	-37.86	-17.94	3
1359016891071	1359016891071	6.7799997	-37.98	-17.88	3
1359016891095	1359016891095	6.6	-38.04	-17.76	3
1359016891110	1359016891110	6.3599997	-38.1	-17.58	3
1359016891146	1359016891146	6.12	-38.219997	-17.4	3
1359016891156	1359016891156	5.7599998	-38.34	-17.16	3
1359016891169	1359016891169	5.4	-38.46	-17.1	3
1359016891183	1359016891183	4.98	-38.579998	-16.92	3
1359016891224	1359016891224	4.5	-38.579998	-16.68	3
1359016891241	1359016891241	4.02	-38.7	-16.38	3
1359016891262	1359016891262	3.54	-38.82	-16.199999	3
1359016891303	1359016891303	3.06	-39.0	-16.02	3
1359016891346	1359016891346	2.3999999	-38.94	-15.719999	3
1359016891361	1359016891361	2.04	-39.0	-15.48	3
1359016891403	1359016891403	1.56	-39.18	-15.179999	3
1359016891420	1359016891420	1.0799999	-39.3	-15.0	3
1359016891435	1359016891435	0.65999997	-39.36	-15.0	3
1359016891475	1359016891475	0.42	-39.239998	-15.12	3
1359016891499	1359016891499	0.29999998	-39.36	-15.12	3
1359016891510	1359016891510	0.12	-39.36	-15.299999	3
1359016891521	1359016891521	-0.12	-39.239998	-15.42	3
1359016891561	1359016891561	-0.35999998	-39.12	-15.719999	3
1359016891573	1359016891573	-0.42	-38.94	-15.9	3
1359016891587	1359016891587	-0.48	-38.82	-16.08	3
1359016891651	1359016891651	-0.42	-38.7	-16.38	3
1359016891678	1359016891678	-0.48	-38.579998	-16.98	3
1359016891699	1359016891699	-0.53999996	-38.46	-17.16	3
1359016891731	1359016891731	-0.48	-38.28	-17.34	3
1359016891743	1359016891743	-0.35999998	-38.219997	-17.46	3
1359016891776	1359016891776	-0.06	-37.86	-17.699999	3
1359016891787	1359016891787	0.24	-37.739998	-17.94	3
1359016891800	1359016891800	0.48	-37.5	-18.0	3
1359016891891	1359016891891	0.84	-37.5	-18.0	3
1359016891903	1359016891903	1.0799999	-37.32	-17.94	3
1359016891913	1359016891913	1.38	-37.14	-18.0	3
1359016891946	1359016891946	1.92	-37.14	-18.0	3
1359016891957	1359016891957	2.34	-37.02	-17.82	3
1359016891968	1359016891968	2.7	-36.84	-18.0	3
1359016891980	1359016891980	3.06	-36.6	-17.94	3
1359016892017	1359016892017	3.4199998	-36.42	-18.06	3
1359016892040	1359016892040	3.78	-36.36	-17.82	3
1359016892051	1359016892051	4.38	-36.18	-17.699999	3
1359016892093	1359016892093	4.74	-36.059998	-17.82	3
1359016892133	1359016892133	5.22	-35.94	-18.119999	3
1359016892145	1359016892145	5.46	-35.82	-18.3	3
1359016892197	1359016892197	5.7599998	-35.64	-18.48	3
1359016892210	1359016892210	5.94	-35.579998	-18.539999	3
1359016892242	1359016892242	6.06	-35.34	-18.6	3
1359016892270	1359016892270	6.06	-35.16	-18.539999	3
1359016892307	1359016892307	6.12	-35.04	-18.6	3
1359016892323	1359016892323	6.12	-35.1	-18.6	3
1359016892336	1359016892336	6.0	-34.92	-18.539999	3
1359016892377	1359016892377	5.7599998	-34.98	-18.539999	3
1359016892388	1359016892388	5.64	-34.98	-18.24	3
1359016892431	1359016892431	5.46	-34.98	-18.0	3
1359016892470	1359016892470	5.1	-34.98	-17.88	3
1359016892508	1359016892508	4.7999997	-35.1	-17.76	3
1359016892521	1359016892521	4.44	-35.04	-17.76	3
1359016892562	1359016892562	3.9599998	-35.04	-17.46	3
1359016892572	1359016892572	3.54	-34.98	-17.22	3
1359016892583	1359016892583	3.3	-35.219997	-17.039999	3
1359016892594	1359016892594	2.82	-35.219997	-16.98	3
1359016892627	1359016892627	2.22	-35.1	-16.859999	3
1359016892644	1359016892644	1.8	-35.34	-16.619999	3
1359016892700	1359016892700	1.5	-35.399998	-16.68	3
1359016892734	1359016892734	1.14	-35.46	-16.619999	3
1359016892755	1359016892755	0.65999997	-35.46	-16.44	3
1359016892779	1359016892779	0.29999998	-35.64	-16.38	3
1359016892826	1359016892826	0.12	-35.46	-16.32	3
1359016892837	1359016892837	-0.06	-35.34	-16.26	3
1359016892847	1359016892848	-0.17999999	-35.46	-16.38	3
1359016892895	1359016892895	-0.24	-35.219997	-16.38	3
1359016892910	1359016892910	-0.29999998	-35.219997	-16.56	3
1359016892926	1359016892926	-0.29999998	-35.04	-16.8	3
1359016892996	1359016892996	-0.35999998	-35.1	-17.039999	3
1359016893007	1359016893007	-0.35999998	-34.8	-17.16	3
1359016893042	1359016893042	0.06	-34.62	-17.46	3
1359016893070	1359016893070	0.06	-34.26	-17.76	3
1359016893088	1359016893088	0.06	-34.14	-17.82	3
1359016893129	1359016893129	0.29999998	-33.899998	-18.0	3
1359016893148	1359016893148	0.35999998	-33.78	-18.24	3
1359016893161	1359016893161	0.48	-33.66	-18.48	3
1359016893200	1359016893200	0.59999996	-33.66	-18.84	3
1359016893221	1359016893221	0.59999996	-33.48	-18.96	3
1359016893262	1359016893262	0.78	-33.3	-19.14	3
1359016893308	1359016893308	0.84	-33.3	-19.38	3
1359016893322	1359016893322	1.02	-33.239998	-19.5	3
1359016893337	1359016893337	1.26	-33.239998	-19.619999	3
1359016893394	1359016893394	1.4399999	-33.12	-19.619999	3
1359016893404	1359016893404	1.56	-32.88	-19.68	3
1359016893415	1359016893415	1.74	-32.76	-19.98	3
1359016893426	1359016893426	1.9799999	-32.579998	-19.859999	3
1359016893462	1359016893462	2.28	-32.399998	-20.039999	3
1359016893519	1359016893519	2.58	-32.1	-20.279999	3
1359016893542	1359016893542	2.76	-31.92	-20.46	3
1359016893609	1359016893609	3.06	-31.74	-20.58	3
1359016893620	1359016893620	3.36	-31.56	-20.64	3
1359016893635	1359016893635	3.4199998	-31.439999	-20.64	3
1359016893680	1359016893680	3.54	-31.32	-20.64	3
1359016893692	1359016893692	3.6	-31.32	-20.699999	3
1359016893718	1359016893718	3.6	-31.26	-20.699999	3
1359016893748	1359016893748	3.72	-31.26	-20.64	3
1359016893781	1359016893781	3.84	-31.26	-20.64	3
1359016893794	1359016893794	3.84	-31.08	-20.46	3
1359016893806	1359016893806	3.84	-31.08	-20.279999	3
1359016893883	1359016893883	3.78	-31.26	-20.279999	3
1359016893899	1359016893899	3.72	-31.38	-19.98	3
1359016893910	1359016893910	3.54	-31.56	-19.859999	3
1359016893955	1359016893955	3.24	-31.74	-19.56	3
1359016893979	1359016893979	2.9399998	-31.98	-19.32	3
1359016893989	1359016893989	2.7	-32.1	-19.14	3
1359016893999	1359016893999	2.3999999	-32.28	-19.02	3
1359016894034	1359016894034	1.9799999	-32.46	-18.66	3
1359016894044	1359016894044	1.56	-32.88	-18.42	3
1359016894053	1359016894053	1.0799999	-33.12	-18.18	3
1359016894114	1359016894114	0.71999997	-33.42	-18.0	3
1359016894124	1359016894124	0.24	-33.6	-17.699999	3
1359016894145	1359016894145	-0.12	-33.78	-17.4	3
1359016894185	1359016894185	-0.53999996	-33.899998	-17.16	3
1359016894195	1359016894195	-0.9	-34.2	-17.039999	3
1359016894205	1359016894205	-1.1999999	-34.32	-17.16	3
1359016894232	1359016894232	-1.38	-34.44	-16.92	3
1359016894264	1359016894264	-1.62	-34.559998	-16.859999	3
1359016894285	1359016894285	-1.92	-34.62	-17.039999	3
1359016894295	1359016894295	-1.9799999	-34.559998	-17.039999	3
1359016894390	1359016894390	-2.1	-34.62	-17.16	3
1359016894402	1359016894402	-2.1599998	-34.739998	-17.279999	3
1359016894429	1359016894429	-2.22	-34.86	-17.34	3
1359016894472	1359016894472	-2.3999999	-34.92	-17.52	3
1359016894494	1359016894494	-2.34	-34.68	-17.699999	3
1359016894507	1359016894507	-2.28	-34.68	-18.06	3
1359016894518	1359016894518	-2.22	-34.62	-18.24	3
1359016894550	1359016894550	-2.04	-34.68	-18.42	3
1359016894575	1359016894575	-2.04	-34.559998	-18.539999	3
1359016894587	1359016894587	-1.9799999	-34.62	-18.72	3
1359016894665	1359016894665	-1.86	-34.62	-18.84	3
1359016894676	1359016894676	-1.74	-34.68	-18.84	3
1359016894686	1359016894686	-1.56	-34.739998	-18.96	3
1359016894728	1359016894728	-1.3199999	-34.86	-19.14	3
1359016894749	1359016894749	-0.65999997	-35.399998	-19.199999	3
1359016894787	1359016894787	-0.29999998	-35.46	-19.26	3
1359016894813	1359016894813	-0.06	-35.64	-19.26	3
1359016894825	1359016894825	0.29999998	-35.7	-19.14	3
1359016894886	1359016894886	0.9	-35.94	-19.26	3
1359016894896	1359016894896	1.3199999	-36.3	-19.08	3
1359016894916	1359016894916	1.8	-36.6	-18.72	3
1359016894926	1359016894926	2.04	-36.6	-18.48	3
1359016894988	1359016894988	2.34	-36.899998	-18.24	3
1359016895000	1359016895000	2.76	-37.26	-18.06	3
1359016895026	1359016895026	3.24	-37.5	-17.88	3
1359016895060	1359016895060	3.48	-37.8	-17.64	3
1359016895080	1359016895080	3.78	-38.1	-17.34	3
1359016895121	1359016895121	3.8999999	-38.46	-17.1	3
1359016895162	1359016895162	3.84	-38.7	-16.859999	3
1359016895173	1359016895173	3.72	-39.059998	-16.5	3
1359016895199	1359016895199	3.6	-39.3	-16.14	3
1359016895234	1359016895234	3.54	-39.66	-15.839999	3
1359016895259	1359016895259	3.54	-39.899998	-15.719999	3
1359016895269	1359016895269	3.36	-40.02	-15.48	3
1359016895281	1359016895281	3.06	-40.32	-15.24	3
1359016895322	1359016895322	2.7	-40.5	-15.179999	3
1359016895362	1359016895362	2.22	-40.739998	-15.0	3
1359016895384	1359016895384	1.8	-41.04	-15.0	3
1359016895431	1359016895431	1.3199999	-41.28	-15.0	3
1359016895464	1359016895464	0.78	-41.579998	-15.059999	3
1359016895475	1359016895475	0.24	-41.82	-14.82	3
1359016895523	1359016895523	-0.35999998	-42.0	-14.759999	3
1359016895536	1359016895536	-0.9	-42.239998	-14.759999	3
1359016895560	1359016895560	-1.5	-42.239998	-14.639999	3
1359016895570	1359016895570	-1.86	-42.48	-14.5199995	3
1359016895648	1359016895648	-2.22	-42.6	-14.5199995	3
1359016895669	1359016895669	-2.52	-42.719997	-14.58	3
1359016895695	1359016895695	-2.8799999	-42.84	-14.46	3
1359016895727	1359016895727	-3.3	-42.96	-14.28	3
1359016895750	1359016895750	-3.54	-43.2	-14.34	3
1359016895760	1359016895760	-3.84	-43.2	-14.34	3
1359016895810	1359016895810	-3.8999999	-43.26	-14.28	3
1359016895823	1359016895823	-4.08	-43.44	-14.46	3
1359016895876	1359016895876	-4.02	-43.44	-14.5199995	3
1359016895904	1359016895904	-4.02	-43.5	-14.46	3
1359016895947	1359016895947	-3.84	-43.379997	-14.639999	3
1359016895958	1359016895958	-3.78	-43.32	-14.82	3
1359016895983	1359016895983	-3.54	-43.379997	-14.88	3
1359016896026	1359016896026	-3.48	-43.32	-14.94	3
1359016896052	1359016896052	-3.24	-43.44	-15.0	3
1359016896062	1359016896062	-3.0	-43.44	-15.179999	3
1359016896136	1359016896136	-2.82	-43.559998	-15.42	3
1359016896158	1359016896158	-2.52	-43.62	-15.66	3
1359016896181	1359016896181	-2.46	-43.68	-15.78	3
1359016896192	1359016896192	-2.1	-43.559998	-15.9	3
1359016896237	1359016896237	-1.92	-43.62	-16.08	3
1359016896250	1359016896250	-1.62	-43.68	-16.26	3
1359016896273	1359016896273	-1.3199999	-43.68	-16.56	3
1359016896306	1359016896306	-0.96	-43.62	-16.68	3
1359016896329	1359016896329	-0.71999997	-43.739998	-16.68	3
1359016896381	1359016896381	-0.48	-43.62	-16.56	3
1359016896428	1359016896428	-0.06	-43.739998	-16.68	3
1359016896450	1359016896450	0.06	-43.739998	-16.68	3
1359016896492	1359016896492	0.35999998	-43.739998	-16.8	3
1359016896516	1359016896516	0.53999996	-43.62	-16.8	3
1359016896528	1359016896528	0.48	-43.62	-16.74	3
1359016896550	1359016896550	0.53999996	-43.62	-16.68	3
1359016896626	1359016896626	0.48	-43.44	-16.5	3
1359016896649	1359016896649	0.59999996	-43.379997	-16.32	3
1359016896660	1359016896660	0.53999996	-43.739998	-16.44	3
1359016896714	1359016896714	0.42	-43.62	-16.14	3
1359016896725	1359016896725	0.29999998	-43.559998	-15.839999	3
1359016896750	1359016896750	0.24	-43.559998	-15.54	3
1359016896784	1359016896784	0.12	-43.739998	-15.179999	3
1359016896811	1359016896811	0.12	-43.739998	-14.82	3
1359016896834	1359016896834	-0.24	-43.8	-14.46	3
1359016896891	1359016896891	-0.48	-43.98	-13.86	3
1359016896929	1359016896929	-0.71999997	-43.98	-13.5	3
1359016896950	1359016896950	-1.02	-43.98	-13.259999	3
1359016896963	1359016896963	-1.38	-44.219997	-12.9	3
1359016897012	1359016897012	-1.56	-44.28	-12.78	3
1359016897028	1359016897028	-1.68	-44.52	-12.54	3
1359016897050	1359016897050	-1.8	-44.64	-12.24	3
1359016897132	1359016897132	-2.04	-44.76	-12.0	3
1359016897192	1359016897192	-2.34	-44.94	-11.759999	3
1359016897206	1359016897206	-2.7	-44.879997	-11.46	3
1359016897228	1359016897228	-2.9399998	-44.94	-11.34	3
1359016897267	1359016897267	-3.24	-45.12	-11.219999	3
1359016897290	1359016897290	-3.36	-45.12	-11.16	3
1359016897301	1359016897301	-3.6	-45.12	-11.219999	3
1359016897341	1359016897341	-3.78	-45.12	-11.5199995	3
1359016897375	1359016897375	-3.78	-45.12	-11.759999	3
1359016897409	1359016897409	-3.84	-45.0	-12.059999	3
1359016897491	1359016897491	-3.8999999	-45.059998	-12.179999	3
1359016897513	1359016897513	-3.72	-45.12	-12.36	3
1359016897525	1359016897525	-3.6	-45.059998	-12.54	3
1359016897549	1359016897549	-3.6	-45.18	-12.48	3
1359016897576	1359016897576	-3.48	-45.0	-12.48	3
1359016897606	1359016897606	-3.24	-44.82	-12.599999	3
1359016897629	1359016897629	-2.9399998	-44.76	-12.84	3
1359016897672	1359016897672	-2.7	-44.7	-13.08	3
1359016897683	1359016897683	-2.22	-44.7	-13.38	3
1359016897704	1359016897704	-1.86	-44.64	-13.559999	3
1359016897758	1359016897758	-1.3199999	-44.52	-13.559999	3
1359016897780	1359016897780	-1.0799999	-44.34	-13.679999	3
1359016897793	1359016897793	-0.65999997	-44.16	-13.799999	3
1359016897827	1359016897827	-0.12	-44.16	-13.679999	3
1359016897851	1359016897851	0.29999998	-44.28	-13.799999	3
1359016897862	1359016897862	0.78	-44.219997	-13.92	3
1359016897884	1359016897884	1.14	-44.16	-13.98	3
1359016897921	1359016897921	1.5	-44.16	-14.099999	3
1359016897955	1359016897955	2.04	-43.92	-14.219999	3
