1358945407363	1358945407363	0.65680856	-2.982322	1.5960411	3
1358945407388	1358945407388	0.65522903	-2.9807408	1.5946769	3
1358945407399	1358945407399	0.6783407	-2.9698832	1.5884073	3
1358945407439	1358945407439	0.40475705	-2.9526837	1.5547832	3
1358945407453	1358945407453	0.72841173	-2.4235168	1.2013749	3
1358945407463	1358945407463	0.4615138	-2.9236276	1.5360844	3
1358945407475	1358945407475	0.48166403	-2.404553	1.1693127	3
1358945407485	1358945407485	0.50055104	-2.403378	1.1697615	3
1358945407496	1358945407496	0.5153351	-2.4028585	1.1704063	3
1358945407508	1358945407508	0.5260389	-2.4021394	1.1706647	3
1358945407520	1358945407520	0.53035504	-2.4038785	1.1721143	3
1358945407531	1358945407531	0.524135	-2.4083962	1.1746733	3
1358945407543	1358945407543	0.51127934	-2.418207	1.1803017	3
1358945407557	1358945407557	0.49351183	-2.425103	1.1837077	3
1358945407568	1358945407568	0.46178424	-2.4353778	1.18854	3
1358945407579	1358945407579	0.4355623	-2.4401248	1.1901392	3
1358945407591	1358945407591	0.4135119	-2.4303825	1.1823931	3
1358945407605	1358945407605	0.38160387	-2.4123154	1.168696	3
1358945407615	1358945407615	0.36236548	-2.3934186	1.1552461	3
1358945407630	1358945407630	0.34292716	-2.3571663	1.1305507	3
1358945407642	1358945407642	0.32440016	-2.3206747	1.1060195	3
1358945407653	1358945407653	0.305439	-2.2867637	1.0833962	3
1358945407663	1358945407663	0.28675395	-2.25437	1.061991	3
1358945407704	1358945407704	0.26940194	-2.2247856	1.0426275	3
1358945407714	1358945407714	0.25223124	-2.1987815	1.0256945	3
1358945407726	1358945407726	0.26447406	-2.1750581	0.92416066	3
1358945408484	1358945408484	0.09451449	-1.8397751	0.81366795	3
1358945408495	1358945408495	-0.029070448	-1.7052166	0.7385183	3
1358945408508	1358945408508	-0.085444115	-1.636521	0.7017834	3
1358945408518	1358945408518	-0.74282914	-1.5814424	0.70812726	3
1358945408528	1358945408528	-0.18642469	-2.2752655	1.0813187	3
1358945408538	1358945408538	-0.8214148	-1.4463036	0.64483523	3
1358945408547	1358945408547	-0.8430145	-2.1121366	1.0238175	3
1358945408557	1358945408557	-0.8635157	-2.0119863	0.9649065	3
1358945408600	1358945408600	-0.8828494	-1.9163626	0.910176	3
1358945408611	1358945408611	-0.9035621	-1.8261338	0.8601661	3
1358945408621	1358945408621	-0.9275509	-1.7423166	0.8154256	3
1358945408640	1358945408640	-0.953649	-1.6681732	0.777358	3
1358945408654	1358945408654	-0.98010993	-1.5963547	0.7414748	3
1358945408667	1358945408667	-1.0159348	-1.5305461	0.7107547	3
1358945408682	1358945408682	-1.0484624	-1.4676787	0.6819009	3
1358945408694	1358945408694	-1.0709194	-1.3996804	0.64978725	3
1358945408705	1358945408705	-1.1074657	-1.3162366	0.61253744	3
1358945408716	1358945408716	-1.1291721	-1.249521	0.58253336	3
1358945408730	1358945408730	-2.0218081	-1.1467019	0.6170505	3
1358945408743	1358945408743	-2.0410187	-1.0579811	0.57801735	3
1358945408753	1358945408753	-1.7836496	-1.0479624	0.6395388	3
1358945408763	1358945408763	-1.7152272	-0.96231157	0.6066209	3
1358945408772	1358945408772	-1.590902	-0.87205815	0.5389777	3
1358945408782	1358945408782	-1.6261791	-0.72794634	0.48443422	3
1358945408792	1358945408792	-1.5505148	-0.55044925	0.2604279	3
1358945408802	1358945408802	-1.5300092	-0.3930217	0.11311551	3
1358945408812	1358945408812	-1.5620849	-0.18825638	-0.013062311	3
1358945408824	1358945408824	-1.6397129	0.023146482	-0.069061846	3
1358945409606	1358945409606	-2.4258056	0.7906718	0.0832441	3
1358945409623	1358945409623	-3.2370806	1.1105398	0.24224809	3
1358945409634	1358945409634	-2.1288202	0.08546236	0.15170448	3
1358945409646	1358945409646	-3.0245256	1.0658778	0.1881576	3
1358945409658	1358945409658	-2.888684	0.27410364	0.2734101	3
1358945409671	1358945409671	-2.7579482	0.2835279	0.23949733	3
1358945409681	1358945409681	-2.6356533	0.28932825	0.21011692	3
1358945409691	1358945409691	-2.5236394	0.29296836	0.1850006	3
1358945409703	1358945409703	-2.4177501	0.29554668	0.16270518	3
1358945409713	1358945409713	-2.3277802	0.29745808	0.14478724	3
1358945409723	1358945409723	-2.2488897	0.30019978	0.12960546	3
1358945409735	1358945409735	-2.1808298	0.30995882	0.11565701	3
1358945409776	1358945409776	-2.1273348	0.3291513	0.10291151	3
1358945409787	1358945409787	-2.0751033	0.3525189	0.08995909	3
1358945409798	1358945409798	-2.0282238	0.39562795	0.07466741	3
1358945409812	1358945409812	-1.9873569	0.43148398	0.062001407	3
1358945409823	1358945409823	-1.9394367	0.46743163	0.048602995	3
1358945409833	1358945409833	-1.8910581	0.50343233	0.03552607	3
1358945409843	1358945409843	-1.8438295	0.52627295	0.02514847	3
1358945409853	1358945409853	-1.7955171	0.53794163	0.016735446	3
1358945409868	1358945409868	-1.5294557	1.5494765	-2.595068	3
1358945409879	1358945409879	-1.484999	1.550711	-2.6008227	3
1358945409889	1358945409889	-1.4464442	1.5225275	-2.6008792	3
1358945409899	1358945409899	-1.4111212	1.4946839	-2.600386	3
1358945409911	1358945409911	-1.3781369	1.468653	-2.59973	3
1358945409920	1358945409920	-1.3490686	1.447187	-2.5992532	3
1358945409930	1358945409930	-1.3218977	1.4277794	-2.5987978	3
1358945410733	1358945410733	-2.1323218	2.7995987	-1.7580619	3
1358945410757	1358945410757	-2.1057916	2.5336125	-1.7048154	3
1358945410774	1358945410774	-2.0256524	2.446188	-1.6887866	3
1358945410787	1358945410787	-2.5582528	2.3246076	-1.6234382	3
1358945410797	1358945410797	-1.8688449	1.5909511	-1.4567572	3
1358945410815	1358945410815	-2.3747332	2.1874754	-1.6050632	3
1358945410826	1358945410826	-2.2797482	1.4736432	-1.3982623	3
1358945410838	1358945410838	-2.1873515	1.4512498	-1.3965356	3
1358945410851	1358945410851	-2.1001773	1.4230905	-1.3915731	3
1358945410862	1358945410862	-2.0181038	1.3942808	-1.3852655	3
1358945410873	1358945410873	-1.940569	1.3607936	-1.3763311	3
1358945410885	1358945410885	-1.8689117	1.3176059	-1.3629858	3
1358945410897	1358945410897	-1.8088255	1.270952	-1.3473884	3
1358945410936	1358945410936	-1.7626987	1.191575	-1.3187474	3
1358945410947	1358945410947	-1.7414402	1.1054727	-1.2862574	3
1358945410957	1358945410957	-1.7485201	1.0043974	-1.2465339	3
1358945410973	1358945410973	-1.7535058	0.9000112	-1.2041701	3
1358945410984	1358945410984	-1.7831093	0.8355887	-1.176932	3
1358945410995	1358945410995	-1.660357	-1.886808	1.241756	3
1358945411008	1358945411009	-1.6697379	-1.9155853	1.2543817	3
1358945411026	1358945411026	-1.3921807	-2.0461864	1.0078852	3
1358945411037	1358945411038	-1.3757957	-1.9801252	0.9796926	3
1358945411048	1358945411048	-0.9910126	-1.9151726	-0.46488664	3
1358945411061	1358945411061	-0.9344398	-1.7595091	-0.98381466	3
1358945411074	1358945411074	-0.8247635	-1.5758008	-1.3506114	3
1358945411085	1358945411085	-0.7145463	-1.4137458	-1.6760967	3
1358945411096	1358945411096	-0.53132015	-1.2225333	-2.0265777	3
1358945411106	1358945411106	-0.51563734	-1.2475638	-2.0165584	3
1358945411116	1358945411116	-0.23628406	-0.9299165	-2.7965498	3
1358945411127	1358945411127	-0.16605026	-0.80334705	-3.1838977	3
1358945411138	1358945411138	-0.15391937	-0.8510423	-3.1640346	3
1358945411875	1358945411875	-2.5068107	0.3876491	2.6747618	3
1358945411888	1358945411888	-1.5361109	1.183783	2.3901346	3
1358945411901	1358945411901	-2.3720806	1.8280488	2.186147	3
1358945411915	1358945411915	-1.7553257	0.9709736	2.4502964	3
1358945411927	1358945411927	-1.7002003	1.5957193	2.2561638	3
1358945411939	1358945411939	-1.6454239	1.5303669	2.2774084	3
1358945411951	1358945411951	-1.5931082	1.4650214	2.2993238	3
1358945411962	1358945411962	-1.5435833	1.4005177	2.3216052	3
1358945411973	1358945411973	-1.4988773	1.334636	2.3447301	3
1358945411986	1358945411986	-1.461707	1.2641832	2.3694787	3
1358945411997	1358945411998	-1.4452517	1.1845356	2.3963766	3
1358945412009	1358945412009	-1.4533328	1.0967469	2.4249172	3
1358945412020	1358945412020	-1.4913533	1.0227313	2.4474084	3
1358945412032	1358945412032	-1.5547216	0.96582013	2.4629683	3
1358945412045	1358945412045	-1.6108104	0.93898475	2.4690042	3
1358945412088	1358945412088	-1.6889586	0.9640432	2.455849	3
1358945412102	1358945412102	-1.7555984	0.9792621	2.447375	3
1358945412116	1358945412116	-1.7894228	1.0471888	2.4224236	3
1358945412130	1358945412130	-1.8142143	1.0955893	2.405043	3
1358945412156	1358945412157	-1.8216943	1.1244644	2.3950996	3
1358945412168	1358945412168	0.016074937	-1.5082846	0.25914195	3
1358945412178	1358945412178	0.018411417	-1.5357919	0.26843876	3
1358945412188	1358945412188	-0.011821224	-1.542268	0.26957858	3
1358945412198	1358945412198	-0.042275984	-1.5657009	0.27656654	3
1358945412209	1358945412209	-0.07005861	-1.599729	0.28742462	3
1358945412219	1358945412219	-0.09079013	-1.6395713	0.30070144	3
1358945412232	1358945412232	-0.10401012	-1.682458	0.31546122	3
1358945412243	1358945412243	-0.10481749	-1.7264638	0.3311422	3
1358945413020	1358945413020	-1.2522627	0.13789602	3.0518315	3
1358945413034	1358945413034	-2.1140964	0.75388086	2.8961775	3
1358945413046	1358945413046	-1.2525892	1.1662188	2.777052	3
1358945413060	1358945413060	-1.9419194	0.663015	2.9089592	3
1358945413073	1358945413073	-1.8411988	1.0597295	2.8073914	3
1358945413086	1358945413086	-1.7455049	0.9963747	2.8179817	3
1358945413100	1358945413100	-1.6541774	0.9341709	2.8297944	3
1358945413114	1358945413114	-1.5729413	0.8710344	2.843277	3
1358945413126	1358945413126	-1.5057948	0.8081144	2.8579473	3
1358945413139	1358945413139	-1.4605554	0.74296826	2.8741503	3
1358945413153	1358945413153	-1.441215	0.67927116	2.8906696	3
1358945413164	1358945413164	-1.4303838	0.6243714	2.9053047	3
1358945413181	1358945413181	-1.4605492	0.5752093	2.918768	3
1358945413195	1358945413195	-1.4880267	0.5617808	2.9226153	3
1358945413236	1358945413236	-1.4984038	0.5569202	2.9240346	3
1358945413249	1358945413249	-1.5181036	0.58983374	2.9151318	3
1358945413261	1358945413261	-1.511003	0.59298927	2.9142005	3
1358945413273	1358945413273	-1.4864392	0.61934566	2.9068472	3
1358945413285	1358945413285	-1.4563746	0.61376905	2.9082162	3
1358945413304	1358945413304	-1.4263586	0.5814	2.9170039	3
1358945413317	1358945413317	0.27855465	-1.1999547	-0.61037177	3
1358945413329	1358945413329	0.30285484	-1.2709014	-0.59001875	3
1358945413343	1358945413343	0.29773486	-1.331111	-0.5724106	3
1358945413356	1358945413356	0.29871175	-1.3944734	-0.553392	3
1358945413369	1358945413369	0.31065163	-1.4527252	-0.5354279	3
1358945413381	1358945413381	0.33087856	-1.5075411	-0.51807284	3
1358945413396	1358945413396	0.36004636	-1.5590985	-0.5012708	3
1358945413408	1358945413408	0.39553982	-1.6061113	-0.4854618	3
1358945413420	1358945413420	0.42914808	-1.6490625	-0.47064242	3
1358945414149	1358945414149	-1.2739842	0.9996874	-0.6344886	3
1358945414177	1358945414177	-1.3457748	0.80293	-0.5724118	3
1358945414190	1358945414190	-1.3190533	1.6536846	-0.8191279	3
1358945414201	1358945414201	-1.2221118	0.7103306	-0.5353484	3
1358945414213	1358945414213	-1.1690003	1.5005242	-0.77412325	3
1358945414226	1358945414226	-1.1134574	1.4186329	-0.7494284	3
1358945414237	1358945414237	-1.0623873	1.3331589	-0.72291386	3
1358945414249	1358945414249	-1.0128666	1.2492572	-0.69583243	3
1358945414261	1358945414261	-0.966332	1.1603528	-0.6663807	3
1358945414273	1358945414273	-0.92216504	1.0711025	-0.6358412	3
1358945414285	1358945414285	-0.88795745	0.95473236	-0.59623045	3
1358945414299	1358945414299	-0.87527084	0.8229186	-0.55147535	3
1358945414344	1358945414344	-0.8929982	0.6846411	-0.50487083	3
1358945414357	1358945414357	-0.92822075	0.55044717	-0.45884034	3
1358945414369	1358945414369	-0.95859426	0.4467571	-0.42191258	3
1358945414384	1358945414384	-1.0083494	0.38405368	-0.40117434	3
1358945414399	1358945414399	-1.036156	0.34460312	-0.38750413	3
1358945414411	1358945414411	-1.0458599	0.36072424	-0.3945628	3
1358945414424	1358945414424	-1.0355461	0.39096537	-0.4057833	3
1358945414436	1358945414436	0.4974413	-2.367516	0.22616029	3
1358945414457	1358945414457	0.5456417	-2.263097	-0.09924597	3
1358945414468	1358945414468	0.5847214	-2.2050807	-0.29869303	3
1358945414480	1358945414480	0.62207043	-2.0846066	-0.3972937	3
1358945414491	1358945414491	0.69272465	-1.8173586	-0.6527122	3
1358945414502	1358945414502	0.795911	-1.4870261	-0.97988605	3
1358945414513	1358945414513	0.8831283	-1.1659757	-1.4086375	3
1358945414524	1358945414524	0.8683159	-0.93792427	-1.9590964	3
1358945414537	1358945414537	0.84249085	-0.76891315	-2.4092648	3
1358945414551	1358945414551	0.8453145	-0.6286901	-2.8841825	3
1358945414561	1358945414562	0.84832263	-0.4710656	-3.2587247	3
1358945414572	1358945414572	0.8095995	-0.34428808	-3.5232677	3
1358945415323	1358945415323	-0.7727345	0.2699892	-0.4187632	3
1358945415335	1358945415335	-0.8446757	0.70983374	-0.5791297	3
1358945415348	1358945415348	-0.7862503	0.66342884	-0.5613456	3
1358945415360	1358945415360	-0.72815275	0.6214374	-0.5444553	3
1358945415373	1358945415373	-0.67353106	0.5798463	-0.52730364	3
1358945415386	1358945415386	-0.6216472	0.5398153	-0.5103297	3
1358945415397	1358945415397	-0.570937	0.5023659	-0.49385437	3
1358945415411	1358945415411	-0.5256057	0.4657716	-0.47760993	3
1358945415425	1358945415425	-0.4812875	0.4295318	-0.4611749	3
1358945415436	1358945415436	-0.4417297	0.39295888	-0.4446119	3
1358945415448	1358945415448	-0.40916657	0.35393795	-0.4273726	3
1358945415462	1358945415462	-0.38865292	0.3126169	-0.40999183	3
1358945415476	1358945415476	-0.37241286	0.26975977	-0.39213002	3
1358945415487	1358945415488	-0.38999614	0.22622927	-0.37672845	3
1358945415529	1358945415529	-0.42174065	0.18937165	-0.36489832	3
1358945415541	1358945415541	-0.60517186	-2.9441657	2.3938172	3
1358945415552	1358945415552	-0.666535	-2.9330041	2.3848236	3
1358945415563	1358945415563	-0.71105146	-2.7922494	2.327295	3
1358945415575	1358945415575	-0.76356345	-2.6227076	2.2616801	3
1358945415592	1358945415592	-0.78653604	-2.4859107	2.212634	3
1358945415603	1358945415603	-0.7888643	-2.333495	2.1619968	3
1358945415615	1358945415615	-0.7791543	-2.221002	2.1270378	3
1358945415626	1358945415626	-0.7618014	-2.1431923	2.1043444	3
1358945415641	1358945415641	-0.7403014	-2.0968852	2.091863	3
1358945415655	1358945415655	-0.7263053	-2.0675814	2.0841386	3
1358945415666	1358945415666	-0.7122851	-2.0598412	2.0827708	3
1358945415678	1358945415678	-0.6993317	-2.0512424	2.0811114	3
1358945415692	1358945415692	-0.6869104	-2.044275	2.079916	3
1358945416451	1358945416451	-0.868526	1.257157	-3.3799353	3
1358945416499	1358945416499	-0.71337086	1.5269749	-3.4446805	3
1358945416511	1358945416511	-0.6604854	1.4366999	-3.4190662	3
1358945416522	1358945416522	-1.3929617	1.8968676	3.1570847	3
1358945416533	1358945416533	-1.8948443	1.82219	3.1604679	3
1358945416543	1358945416543	-1.2911384	2.1778266	3.0927784	3
1358945416559	1358945416559	-1.7590711	1.7389508	3.185826	3
1358945416572	1358945416572	-1.6837822	2.0973506	3.0925658	3
1358945416585	1358945416585	-1.6124367	2.0405936	3.1090434	3
1358945416595	1358945416595	-1.545838	1.9846327	3.1260073	3
1358945416606	1358945416606	-1.4837759	1.926825	3.1440604	3
1358945416619	1358945416619	-1.4275901	1.8693537	3.1624832	3
1358945416631	1358945416631	-1.3826828	1.8003029	3.1841514	3
1358945416642	1358945416642	-1.3564003	1.7262528	3.2068093	3
1358945416653	1358945416653	-1.3514019	1.6523236	3.2287343	3
1358945416664	1358945416664	-1.3657302	1.5978721	3.244121	3
1358945416675	1358945416675	-1.389786	1.5617735	3.253623	3
1358945416685	1358945416685	-1.4079431	1.5586936	3.2534723	3
1358945416696	1358945416696	-1.4344857	1.5793861	3.2456045	3
1358945416710	1358945416710	-1.4329911	1.6004648	3.2392907	3
1358945416750	1358945416750	-1.4183049	1.6369512	3.2291808	3
1358945416760	1358945416760	-1.3950001	1.647655	3.2273762	3
1358945416771	1358945416771	0.41855252	-1.1812913	-0.56190443	3
1358945416783	1358945416783	0.44612005	-1.2247248	-0.54706985	3
1358945416795	1358945416795	0.4452022	-1.2386732	-0.54289865	3
1358945416813	1358945416813	0.4417769	-1.2657509	-0.53485155	3
1358945416823	1358945416823	0.43364832	-1.2997184	-0.5248855	3
1358945417581	1358945417581	-1.2839301	1.8236396	1.2381705	3
1358945417594	1358945417594	-1.2332959	1.9584064	1.1995581	3
1358945417606	1358945417606	-1.1736587	1.8892169	1.2234592	3
1358945417620	1358945417620	-1.1144595	1.8266762	1.2462101	3
1358945417633	1358945417633	-0.23927726	1.7700706	1.3600773	3
1358945417677	1358945417677	-1.0023867	1.2678528	1.4469419	3
1358945417692	1358945417692	-0.18771307	1.6495246	1.4080536	3
1358945417707	1358945417707	-0.18628362	1.1824623	1.5789503	3
1358945417720	1358945417720	-0.18690468	1.1467954	1.5930104	3
1358945417732	1358945417732	-0.19031653	1.1110139	1.6068109	3
1358945417760	1358945417760	-0.19993134	1.0712954	1.6213474	3
1358945417776	1358945417776	-0.22123891	1.028348	1.6355016	3
1358945417789	1358945417789	-0.26177755	0.98320585	1.6477561	3
1358945417802	1358945417802	-0.3042185	0.94201344	1.6584593	3
1358945417814	1358945417814	-0.38167614	0.9030445	1.6633945	3
1358945417826	1358945417826	-0.45435485	0.8934946	1.6571096	3
1358945417839	1358945417839	-0.5204921	0.89373076	1.6480712	3
1358945417852	1358945417852	-0.5755559	0.92087156	1.6293969	3
1358945417864	1358945417864	-0.6249204	0.9394147	1.6154946	3
1358945417884	1358945417884	-0.64761823	0.9575705	1.6051521	3
1358945417897	1358945417897	0.60122347	-2.3301506	0.21192835	3
1358945417910	1358945417910	0.5898432	-2.3548496	0.22104046	3
1358945417925	1358945417925	0.5652189	-2.3403769	0.21216859	3
1358945417940	1358945417940	0.5385291	-2.3434513	0.21054654	3
1358945417983	1358945417983	0.51311743	-2.3538318	0.21222295	3
1358945417997	1358945417997	0.48574764	-2.3661516	0.21460721	3
1358945418013	1358945418013	0.4654124	-2.3789413	0.21798985	3
1358945418026	1358945418026	0.44780207	-2.382236	0.21765433	3
1358945418040	1358945418040	0.43269482	-2.3825188	0.21630993	3
1358945418052	1358945418052	0.42254314	-2.3785348	0.21364392	3
1358945418065	1358945418065	0.413405	-2.3682075	0.20839316	3
1358945418778	1358945418778	-1.145585	1.5056059	-0.09695523	3
1358945418791	1358945418791	-0.98022056	-0.698717	-0.3461188	3
1358945418804	1358945418804	-1.7743993	-0.88477325	-0.42427054	3
1358945418816	1358945418816	-1.6833409	-1.149443	-0.0155810155	3
1358945418830	1358945418830	-1.8361357	-0.8588632	0.1747136	3
1358945418845	1358945418845	-1.6078428	-1.2868726	0.71585464	3
1358945418862	1358945418862	-1.1420552	-1.5171324	1.2033377	3
1358945418875	1358945418875	-0.7935303	-1.8122017	1.5255274	3
1358945418890	1358945418890	-0.439642	-1.940736	1.563513	3
1358945418905	1358945418905	-0.11034999	-2.0010734	1.3373253	3
1358945418917	1358945418917	0.19339667	-2.0020132	0.8886732	3
1358945418930	1358945418930	0.4482504	-1.936099	0.28967562	3
1358945418944	1358945418944	0.5451475	-1.7621845	-0.21226855	3
1358945418957	1358945418957	0.5751435	-1.5762603	-0.679972	3
1358945418968	1358945418968	0.7137702	-1.3682911	-0.9983856	3
1358945418981	1358945418981	0.81946504	-1.1263794	-1.2866836	3
1358945419028	1358945419028	0.91092885	-0.8524381	-1.6120108	3
1358945419039	1358945419039	0.91361314	-0.53089374	-2.0188382	3
1358945419054	1358945419054	0.92211837	-0.27456602	-2.4013562	3
1358945419066	1358945419066	0.9415556	-0.073152624	-2.7616165	3
1358945419082	1358945419082	0.8897924	0.06893705	-2.976835	3
1358945419096	1358945419096	0.87010145	0.1502531	-3.1711342	3
1358945419109	1358945419109	0.8042447	0.23706396	-3.286859	3
1358945419120	1358945419120	0.69898766	0.32975042	-3.295573	3
1358945419131	1358945419131	0.56755966	0.4360244	-3.224999	3
1358945419143	1358945419143	0.505159	0.49083444	-3.0476644	3
1358945419154	1358945419154	0.46568742	0.44686845	-3.0313025	3
1358945419165	1358945419165	0.2854495	0.3936413	-2.5839632	3
1358945419175	1358945419175	0.22622985	0.29499796	-2.2809727	3
1358945419185	1358945419185	0.21792789	0.25274375	-1.9906595	3
1358945419195	1358945419195	0.1523251	0.17943887	-1.6456618	3
1358945419944	1358945419944	-1.4389697	-0.6895961	0.013580781	3
1358945419963	1358945419963	-1.3194606	-0.35595074	-0.11843232	3
1358945419980	1358945419980	-1.2694446	-0.37132806	-0.110682726	3
1358945419994	1358945419994	-1.2184947	-0.3821014	-0.10437223	3
1358945420006	1358945420006	-1.1723762	-0.3954916	-0.09698212	3
1358945420017	1358945420017	-1.1271715	-0.4036714	-0.09142215	3
1358945420028	1358945420028	-1.0860337	-0.41293022	-0.08544599	3
1358945420039	1358945420039	-1.0493855	-0.4190221	-0.08080197	3
1358945420049	1358945420049	-1.017483	-0.42585403	-0.07603227	3
1358945420060	1358945420060	-0.9927435	-0.43571374	-0.07045184	3
1358945420071	1358945420071	-0.981132	-0.45517832	-0.06191782	3
1358945420082	1358945420082	-0.9710887	-0.48936757	-0.047528643	3
1358945420094	1358945420094	-0.98381394	-0.52439857	-0.03427987	3
1358945420105	1358945420105	-1.00033	-0.5808555	-0.01228665	3
1358945420119	1358945420119	-1.0157284	-0.632688	0.008272154	3
1358945420137	1358945420137	-1.0300237	-0.66761464	0.022073885	3
1358945420179	1358945420179	-1.0477394	-0.7017641	0.03550035	3
1358945420190	1358945420190	-1.0499942	-0.72561204	0.045631286	3
1358945420201	1358945420201	-1.0506474	-0.7310759	0.047954176	3
1358945420222	1358945420222	-1.0511047	-0.73631525	0.050195817	3
1358945420231	1358945420231	0.7038379	-0.025964463	-3.2023277	3
1358945420241	1358945420241	0.6988582	-0.03198533	-3.2000253	3
1358945420251	1358945420251	0.65371543	-0.096178986	-3.1745648	3
1358945420262	1358945420262	0.60677624	-0.1592261	-3.1489568	3
1358945420272	1358945420272	0.5607013	-0.2172738	-3.1248417	3
1358945420285	1358945420285	0.5171319	-0.27236822	-3.101313	3
1358945420295	1358945420295	0.47472137	-0.32178107	-3.0798144	3
1358945420305	1358945420305	0.43749988	-0.36693946	-3.0596483	3
1358945421083	1358945421083	-2.237319	-0.45007718	0.89894444	3
1358945421094	1358945421094	-2.2416105	-0.14383915	0.76874685	3
1358945421109	1358945421109	-2.15459	-0.1738637	0.78430915	3
1358945421126	1358945421126	-1.8437773	-0.22218554	0.82305884	3
1358945421138	1358945421138	-1.9899352	0.5045514	0.544163	3
1358945421151	1358945421151	-1.6958584	-0.28354457	0.8616046	3
1358945421165	1358945421165	-1.6373619	0.38324353	0.61246085	3
1358945421178	1358945421178	-1.5810269	0.31940323	0.6402064	3
1358945421190	1358945421190	-1.5273653	0.2590601	0.66727966	3
1358945421202	1358945421202	-1.4813575	0.20015784	0.69372463	3
1358945421214	1358945421214	-1.441732	0.1383879	0.7211486	3
1358945421225	1358945421225	-1.4161181	0.07031594	0.74989194	3
1358945421237	1358945421237	-1.4030697	-0.008343466	0.7818419	3
1358945421247	1358945421247	-1.4013338	-0.089386255	0.81412095	3
1358945421259	1358945421259	-1.4113785	-0.1711936	0.84606683	3
1358945421301	1358945421301	-1.4125206	-0.25156245	0.87939686	3
1358945421312	1358945421312	-1.4292223	-0.2983625	0.8971797	3
1358945421324	1358945421324	-1.4370486	-0.3570894	0.92155606	3
1358945421338	1358945421338	-1.4411108	-0.38039458	0.93123925	3
1358945421357	1358945421357	-1.4467021	-0.3913941	0.93537945	3
1358945421369	1358945421369	0.5305109	0.51436496	-3.7656922	3
1358945421382	1358945421382	0.5212794	0.514201	-3.7667508	3
1358945421395	1358945421395	0.48437387	0.43737203	-3.736938	3
1358945421407	1358945421407	0.4497541	0.36560354	-3.7082782	3
1358945421420	1358945421420	0.41754517	0.30271745	-3.6827054	3
1358945421433	1358945421433	0.38678443	0.24622226	-3.6593819	3
1358945421445	1358945421445	0.36029944	0.19933073	-3.6397197	3
1358945421457	1358945421457	0.33557037	0.1584896	-3.6224606	3
1358945422236	1358945422237	-0.19820611	-0.34096622	1.5347651	3
1358945422257	1358945422257	-0.21104865	0.11208792	1.3304683	3
1358945422274	1358945422274	-0.34154654	-0.13471359	1.4258255	3
1358945422286	1358945422286	-0.109998256	0.034473933	1.3736768	3
1358945422296	1358945422296	-0.08491861	-0.18685704	1.4745886	3
1358945422307	1358945422307	-0.04150573	-0.20861089	1.4895868	3
1358945422318	1358945422318	-0.01365487	-0.2357026	1.5054678	3
1358945422333	1358945422333	0.0074922554	-0.2624521	1.5205578	3
1358945422343	1358945422343	0.021027591	-0.2938222	1.5370337	3
1358945422356	1358945422356	0.020303221	-0.33057812	1.5544524	3
1358945422366	1358945422366	0.009886019	-0.3762211	1.5751562	3
1358945422375	1358945422375	-0.0059139	-0.41655633	1.5928876	3
1358945422417	1358945422417	-0.038084377	-0.4624708	1.6116683	3
1358945422429	1358945422429	-0.06682649	-0.4920599	1.6230466	3
1358945422439	1358945422439	-0.08664207	-0.50482965	1.6271745	3
1358945422448	1358945422448	-0.119249046	-0.5000179	1.6210955	3
1358945422460	1358945422460	-0.13812749	-0.49570087	1.6168647	3
1358945422470	1358945422470	-0.15989144	-0.46700874	1.6002188	3
1358945422480	1358945422480	-0.18324688	-0.44209263	1.5854478	3
1358945422494	1358945422494	0.7120714	-0.6189517	-2.3075147	3
1358945422504	1358945422504	0.687734	-0.5957222	-2.3212476	3
1358945422513	1358945422513	0.65623105	-0.60643417	-2.3190222	3
1358945422523	1358945422523	0.62658364	-0.61641955	-2.3168602	3
1358945422532	1358945422532	0.60756946	-0.6229712	-2.3153439	3
1358945422541	1358945422541	0.5937701	-0.62715924	-2.3144915	3
1358945422553	1358945422553	0.5868251	-0.630311	-2.3135412	3
1358945422562	1358945422562	0.5867849	-0.6330673	-2.312191	3
1358945423339	1358945423339	-0.43208283	-0.12755583	2.6179392	3
1358945423358	1358945423358	-0.5268715	0.288347	2.40399	3
1358945423375	1358945423375	-0.49702072	0.27640346	2.4119945	3
1358945423387	1358945423387	-0.46536157	0.2696341	2.417855	3
1358945423400	1358945423400	-0.4381854	0.25960898	2.4249623	3
1358945423411	1358945423411	-0.41375223	0.25141367	2.4310522	3
1358945423422	1358945423422	-0.3924689	0.24280922	2.437115	3
1358945423434	1358945423434	-0.37747225	0.23106356	2.4441168	3
1358945423447	1358945423447	-0.37069312	0.2127572	2.453478	3
1358945423457	1358945423457	-0.37698257	0.18328151	2.4669683	3
1358945423468	1358945423468	-0.38443902	0.13878186	2.4877672	3
1358945423481	1358945423481	-0.41376114	0.09213965	2.5078304	3
1358945423492	1358945423492	-0.44213194	0.029949442	2.5361564	3
1358945423532	1358945423532	-0.4658644	-0.023794133	2.5612102	3
1358945423544	1358945423544	-0.48992053	-0.05638649	2.575801	3
1358945423555	1358945423555	-0.51131874	-0.08824176	2.5904422	3
1358945423567	1358945423567	-0.5208426	-0.106029935	2.5989013	3
1358945423578	1358945423578	-0.5263586	-0.10630349	2.598592	3
1358945423591	1358945423591	-0.5295514	-0.10680939	2.598595	3
1358945423610	1358945423610	1.0498945	-1.1877584	-3.2822635	3
1358945423630	1358945423630	0.9629865	-1.0798408	-3.2262008	3
1358945423644	1358945423644	0.8272209	-0.9932155	-3.0399346	3
1358945423655	1358945423655	0.7259588	-0.83874804	-2.7627943	3
1358945423672	1358945423672	0.71718764	-0.8505729	-2.7572389	3
1358945423685	1358945423685	0.44477	-0.7490476	-1.9848961	3
1358945423697	1358945423697	0.29283145	-0.644087	-1.6264696	3
1358945423708	1358945423708	0.22241059	-0.6156661	-1.2394197	3
1358945423720	1358945423720	0.20792058	-0.6413994	-0.8877643	3
1358945423730	1358945423730	0.17421924	-0.6260399	-0.57089204	3
1358945423742	1358945423742	0.16947423	-0.57831955	-0.26976094	3
1358945424477	1358945424477	-1.0866469	-2.3648324	1.7307763	3
1358945424491	1358945424491	-1.7338758	-2.1510909	1.5815713	3
1358945424504	1358945424504	-1.0342458	-3.0012968	2.3508525	3
1358945424517	1358945424517	-1.0340916	-2.683201	1.9814965	3
1358945424528	1358945424528	-0.5595501	-3.3721404	2.1870759	3
1358945424542	1358945424542	-0.28777504	-3.4178147	1.911721	3
1358945424553	1358945424553	0.0016177009	-3.3216348	1.4767063	3
1358945424568	1358945424568	0.22277781	-3.1425493	0.98775434	3
1358945424579	1358945424579	0.43088952	-2.9451919	0.55309856	3
1358945424592	1358945424592	0.6517248	-2.7647827	0.1940338	3
1358945424636	1358945424636	0.65664357	-2.693326	0.16151977	3
1358945424652	1358945424652	0.91187084	-2.521815	-0.027719198	3
1358945424665	1358945424665	1.1198453	-2.2831817	-0.24164896	3
1358945424679	1358945424679	1.4111613	-1.5377378	-0.9865964	3
1358945424694	1358945424694	1.4184083	-1.167709	-1.5194589	3
1358945424708	1358945424708	1.4583769	-0.9126009	-2.0175698	3
1358945424722	1358945424722	1.3785086	-0.68099225	-2.47327	3
1358945424736	1358945424736	1.2869517	-0.42608958	-2.8555999	3
1358945424749	1358945424749	1.2102857	-0.23093612	-3.0984535	3
1358945424772	1358945424772	1.1160805	-0.073669046	-3.2510242	3
1358945424784	1358945424784	1.1087462	-0.10313626	-3.238581	3
1358945424797	1358945424797	0.97755134	0.021367783	-3.1975827	3
1358945424809	1358945424809	0.8169633	0.10636574	-3.1123424	3
1358945424824	1358945424824	0.59733826	0.20927784	-2.9925306	3
1358945424836	1358945424836	0.39876258	0.23296413	-2.7224774	3
1358945424849	1358945424849	0.32674307	0.207965	-2.456231	3
1358945424863	1358945424863	0.25828063	-0.08881576	-1.8381145	3
1358945424878	1358945424878	0.256925	-0.07146832	-1.845864	3
1358945424890	1358945424890	0.20043124	-0.18249592	-1.1897844	3
1358945424932	1358945424932	0.20530996	-0.15368426	-1.2021015	3
1358945425623	1358945425623	-0.42051873	0.5913091	1.6287931	3
1358945425637	1358945425637	-0.29082647	1.0260919	1.4546366	3
1358945425649	1358945425649	-0.25637737	0.9990061	1.4684067	3
1358945425665	1358945425665	-0.21921931	0.9767896	1.4806974	3
1358945425678	1358945425678	-0.18971981	0.9514184	1.4937527	3
1358945425692	1358945425692	-0.1587682	0.93232733	1.5045711	3
1358945425705	1358945425705	-0.13192534	0.91068894	1.5161692	3
1358945425719	1358945425719	-0.11025347	0.8925874	1.5259026	3
1358945425730	1358945425730	-0.09229404	0.8734736	1.5357541	3
1358945425746	1358945425746	-0.08114969	0.85265964	1.5456618	3
1358945425760	1358945425760	-0.077987425	0.8241773	1.5580034	3
1358945425771	1358945425771	-0.082642116	0.79375035	1.5704256	3
1358945425811	1358945425811	-0.10326215	0.73959875	1.5915093	3
1358945425822	1358945425822	-0.13312654	0.6873127	1.6112247	3
1358945425834	1358945425834	-0.17251162	0.6284388	1.6333921	3
1358945425846	1358945425846	-0.1957452	0.57110476	1.6570343	3
1358945425857	1358945425857	1.2756321	-1.3554145	-1.6753637	3
1358945425869	1358945425869	1.2556417	-1.4111698	-1.6513363	3
1358945425880	1358945425880	1.2285734	-1.4299223	-1.644965	3
1358945425893	1358945425893	1.209366	-1.4566385	-1.6340239	3
1358945425908	1358945425908	1.1934192	-1.4876986	-1.6206009	3
1358945425920	1358945425920	1.1796873	-1.5246488	-1.6039923	3
1358945425932	1358945425932	1.1662998	-1.5618241	-1.5870366	3
1358945425945	1358945425945	1.1527479	-1.5939672	-1.5723668	3
1358945425955	1358945425955	1.1366911	-1.6238858	-1.5588346	3
1358945425966	1358945425966	1.1210715	-1.6316262	-1.5561949	3
1358945425978	1358945425978	1.1054862	-1.6296538	-1.5583564	3
1358945425988	1358945425988	1.0892382	-1.6138433	-1.5674059	3
1358945425998	1358945425998	1.0724033	-1.5841373	-1.5832647	3
1358945426008	1358945426008	1.0572666	-1.5430387	-1.6043823	3
1358945426761	1358945426761	-0.7870963	1.2744203	0.5521371	3
1358945426779	1358945426779	0.32971552	1.5156875	0.6170763	3
1358945426793	1358945426793	-0.6009284	1.550364	0.46472532	3
1358945426805	1358945426805	0.3758438	1.3950261	0.6721207	3
1358945426816	1358945426816	0.36496657	1.4741341	0.63977677	3
1358945426827	1358945426827	0.35467649	1.4103186	0.6618413	3
1358945426839	1358945426839	0.34087855	1.346163	0.6838386	3
1358945426850	1358945426850	0.3225041	1.2879072	0.70308167	3
1358945426861	1358945426861	0.2958844	1.232821	0.7198305	3
1358945426873	1358945426873	0.26744288	1.181137	0.73526895	3
1358945426913	1358945426913	0.2202325	1.12919	0.7475813	3
1358945426929	1358945426929	0.1724512	1.074239	0.761632	3
1358945426951	1358945426951	0.11747619	1.0195246	0.77488726	3
1358945426965	1358945426965	0.059007194	0.95424485	0.7928642	3
1358945426977	1358945426977	0.01357406	0.8907161	0.8131927	3
1358945426993	1358945426993	-0.043321695	0.8355162	0.8285516	3
1358945427007	1358945427007	-0.08091157	0.7582503	0.85799634	3
1358945427020	1358945427020	-0.114184454	0.6998466	0.88010585	3
1358945427047	1358945427047	-0.14226137	0.6355968	0.9064117	3
1358945427065	1358945427065	1.2891724	-0.9130571	-2.6286242	3
1358945427077	1358945427077	1.2199188	-0.74786305	-2.9445903	3
1358945427089	1358945427089	1.1810036	-0.58835286	-3.1624434	3
1358945427101	1358945427101	1.1339341	-0.48359573	-3.3086886	3
1358945427112	1358945427112	1.0799539	-0.44897333	-3.2891643	3
1358945427124	1358945427124	1.055803	-0.52673024	-3.2507093	3
1358945427136	1358945427136	0.9445509	-0.47777534	-3.122209	3
1358945427153	1358945427153	0.69942546	-0.22611645	-2.702378	3
1358945427166	1358945427166	0.57245827	-0.17131811	-2.4331343	3
1358945427180	1358945427180	0.5505187	-0.24764732	-2.073778	3
1358945427222	1358945427222	0.5445805	-0.26197892	-2.0663376	3
1358945427235	1358945427235	0.5724394	-0.3175994	-1.6078246	3
1358945427927	1358945427927	-0.21290714	-0.13100539	3.133049	3
1358945427942	1358945427942	-0.45927626	-0.048994627	3.057322	3
1358945427959	1358945427959	-0.057316758	-0.042073593	3.1116018	3
1358945427972	1358945427972	-0.3287496	-0.0041071433	3.0511925	3
1358945427985	1358945427985	-0.26021847	-0.040980536	3.0794806	3
1358945428028	1358945428028	-0.19667408	-0.0203928	3.0783372	3
1358945428040	1358945428040	-0.13940278	-0.0011292963	3.0773897	3
1358945428051	1358945428051	-0.092253774	0.01540449	3.0765855	3
1358945428065	1358945428065	-0.054007486	0.025532208	3.0777965	3
1358945428079	1358945428079	-0.029179187	0.028908115	3.0802865	3
1358945428093	1358945428093	-0.017934885	0.022352118	3.085511	3
1358945428106	1358945428106	-0.015402006	0.0096066175	3.0923839	3
1358945428122	1358945428122	-0.024182256	-0.007361761	3.0994835	3
1358945428136	1358945428136	-0.029286155	-0.032333996	3.1113534	3
1358945428148	1358945428148	-0.039736092	-0.04375351	3.1154287	3
1358945428160	1358945428160	-0.05484496	-0.06654957	3.1246202	3
1358945428178	1358945428178	-0.06497078	-0.083524674	3.1317163	3
1358945428190	1358945428190	-0.080597535	-0.0908879	3.132945	3
1358945428203	1358945428203	-0.099047236	-0.097453535	3.133332	3
1358945428220	1358945428220	0.7560187	-0.18794541	-2.95948	3
1358945428237	1358945428237	0.732625	-0.17574178	-2.9695408	3
1358945428248	1358945428248	0.6452485	-0.13459493	-2.663361	3
1358945428260	1358945428260	0.619508	-0.14676644	-2.2772617	3
1358945428271	1358945428271	0.6458296	-0.14795242	-1.8387322	3
1358945428313	1358945428313	0.6005137	-0.16582477	-0.80246496	3
1358945428324	1358945428324	0.5970523	-0.19441842	-0.27772096	3
1358945428335	1358945428335	0.62677336	-0.2176783	0.21101475	3
1358945428347	1358945428347	0.66963065	-0.27431175	0.6402333	3
1358945428358	1358945428358	0.6656495	-0.29804158	0.9525544	3
1358945428369	1358945428369	0.7208042	-0.2810314	1.1968974	3
1358945429083	1358945429083	0.90706193	-1.2690334	0.7057973	3
1358945429098	1358945429098	0.15902898	-1.5821062	0.74602354	3
1358945429115	1358945429115	0.9752023	-1.1669683	0.67716163	3
1358945429130	1358945429130	0.23819882	-1.5646502	0.7450398	3
1358945429141	1358945429141	0.29445583	-1.2567468	0.6233862	3
1358945429151	1358945429151	0.34523484	-1.2646652	0.6313275	3
1358945429162	1358945429162	0.39034957	-1.2720975	0.6387901	3
1358945429201	1358945429201	0.4293413	-1.2811126	0.64645666	3
1358945429212	1358945429212	0.46018577	-1.2919841	0.6541338	3
1358945429226	1358945429226	0.48194838	-1.3098769	0.66370004	3
1358945429238	1358945429238	0.49793243	-1.3373951	0.6765724	3
1358945429249	1358945429249	0.49980217	-1.3725253	0.69102997	3
1358945429263	1358945429263	0.49813235	-1.4199111	0.7102958	3
1358945429277	1358945429277	0.4950883	-1.4627019	0.727766	3
1358945429289	1358945429289	0.47581455	-1.4969193	0.73997784	3
1358945429302	1358945429302	0.462964	-1.5300108	0.7526134	3
1358945429316	1358945429316	0.4446496	-1.5292796	0.7502613	3
1358945429331	1358945429331	0.4253623	-1.5094713	0.73970664	3
1358945429343	1358945429343	0.4054669	-1.4773424	0.72399	3
1358945429354	1358945429354	0.39062372	-1.4102609	0.6945067	3
1358945429372	1358945429372	0.5856816	0.1448118	-1.5768595	3
1358945429383	1358945429383	0.57439035	0.22804742	-1.6110768	3
1358945429395	1358945429395	0.5629709	0.25899756	-1.6242852	3
1358945429407	1358945429407	0.55676633	0.2906395	-1.6371131	3
1358945429418	1358945429418	0.5571829	0.31911126	-1.6479584	3
1358945429430	1358945429430	0.56407106	0.341523	-1.6557792	3
1358945429472	1358945429472	0.5767146	0.35637218	-1.6601217	3
1358945429489	1358945429489	0.59230393	0.36399758	-1.661417	3
1358945429505	1358945429505	0.6090473	0.36342123	-1.6594857	3
1358945429521	1358945429521	0.62466395	0.36019993	-1.656649	3
1358945430220	1358945430220	0.2098617	-0.055949267	0.48943305	3
1358945430233	1358945430233	-0.16582213	-0.03951777	0.4466893	3
1358945430245	1358945430245	0.2136817	0.2517872	0.38123336	3
1358945430259	1358945430259	-0.0874832	-0.04079437	0.4535212	3
1358945430280	1358945430280	-0.043126903	0.3185475	0.33269936	3
1358945430292	1358945430292	-0.00400529	0.3010089	0.34199968	3
1358945430338	1358945430338	0.03165208	0.2831427	0.35127312	3
1358945430353	1358945430353	0.063345805	0.26269555	0.3611878	3
1358945430368	1358945430368	0.087514035	0.23789982	0.37194064	3
1358945430382	1358945430382	0.10353731	0.20536593	0.3845967	3
1358945430396	1358945430396	0.11171251	0.15897213	0.40134677	3
1358945430417	1358945430417	0.11079715	0.107258014	0.41926003	3
1358945430430	1358945430430	0.09891002	0.048490766	0.4388596	3
1358945430449	1358945430449	0.09524375	-0.009797172	0.45958033	3
1358945430470	1358945430470	0.07107552	-0.033643913	0.46581718	3
1358945430483	1358945430483	0.056957275	-0.07285715	0.47892568	3
1358945430495	1358945430495	0.038920246	-0.07522592	0.4779963	3
1358945430509	1358945430509	0.023980303	-0.053266313	0.46834818	3
1358945430522	1358945430522	0.010584231	-0.02691139	0.45731708	3
1358945430534	1358945430534	0.2772485	0.4718068	-2.047958	3
1358945430555	1358945430555	0.20250133	0.5084157	-1.5385797	3
1358945430569	1358945430569	0.13041764	0.56130207	-0.6057143	3
1358945430581	1358945430581	0.07170739	0.5546727	-0.26888475	3
1358945430593	1358945430593	0.04112623	0.56141835	-4.1851768E-4	3
1358945430636	1358945430636	0.042923562	0.57816637	0.15340193	3
1358945430649	1358945430649	0.0447556	0.5999562	0.14605917	3
1358945430661	1358945430661	-0.011932284	0.55845165	0.30347267	3
1358945430672	1358945430672	-0.009037585	0.56595045	0.3011831	3
1358945430683	1358945430683	-0.022103038	0.5702034	0.2802578	3
1358945430695	1358945430695	0.060524613	0.65222764	0.1760013	3
1358945430707	1358945430707	0.072464205	0.6739543	0.14899522	3
1358945430718	1358945430718	0.061664138	0.66109073	0.15241058	3
1358945430729	1358945430729	0.14076866	0.7521102	0.1366887	3
1358945430740	1358945430740	0.21847276	1.038117	0.33039165	3
1358945431425	1358945431425	-0.87099624	-0.11721797	1.548329	3
1358945431442	1358945431442	-0.2831082	-0.23809214	1.6400217	3
1358945431458	1358945431458	-0.91265965	0.1933917	1.4443465	3
1358945431473	1358945431473	-0.23166297	-0.23019642	1.643236	3
1358945431517	1358945431517	-0.23003948	0.23062663	1.4891117	3
1358945431530	1358945431530	-0.22869602	0.20815818	1.4962077	3
1358945431542	1358945431542	-0.23199521	0.18336919	1.5035359	3
1358945431557	1358945431557	-0.23707609	0.1560767	1.5115151	3
1358945431570	1358945431570	-0.25139534	0.12818566	1.5186867	3
1358945431582	1358945431582	-0.2739027	0.09489275	1.52677	3
1358945431595	1358945431595	-0.30313122	0.06505904	1.5331489	3
1358945431609	1358945431609	-0.34352177	0.049837507	1.5336995	3
1358945431623	1358945431623	-0.3900136	0.04444237	1.530587	3
1358945431639	1358945431639	-0.42870495	0.06094576	1.5212954	3
1358945431653	1358945431653	-0.4837621	0.10228227	1.5026538	3
1358945431667	1358945431667	0.154387	0.71565706	-1.0800626	3
1358945431680	1358945431680	0.115248136	0.78350544	-1.1046253	3
1358945431695	1358945431695	0.070437446	0.81424135	-1.1176742	3
1358945431710	1358945431710	0.029110506	0.8440625	-1.1298558	3
1358945431732	1358945431732	0.0032584905	0.8724875	-1.1402473	3
1358945431744	1358945431744	-0.016929215	0.8928771	-1.1477094	3
1358945431757	1358945431757	-0.027268823	0.9061057	-1.1523142	3
1358945431769	1358945431769	-0.03302527	0.9069167	-1.1529385	3
1358945431812	1358945431812	-0.035365183	0.89667237	-1.1500748	3
1358945431825	1358945431825	-0.03921835	0.87596625	-1.144194	3
1358945431837	1358945431837	-0.044607863	0.8493033	-1.1365719	3
1358945431849	1358945431849	-0.05267485	0.8219091	-1.1288188	3
1358945431862	1358945431862	-0.06373817	0.79864484	-1.1224288	3
1358945431874	1358945431874	-0.0778372	0.77906275	-1.1172943	3
1358945431888	1358945431888	-0.09347784	0.76583767	-1.114159	3
1358945431903	1358945431903	-0.108584076	0.7531255	-1.1111095	3
1358945432589	1358945432589	-0.8812351	0.6736527	1.6187346	3
1358945432601	1358945432601	-0.6082592	0.56050855	1.6758476	3
1358945432612	1358945432612	-0.90456885	0.550093	1.663997	3
1358945432624	1358945432624	-0.53138214	0.5196166	1.6972038	3
1358945432637	1358945432637	-0.50467813	0.48653382	1.7121716	3
1358945432649	1358945432649	-0.48067018	0.4666922	1.7219238	3
1358945432661	1358945432661	-0.4592834	0.44450203	1.7324972	3
1358945432703	1358945432703	-0.44255248	0.42090076	1.7433342	3
1358945432714	1358945432714	-0.4331167	0.39563715	1.7542905	3
1358945432726	1358945432726	-0.43367463	0.36631256	1.7660856	3
1358945432740	1358945432740	-0.44319984	0.3321721	1.7791678	3
1358945432757	1358945432757	-0.4625174	0.30374798	1.7891841	3
1358945432769	1358945432769	-0.49507177	0.2812661	1.7957565	3
1358945432781	1358945432781	-0.5226289	0.2706348	1.7979437	3
1358945432796	1358945432796	-0.55727106	0.2978402	1.7839199	3
1358945432810	1358945432810	-0.5941351	0.31011692	1.7761166	3
1358945432821	1358945432821	-0.620916	0.3604992	1.7536148	3
1358945432833	1358945432833	-0.64732015	0.41435355	1.7301661	3
1358945432846	1358945432846	-0.66985303	0.46675068	1.7079871	3
1358945432865	1358945432865	-0.17838396	0.30582917	-0.28519642	3
1358945432877	1358945432877	-0.1888659	0.35174072	-0.30341715	3
1358945432890	1358945432890	-0.20020576	0.3793974	-0.31455344	3
1358945432920	1358945432920	-0.20434768	0.3986445	-0.3220213	3
1358945432936	1358945432936	-0.20307285	0.40966743	-0.3260662	3
1358945432951	1358945432951	-0.19912907	0.41111472	-0.32637364	3
1358945432965	1358945432965	-0.19202216	0.40686172	-0.32436758	3
1358945433008	1358945433008	-0.1875551	0.39739773	-0.32056233	3
1358945433022	1358945433022	-0.18527181	0.3854127	-0.31592882	3
1358945433718	1358945433718	-0.4728162	0.41223758	-0.15113749	3
1358945433734	1358945433734	-0.56491464	0.40265083	-0.15265724	3
1358945433748	1358945433748	-0.52782786	0.37245238	-0.1394564	3
1358945433760	1358945433760	-0.49150276	0.3477613	-0.12811726	3
1358945433772	1358945433772	-0.4583874	0.31940556	-0.11535189	3
1358945433786	1358945433786	-0.42918894	0.29216275	-0.10304654	3
1358945433800	1358945433800	-0.40617806	0.26423955	-0.09070728	3
1358945433841	1358945433841	-0.388128	0.23348844	-0.07744623	3
1358945433853	1358945433853	-0.37805393	0.19941725	-0.063276835	3
1358945433865	1358945433865	-0.37429795	0.15781157	-0.046372462	3
1358945433877	1358945433877	-0.37223926	0.114153616	-0.028529929	3
1358945433891	1358945433891	-0.37967116	0.06806144	-0.010114567	3
1358945433905	1358945433905	-0.3916511	0.019273149	0.009392098	3
1358945433918	1358945433918	-0.3912517	-0.025482817	0.02836451	3
1358945433931	1358945433931	-0.4145595	-0.04196692	0.033799395	3
1358945433944	1358945433944	-0.42871577	-0.07984657	0.049166474	3
1358945433958	1358945433958	-0.44950545	-0.08132891	0.048453942	3
1358945433974	1358945433974	-0.47651693	-0.07972966	0.046070848	3
1358945433990	1358945433990	-0.5076461	-0.06814678	0.03922025	3
1358945434009	1358945434009	0.01636369	0.5057669	-2.2401779	3
1358945434021	1358945434021	0.11159298	0.3902847	-1.4492869	3
1358945434035	1358945434035	0.027535073	0.368532	-0.98067635	3
1358945434049	1358945434049	-0.007414514	0.38563687	-0.98949385	3
1358945434061	1358945434061	-0.10270064	0.3489289	-0.59162503	3
1358945434073	1358945434073	-0.19132604	0.36751902	-0.26901686	3
1358945434085	1358945434085	-0.2412113	0.3658695	0.06976035	3
1358945434097	1358945434097	-0.25911048	0.35735622	0.16832303	3
1358945434140	1358945434140	-0.3173967	0.38914165	0.22823885	3
1358945434153	1358945434153	-0.36365622	0.42971653	0.26962066	3
1358945434167	1358945434167	-0.4630983	0.4666519	0.23616613	3
1358945434863	1358945434863	-0.016568858	0.5335931	-0.02653028	3
1358945434879	1358945434879	-0.3787534	0.23197395	0.090471715	3
1358945434893	1358945434893	-0.045727003	-0.17678514	0.27744624	3
1358945434909	1358945434909	-0.31097472	0.19022623	0.10789865	3
1358945434922	1358945434922	-0.27020475	-0.2100719	0.28961658	3
1358945434962	1358945434962	-0.23346491	-0.2139923	0.29173195	3
1358945434973	1358945434973	-0.20350145	-0.21996845	0.29491058	3
1358945434986	1358945434986	-0.1798305	-0.22745618	0.2988374	3
1358945434999	1358945434999	-0.16480522	-0.23565876	0.30303487	3
1358945435011	1358945435011	-0.16170856	-0.24824762	0.30919865	3
1358945435025	1358945435026	-0.16005452	-0.26495063	0.31737143	3
1358945435042	1358945435042	-0.16866627	-0.27961802	0.32441843	3
1358945435055	1358945435055	-0.17649873	-0.3000655	0.33436465	3
1358945435069	1358945435069	-0.17556627	-0.3195429	0.34402445	3
1358945435085	1358945435085	-0.18675737	-0.32985157	0.34899056	3
1358945435098	1358945435098	-0.18506563	-0.36498308	0.36659634	3
1358945435112	1358945435112	-0.18398558	-0.37925768	0.37380818	3
1358945435127	1358945435127	-0.18581235	-0.41032064	0.38953882	3
1358945435141	1358945435141	-0.188175	-0.43862873	0.40398937	3
1358945435161	1358945435161	-0.6009068	-0.9306445	-2.131732	3
1358945435173	1358945435173	-0.5297998	-0.7324457	-1.9815562	3
1358945435185	1358945435185	-0.51265466	-0.7575772	-1.968215	3
1358945435198	1358945435198	-0.7316494	-0.37579674	-1.4495851	3
1358945435210	1358945435210	-0.7070681	-0.3846493	-1.4444401	3
1358945435253	1358945435253	-0.79406554	-0.26021922	-1.2471803	3
1358945435267	1358945435267	-0.7951454	-0.03428893	-1.0860937	3
1358945435282	1358945435282	-0.7167799	0.07047201	-1.036687	3
1358945435295	1358945435295	-0.6964137	0.17142887	-0.9608464	3
1358945435308	1358945435308	-0.6889248	0.13065176	-0.93852943	3
1358945435322	1358945435322	-0.768196	0.22847617	-0.8695979	3
1358945436017	1358945436017	0.17445451	-0.1301929	0.98020643	3
1358945436033	1358945436033	0.22656974	-0.4271277	1.1653444	3
1358945436049	1358945436049	0.23480012	-0.49111646	0.79037356	3
1358945436091	1358945436091	0.13992885	0.021669395	-0.03578034	3
1358945436119	1358945436119	0.29376417	-0.49279523	-0.24719664	3
1358945436135	1358945436135	0.41085824	-0.14940146	-0.9896961	3
1358945436158	1358945436158	0.57604694	-0.2895552	-1.3157296	3
1358945436172	1358945436172	0.7566319	-0.4664856	-1.4827105	3
1358945436193	1358945436193	0.9230609	-0.59576136	-1.7061055	3
1358945436205	1358945436205	0.9860048	-0.70795566	-1.9754608	3
1358945436215	1358945436215	1.0019741	-0.7928902	-1.9177381	3
1358945436226	1358945436226	1.014663	-0.87648565	-2.0640392	3
1358945436236	1358945436236	0.94913393	-0.9244059	-2.118952	3
1358945436245	1358945436245	0.5957824	-0.80073595	-2.2485704	3
1358945436255	1358945436255	0.45015377	-0.8125404	-2.1793776	3
1358945436265	1358945436265	0.29487258	-0.84678054	-2.0397756	3
1358945436275	1358945436275	0.3014172	-0.90583533	-1.9946868	3
1358945436292	1358945436292	0.23157768	-0.9178455	-1.800124	3
1358945436306	1358945436306	0.18314007	-0.9334768	-1.6287388	3
1358945436319	1358945436319	0.18145284	-0.98084646	-1.3857179	3
1358945436333	1358945436334	0.19654842	-1.0021721	-1.367413	3
1358945436344	1358945436344	0.08855302	-1.0014842	-0.9967326	3
1358945436387	1358945436387	0.21238106	-0.85395026	-0.65697044	3
1358945436397	1358945436397	0.2929428	-0.7947265	-0.3991098	3
1358945436407	1358945436407	0.41893765	-0.7214672	-0.22161213	3
1358945436417	1358945436417	0.56378686	-0.65015787	-0.08846447	3
1358945436427	1358945436427	0.620043	-0.59476036	-0.006011808	3
1358945436437	1358945436437	0.6357491	-0.5833318	-0.0130816	3
1358945436448	1358945436448	0.7646432	-0.5436369	0.027931964	3
1358945436459	1358945436459	0.8599843	-0.49862406	-0.014478023	3
1358945436469	1358945436469	0.8993924	-0.47960666	0.024079964	3
1358945436482	1358945436482	0.895309	-0.40969843	0.07671733	3
1358945436492	1358945436492	0.9386428	-0.266791	0.20754853	3
1358945437174	1358945437174	-0.19743608	0.56734043	1.5982051	3
1358945437187	1358945437187	0.22545499	0.48940673	1.7080467	3
1358945437202	1358945437202	-0.13016711	0.62392217	1.5674721	3
1358945437243	1358945437243	0.27561954	0.48408875	1.7199714	3
1358945437257	1358945437257	0.28794974	0.6171955	1.6305636	3
1358945437272	1358945437272	0.29727226	0.6044126	1.6407688	3
1358945437285	1358945437285	0.30389827	0.58922964	1.6521932	3
1358945437300	1358945437300	0.30643174	0.57342064	1.6634003	3
1358945437313	1358945437313	0.3061655	0.55690324	1.6746669	3
1358945437328	1358945437328	0.29287332	0.5397259	1.6842344	3
1358945437344	1358945437344	0.2689532	0.52096975	1.6931998	3
1358945437358	1358945437358	0.23303477	0.50274146	1.6999791	3
1358945437375	1358945437375	0.1841347	0.49879125	1.6949942	3
1358945437391	1358945437391	0.12357122	0.5040344	1.6822096	3
1358945437405	1358945437405	0.07832469	0.5239046	1.6619471	3
1358945437420	1358945437420	0.015419176	0.57457453	1.6186662	3
1358945437437	1358945437437	-0.029970704	0.602804	1.5936867	3
1358945437451	1358945437451	0.7030854	-0.6066963	-1.158357	3
1358945437466	1358945437466	0.5292377	-0.54717153	-1.170532	3
1358945437486	1358945437486	0.34954572	-0.5277374	-1.1202794	3
1358945437499	1358945437499	0.19284868	-0.47064182	-1.0808675	3
1358945437511	1358945437511	0.17733283	-0.46880117	-1.0837224	3
1358945437524	1358945437524	0.035096593	-0.5005202	-0.9571307	3
1358945437567	1358945437567	0.03868322	-0.49911448	-0.9576631	3
1358945437582	1358945437582	0.070727445	-0.5901324	-0.76679105	3
1358945437598	1358945437598	0.108979724	-0.6167942	-0.5987866	3
1358945437611	1358945437611	0.162997	-0.62789196	-0.480567	3
1358945437624	1358945437624	0.202767	-0.5642784	-0.38434535	3
1358945437639	1358945437639	0.29931203	-0.5577552	-0.30582362	3
1358945437655	1358945437655	0.4106639	-0.5538769	-0.23381285	3
1358945437668	1358945437668	0.48460445	-0.53315735	-0.23610768	3
1358945438360	1358945438360	1.0625116	0.8500746	1.4838474	3
1358945438378	1358945438378	1.1307547	0.6940461	1.590881	3
1358945438390	1358945438390	1.169457	0.6942659	1.5994337	3
1358945438402	1358945438402	1.206476	0.6963813	1.6066402	3
1358945438444	1358945438444	1.2380234	0.69798344	1.6130372	3
1358945438456	1358945438456	1.2662226	0.6996581	1.6187171	3
1358945438470	1358945438470	1.2875781	0.7001117	1.623578	3
1358945438485	1358945438485	1.3016053	0.69818395	1.6281542	3
1358945438500	1358945438500	1.3044629	0.69036305	1.6336049	3
1358945438512	1358945438512	1.294166	0.67460024	1.6406997	3
1358945438524	1358945438524	1.2803366	0.65713996	1.6480321	3
1358945438539	1358945438539	1.244275	0.63513917	1.6529198	3
1358945438551	1358945438551	1.207107	0.62237084	1.6520565	3
1358945438564	1358945438564	1.1830764	0.621231	1.6472014	3
1358945438576	1358945438576	2.1454053	-0.8243293	-1.7899457	3
1358945438588	1358945438588	2.1217043	-0.8105948	-1.8036008	3
1358945438600	1358945438600	2.099189	-0.76670074	-1.8351065	3
1358945438612	1358945438612	2.0788012	-0.72674805	-1.8633997	3
1358945438630	1358945438630	2.0556412	-0.68813837	-1.8911505	3
1358945438647	1358945438647	2.031669	-0.65024906	-1.9183137	3
1358945438661	1358945438662	2.0027244	-0.61031044	-1.947337	3
1358945438680	1358945438680	1.970564	-0.5684797	-1.9776825	3
1358945438691	1358945438691	1.9319221	-0.5246388	-2.0099669	3
1358945438736	1358945438736	1.8918984	-0.47406802	-2.0457044	3
1358945438751	1358945438751	1.8515047	-0.42660075	-2.07918	3
1358945438764	1358945438764	1.812639	-0.38151073	-2.1105263	3
1358945438777	1358945438777	1.7752584	-0.34145433	-2.1384184	3
1358945438792	1358945438792	1.7452439	-0.30657443	-2.161922	3
1358945438806	1358945438806	1.7224344	-0.27766484	-2.1808283	3
1358945438818	1358945438818	1.7064179	-0.25165012	-2.1969395	3
1358945439507	1358945439507	0.5826904	0.35625792	2.134726	3
1358945439529	1358945439529	0.20570187	0.8002663	1.8594034	3
1358945439542	1358945439542	0.6759259	0.8157933	1.9119834	3
1358945439554	1358945439554	0.27113444	1.3601953	1.6177485	3
1358945439569	1358945439569	0.71752477	0.79862875	1.9268466	3
1358945439583	1358945439583	0.7233912	1.3278037	1.6901562	3
1358945439603	1358945439603	0.7286853	1.2821748	1.7099966	3
1358945439644	1358945439644	0.7307383	1.2378125	1.7290654	3
1358945439657	1358945439657	0.72965837	1.1922563	1.7484149	3
1358945439668	1358945439668	0.724755	1.1469538	1.7673265	3
1358945439681	1358945439681	0.70892656	1.0934788	1.7884237	3
1358945439694	1358945439694	0.68493193	1.033532	1.8115836	3
1358945439707	1358945439707	0.6519031	0.97441465	1.8335283	3
1358945439718	1358945439718	0.60694724	0.91667324	1.8536534	3
1358945439731	1358945439731	0.5665937	0.8607687	1.8742121	3
1358945439743	1358945439743	0.517661	0.8299787	1.8821003	3
1358945439755	1358945439755	0.47201955	0.7907737	1.8948821	3
1358945439769	1358945439769	0.43368238	0.77104896	1.8995074	3
1358945439784	1358945439784	0.39729032	0.7609385	1.8998867	3
1358945439797	1358945439797	0.47750923	-0.1769041	-3.0224464	3
1358945439814	1358945439814	0.44500002	-0.17987727	-3.0247974	3
1358945439828	1358945439828	0.42304063	-0.20257191	-3.0161622	3
1358945439842	1358945439842	0.39989993	-0.21051966	-3.0148253	3
1358945439854	1358945439854	0.37614775	-0.21324849	-3.016063	3
1358945439866	1358945439866	0.34989876	-0.20764585	-3.0216105	3
1358945439885	1358945439885	0.3241564	-0.1946379	-3.0306585	3
1358945439897	1358945439897	0.29981604	-0.17757425	-3.041444	3
1358945439938	1358945439938	0.27819216	-0.1596081	-3.0522957	3
1358945439951	1358945439951	0.26230726	-0.1427081	-3.0619905	3
1358945439964	1358945439964	0.25238997	-0.12751725	-3.0702405	3
1358945439977	1358945439977	0.24710576	-0.11559827	-3.0764523	3
1358945439991	1358945439992	0.2455271	-0.10530367	-3.0815234	3
1358945440683	1358945440683	0.51708114	2.5207732	-0.6663433	3
1358945440701	1358945440701	-0.8299913	2.3170986	-0.5303981	3
1358945440717	1358945440717	0.5066823	-0.10680559	0.71615916	3
1358945440731	1358945440731	-0.6035638	-0.5751742	-0.42948624	3
1358945440749	1358945440749	-0.52527285	-0.11656243	-1.1125252	3
1358945440766	1358945440766	-0.35362136	0.0058019646	-1.5273077	3
1358945440781	1358945440781	-0.19637115	0.1875494	-1.9949095	3
1358945440793	1358945440793	-0.13345954	0.33595484	-2.5069442	3
1358945440807	1358945440807	-0.11830336	0.4287585	-2.9566946	3
1358945440850	1358945440850	-0.16462088	0.4927137	-3.3335145	3
1358945440863	1358945440863	-0.23895234	0.48102763	-3.6668303	3
1358945440882	1358945440882	-0.33222285	0.41142306	-3.8646548	3
1358945440902	1358945440902	-0.31327882	0.34056	-3.8307993	3
1358945440916	1358945440916	-0.40824902	0.24031332	-3.9587066	3
1358945440932	1358945440932	-0.50751364	0.16506957	-3.9307976	3
1358945440945	1358945440945	-0.62496513	0.13836364	-3.797471	3
1358945440959	1358945440959	-0.6641779	0.16482553	-3.197354	3
1358945440972	1358945440972	-0.7324191	0.15071313	-2.7544794	3
1358945440987	1358945440987	-0.72712755	0.1432175	-2.3534646	3
1358945441006	1358945441006	-0.71572703	0.10587708	-1.8995138	3
1358945441024	1358945441024	-0.7199191	0.13525194	-1.4983062	3
1358945441037	1358945441037	-0.7582019	0.18238749	-1.1300871	3
1358945441049	1358945441049	-0.75504225	0.18645693	-0.8217197	3
1358945441062	1358945441062	-0.7338733	0.15527415	-0.59134096	3
1358945441074	1358945441074	-0.6738342	0.20416795	-0.44872868	3
1358945441092	1358945441092	-0.60693747	0.23492374	-0.3351362	3
1358945441104	1358945441104	-0.48694476	0.35534605	-0.3043962	3
1358945441122	1358945441122	-0.4070943	0.45592475	-0.3401976	3
1358945441182	1358945441182	-0.3497845	0.6263953	-0.3820359	3
1358945441198	1358945441198	-0.35320663	0.7346376	-0.43096918	3
1358945441212	1358945441212	-0.32083607	0.80749625	-0.46689156	3
1358945441225	1358945441225	-0.26951882	0.9089298	-0.49309742	3
1358945441237	1358945441237	-0.25095513	0.90572107	-0.49098378	3
1358945441960	1358945441960	0.02958955	-1.286571	-1.9198043	3
1358945441978	1358945441978	0.23652202	-1.0581477	-2.5657775	3
1358945441989	1358945441989	-0.057405476	-0.8770535	-2.8334804	3
1358945442000	1358945442000	-0.10316044	-1.3380983	-2.43436	3
1358945442012	1358945442012	-0.14047855	-1.2111893	-2.315455	3
1358945442023	1358945442023	-0.082342364	-1.1931019	-2.3274634	3
1358945442035	1358945442035	-0.12044465	-1.165314	-2.0134797	3
1358945442047	1358945442047	-0.44744065	-1.1878569	-1.5795887	3
1358945442061	1358945442061	-0.08941782	-1.6485701	-0.27926353	3
1358945442075	1358945442075	-0.35773128	-1.2179639	-0.15432489	3
1358945442086	1358945442086	-0.3241492	-1.5813694	0.5529162	3
1358945442098	1358945442098	-0.21463396	-1.5005925	0.9299445	3
1358945442110	1358945442110	-0.115519956	-1.4600372	1.2040268	3
1358945442124	1358945442124	-0.044935632	-1.4020377	1.4038153	3
1358945442135	1358945442135	-0.013768048	-1.3110222	1.5030261	3
1358945442147	1358945442147	0.06688096	-1.2445608	1.4728385	3
1358945442158	1358945442158	0.064981885	-1.1263787	1.4570014	3
1358945442200	1358945442200	0.033249814	-1.0504943	1.310207	3
1358945442211	1358945442211	0.038722914	-0.98309654	1.1320728	3
1358945442227	1358945442227	0.046231117	-0.92731273	1.0283546	3
1358945442238	1358945442238	0.08108046	-0.8174904	0.9630139	3
1358945442249	1358945442249	0.14297833	-0.7156956	0.8622458	3
1358945442260	1358945442260	0.16200356	-0.5853899	0.78458565	3
1358945442271	1358945442271	0.17695406	-0.4392302	0.75775784	3
1358945442291	1358945442291	0.17065592	-0.25483635	0.8083856	3
1358945442305	1358945442305	0.16946901	0.048930913	0.87252694	3
1358945442318	1358945442318	0.14783767	0.10982991	0.83415776	3
1358945442329	1358945442329	0.15046829	0.38850716	0.7940964	3
1358945443081	1358945443081	0.15261799	-1.0540186	2.5432827	3
1358945443096	1358945443096	0.4991829	-0.90624917	2.473664	3
1358945443139	1358945443139	0.088377796	-0.5192478	2.2786136	3
1358945443154	1358945443154	0.56553066	-0.8864809	2.4665906	3
1358945443171	1358945443171	0.5868453	-0.52087945	2.2907472	3
1358945443188	1358945443188	0.60603005	-0.5285855	2.295283	3
1358945443202	1358945443202	0.6232601	-0.5380732	2.3005824	3
1358945443217	1358945443217	0.635788	-0.54822135	2.3059635	3
1358945443232	1358945443232	0.6407769	-0.5593819	2.3114176	3
1358945443269	1358945443269	0.6359238	-0.5714026	2.316729	3
1358945443285	1358945443285	0.61973906	-0.5860262	2.3226504	3
1358945443300	1358945443300	0.5936098	-0.5950269	2.3254719	3
1358945443323	1358945443323	0.557231	-0.5957555	2.3240047	3
1358945443335	1358945443335	0.5165974	-0.5884777	2.3187523	3
1358945443346	1358945443346	0.48694667	-0.5731158	2.3103578	3
1358945443357	1358945443357	0.44183692	-0.51847416	2.2834554	3
1358945443368	1358945443368	0.15726201	-0.1539093	0.08569325	3
1358945443380	1358945443380	0.13447212	-0.092294544	0.05729133	3
1358945443396	1358945443396	0.123754665	-0.05777736	0.041686933	3
1358945443408	1358945443408	0.118819915	-0.030254561	0.029465165	3
1358945443421	1358945443421	0.11744057	-0.012871757	0.021845922	3
1358945443435	1358945443435	0.11963647	-0.004679098	0.01834522	3
1358945443478	1358945443478	0.122460134	-0.0039332476	0.018101474	3
1358945443491	1358945443491	0.124267876	-0.0043862523	0.01834522	3
1358945443506	1358945443506	0.1252782	-0.003614099	0.018038346	3
1358945443521	1358945443521	0.12063308	-0.002578326	0.017462008	3
1358945443534	1358945443534	0.114667706	0.012719196	0.0106833065	3
1358945443547	1358945443547	0.104716845	0.027969958	0.0038566755	3
1358945443561	1358945443561	0.09508566	0.043574646	-0.0030716625	3
1358945443574	1358945443574	0.08267489	0.057187285	-0.009171733	3
1358945443588	1358945443588	0.067292206	0.064467505	-0.012607553	3
1358945443601	1358945443601	0.05234191	0.07049363	-0.015469372	3
1358945444322	1358945444322	-0.16119431	-0.35291386	-1.4231933	3
1358945444335	1358945444335	-0.21169104	-0.38791153	-1.4068934	3
1358945444348	1358945444348	-0.16455227	-0.40306878	-1.4002707	3
1358945444362	1358945444362	-0.11669857	-0.4139359	-1.3953484	3
1358945444374	1358945444374	-0.073662475	-0.42584524	-1.3896955	3
1358945444389	1358945444389	-0.03116583	-0.4365715	-1.3843746	3
1358945444403	1358945444403	0.0074513573	-0.446855	-1.3790994	3
1358945444415	1358945444415	0.04044731	-0.45553282	-1.3744974	3
1358945444429	1358945444429	0.06867504	-0.46540803	-1.3693027	3
1358945444444	1358945444444	0.09067184	-0.47555357	-1.3640356	3
1358945444458	1358945444458	0.10727654	-0.4869953	-1.3582267	3
1358945444472	1358945444472	0.11467728	-0.49910718	-1.3523054	3
1358945444485	1358945444485	0.119597234	-0.50652534	-1.3486533	3
1358945444498	1358945444498	0.11796801	-0.5097341	-1.3471733	3
1358945444512	1358945444512	0.12826654	-0.5103256	-1.3466064	3
1358945444524	1358945444524	0.1207197	-0.48243573	-1.3600147	3
1358945444567	1358945444567	0.12642771	-0.47964436	-1.3611685	3
1358945444581	1358945444581	0.12927377	-0.4483099	-1.3757752	3
1358945444594	1358945444594	0.13023089	-0.42271513	-1.3876439	3
1358945444614	1358945444614	-0.12164834	0.25284284	0.3344465	3
1358945444627	1358945444627	-0.12774746	0.27556524	0.32386371	3
1358945444642	1358945444642	-0.13408957	0.30278262	0.31131402	3
1358945444656	1358945444656	-0.14016518	0.32703242	0.30020812	3
1358945444669	1358945444669	-0.15227549	0.34975278	0.2897177	3
1358945444683	1358945444683	-0.16270706	0.36383742	0.28319034	3
1358945444698	1358945444698	-0.17645045	0.3763833	0.27730888	3
1358945444713	1358945444713	-0.1921613	0.38922057	0.27129883	3
1358945444726	1358945444726	-0.21114193	0.40915072	0.26216683	3
1358945444741	1358945444741	-0.232981	0.44286096	0.24708968	3
1358945444754	1358945444754	-0.2609136	0.49483696	0.22431028	3
1358945445488	1358945445488	-0.37693074	-0.4559762	0.91147655	3
1358945445505	1358945445505	-0.43878946	-0.40951312	0.8938386	3
1358945445523	1358945445523	-0.891552	-0.40557373	0.91491354	3
1358945445541	1358945445541	-0.3473585	-0.089785196	0.7688146	3
1358945445557	1358945445557	-0.7763424	-0.4033131	0.9060779	3
1358945445572	1358945445572	-0.71326315	-0.121598676	0.7932231	3
1358945445589	1358945445589	-1.1031791	0.7507932	-1.9264737	3
1358945445604	1358945445604	-1.0375472	0.6941572	-1.5259628	3
1358945445617	1358945445617	-1.0203295	0.62561524	-1.0498213	3
1358945445631	1358945445631	-0.91331196	0.5438018	-0.6325953	3
1358945445644	1358945445644	-0.8256582	0.5172709	-0.20792788	3
1358945445658	1358945445658	-0.8163186	0.5064754	0.13828619	3
1358945445672	1358945445672	-0.7768768	0.49403295	0.45299572	3
1358945445689	1358945445689	-0.7655993	0.52993834	0.6873685	3
1358945445703	1358945445703	-0.69319725	0.5508064	0.8053186	3
1358945445717	1358945445717	-0.6248786	0.596682	0.8440543	3
1358945445732	1358945445732	-0.52598494	0.6200187	0.75810385	3
1358945445755	1358945445755	-0.39200398	0.6163497	0.6194138	3
1358945445770	1358945445770	-0.37505016	0.6265967	0.6151088	3
1358945445828	1358945445828	-0.24522707	0.59646046	0.48141223	3
1358945445843	1358945445843	-0.1539658	0.6396654	0.33946985	3
1358945445856	1358945445856	-0.031109424	0.7782848	0.18816812	3
1358945445869	1358945445869	-0.02890344	0.85748166	0.1813602	3
1358945445885	1358945445885	-0.016888957	0.8844366	0.27215397	3
1358945445898	1358945445898	-0.0267254	0.8719889	0.2772434	3
1358945445911	1358945445911	0.025925154	1.1721444	0.32210898	3
1358945445925	1358945445925	0.031016706	1.2819325	0.3665531	3
1358945445938	1358945445938	0.09274419	1.2836028	0.49272156	3
1358945445951	1358945445951	0.07851459	1.2601948	0.5025655	3
1358945445965	1358945445965	0.20758532	1.1909736	0.74710256	3
1358945445978	1358945445978	0.39237252	1.012043	1.0430431	3
1358945445992	1358945445992	0.6574951	0.6171283	1.5593379	3
1358945446008	1358945446008	1.0959138	-0.2958169	2.9170525	3
1358945446692	1358945446692	-0.67489177	0.11802959	-0.9955548	3
1358945446705	1358945446705	-1.5735686	-0.12421061	-0.79753864	3
1358945446718	1358945446718	-0.71656847	-0.9485434	-0.54122984	3
1358945446731	1358945446731	-1.4326665	-0.1816735	-0.7979998	3
1358945446745	1358945446745	-1.367814	-0.96097445	-0.459412	3
1358945446758	1358945446758	-1.2880764	-0.94364834	-0.47997314	3
1358945446774	1358945446774	-1.222212	-0.9303712	-0.4958365	3
1358945446790	1358945446790	-1.1611111	-0.91805685	-0.510062	3
1358945446802	1358945446802	-1.1064882	-0.9095272	-0.52116674	3
1358945446817	1358945446817	-1.0566363	-0.9075445	-0.5281395	3
1358945446831	1358945446831	-1.0136833	-0.9072724	-0.5332091	3
1358945446843	1358945446843	-1.1378915	0.18221973	0.22021629	3
1358945446858	1358945446858	-1.104743	0.18535365	0.21516252	3
1358945446873	1358945446873	-1.0530167	0.17222528	0.21637072	3
1358945446887	1358945446887	-1.0226705	0.19260903	0.20345396	3
1358945446900	1358945446900	-0.9816505	0.18760026	0.20211482	3
1358945446914	1358945446914	-0.9474722	0.2138748	0.18631168	3
1358945446928	1358945446928	-0.9184783	0.23195787	0.17511983	3
1358945446941	1358945446941	-0.8938028	0.24221799	0.16817397	3
1358945447001	1358945447001	-0.8732872	0.24437137	0.16552842	3
1358945447014	1358945447014	-0.85600865	0.24192397	0.16538696	3
1358945447028	1358945447028	-0.84478116	0.24115795	0.16491759	3
1358945447041	1358945447041	-0.83233976	0.23818712	0.16543314	3
1358945447054	1358945447054	-0.82451797	0.2567986	0.15593524	3
1358945447067	1358945447067	-0.8190081	0.28620648	0.14152677	3
1358945447083	1358945447083	-0.8161622	0.3359332	0.11789865	3
1358945447097	1358945447097	-0.81293565	0.40121904	0.0874322	3
1358945447800	1358945447800	-0.4317574	-0.80016226	0.07554478	3
1358945447812	1358945447812	-0.10609284	-0.80088764	0.05894611	3
1358945447824	1358945447824	-0.8037313	0.029822307	-0.19007307	3
1358945447839	1358945447839	-0.013762787	-0.8373548	0.071335055	3
1358945447850	1358945447850	-0.48673737	-0.031392626	-0.19966976	3
1358945447889	1358945447889	-0.42270395	-0.097915605	-0.18286008	3
1358945447900	1358945447900	-0.36110222	-0.1680442	-0.16376024	3
1358945447911	1358945447911	-0.30558497	-0.23037907	-0.14600071	3
1358945447922	1358945447922	-0.25538978	-0.28894758	-0.12850246	3
1358945447934	1358945447934	-0.213209	-0.34391195	-0.111246206	3
1358945447945	1358945447945	-0.1832828	-0.3951561	-0.09426994	3
1358945447956	1358945447956	-0.16013226	-0.44393912	-0.0775193	3
1358945447968	1358945447968	-0.14495046	-0.48195964	-0.06411445	3
1358945447981	1358945447981	-0.13480325	-0.5150822	-0.052159227	3
1358945447992	1358945447992	-0.12530538	-0.54243165	-0.042220015	3
1358945448004	1358945448004	-0.10243359	-0.55675507	-0.03758125	3
1358945448017	1358945448017	-0.09182342	-0.557408	-0.037679452	3
1358945448029	1358945448029	-0.06575009	-0.5721002	-0.03288754	3
1358945448041	1358945448041	-0.04259813	-0.5624436	-0.03720657	3
1358945448056	1358945448056	-0.022994963	-0.5564394	-0.039988313	3
1358945448066	1358945448066	-1.0389067	0.15085897	0.15759237	3
1358945448076	1358945448076	-0.9856252	0.10393764	0.15328737	3
1358945448086	1358945448086	-0.9686743	0.0067623337	0.114673845	3
1358945448096	1358945448096	-0.9738677	-0.037729427	0.0015104046	3
1358945448106	1358945448106	-0.9887144	-0.09692337	-0.11908231	3
1358945448149	1358945448149	-1.0033405	-0.15411212	-0.2078478	3
1358945448914	1358945448914	-0.70068437	1.00261	-0.5879484	3
1358945448932	1358945448932	-0.60921	0.6771704	-0.42645958	3
1358945448944	1358945448944	-0.5643696	0.6398232	-0.4050386	3
1358945448957	1358945448957	-0.52038777	0.60699064	-0.38556176	3
1358945448968	1358945448968	-0.47837707	0.57322544	-0.36533728	3
1358945448981	1358945448981	-0.4397709	0.54135	-0.3459721	3
1358945448993	1358945448993	-0.4052586	0.50989395	-0.3267986	3
1358945449005	1358945449005	-0.37532613	0.4790198	-0.30800855	3
1358945449016	1358945449016	-0.353777	0.4465686	-0.2887918	3
1358945449030	1358945449030	-0.34269664	0.41037908	-0.26818568	3
1358945449042	1358945449042	-0.3323089	0.3727388	-0.24661797	3
1358945449054	1358945449054	-0.33985513	0.3382672	-0.228105	3
1358945449096	1358945449096	-0.35116944	0.3055077	-0.2106804	3
1358945449111	1358945449111	-0.35365131	0.2791367	-0.19598493	3
1358945449130	1358945449130	-0.37199295	0.28276393	-0.19952713	3
1358945449142	1358945449142	-0.38099387	0.2691507	-0.19251813	3
1358945449153	1358945449153	-0.3859921	0.2823156	-0.20038405	3
1358945449165	1358945449165	-0.035677608	0.018121056	-0.21792671	3
1358945449176	1358945449176	-0.039740108	0.028870706	-0.22429684	3
1358945449189	1358945449189	-0.048086863	0.034020927	-0.22783612	3
1358945449206	1358945449206	-0.057528645	0.037198097	-0.23033495	3
1358945449217	1358945449217	-0.065839745	0.038932957	-0.23192777	3
1358945449237	1358945449237	-0.07266462	0.03982026	-0.23292847	3
1358945449251	1358945449251	-0.07733115	0.040621933	-0.23371816	3
1358945449263	1358945449263	-0.0802542	0.04122399	-0.23427111	3
1358945449277	1358945449277	-0.08118344	0.04224603	-0.23490942	3
1358945449291	1358945449291	-0.08041158	0.041195933	-0.23426585	3
1358945449303	1358945449303	-0.07923457	0.03975538	-0.23337212	3
1358945449315	1358945449315	-0.07885149	0.037126493	-0.23186931	3
1358945449328	1358945449328	-0.07701237	0.033404257	-0.22964697	3
1358945450057	1358945450057	-0.4762636	0.6043945	-0.6665087	3
1358945450077	1358945450077	-0.44893664	0.5824053	-0.6504034	3
1358945450090	1358945450090	-0.3034875	0.62463766	-0.6590157	3
1358945450101	1358945450101	-0.33667716	0.5090572	-0.5928566	3
1358945450115	1358945450115	-0.2930208	0.62125796	-0.65568805	3
1358945450129	1358945450129	-0.24903892	0.57419395	-0.6216741	3
1358945450141	1358945450141	-0.20922011	0.5256804	-0.58669984	3
1358945450153	1358945450153	-0.17387436	0.47934186	-0.55308867	3
1358945450165	1358945450165	-0.1439592	0.43494976	-0.5209458	3
1358945450204	1358945450204	-0.12188304	0.38919222	-0.48862758	3
1358945450217	1358945450217	-0.11086364	0.3420213	-0.4566215	3
1358945450231	1358945450231	-0.10557547	0.2921949	-0.42333004	3
1358945450242	1358945450242	-0.10967925	0.24991234	-0.3960399	3
1358945450255	1358945450255	-0.11772753	0.20973405	-0.3704431	3
1358945450267	1358945450267	-0.11492504	0.18065117	-0.35042614	3
1358945450285	1358945450285	-0.12987931	0.17633213	-0.34976563	3
1358945450300	1358945450300	-0.12976979	0.15610652	-0.33602118	3
1358945450315	1358945450315	-0.13023901	0.16464813	-0.34189796	3
1358945450326	1358945450326	-0.13221067	0.16693887	-0.34374797	3
1358945450339	1358945450339	-0.07867906	0.15974107	-0.33637422	3
1358945450370	1358945450370	-0.08089622	0.11091537	-0.34564358	3
1358945450386	1358945450386	-0.08165523	0.058857847	-0.3046201	3
1358945450396	1358945450396	-0.07859438	0.052208327	-0.29964346	3
1358945450407	1358945450407	-0.061451297	0.09256723	-0.2742267	3
1358945450417	1358945450417	-0.06754253	0.11563012	-0.23152913	3
1358945450428	1358945450428	-0.11454262	0.13751346	-0.14864393	3
1358945450439	1358945450439	-0.028019788	0.09227438	-0.22856794	3
1358945450450	1358945450450	0.06628413	0.035685062	-0.22133799	3
1358945450490	1358945450490	0.07609898	0.024448212	-0.21207623	3
1358945450502	1358945450502	0.12984453	0.030862756	-0.21193478	3
1358945450513	1358945450513	0.076950334	0.030149056	-0.2232371	3
1358945451216	1358945451216	-0.035115298	-0.39615855	0.20980303	3
1358945451235	1358945451235	-0.0015891689	-0.43028587	0.2406804	3
1358945451249	1358945451249	0.04102043	-0.44575697	0.25966683	3
1358945451269	1358945451269	0.08376579	-0.45795012	0.27653262	3
1358945451283	1358945451283	-0.8312343	-0.57275957	0.2482897	3
1358945451295	1358945451295	0.15903819	0.27113107	-0.20547698	3
1358945451307	1358945451307	-0.70006776	-0.5959347	0.2758271	3
1358945451319	1358945451319	-0.61331517	0.10128713	-0.20424832	3
1358945451331	1358945451331	-0.53027123	0.05025836	-0.16366145	3
1358945451344	1358945451344	-0.45330945	-9.182839E-4	-0.12228432	3
1358945451364	1358945451364	-0.38298234	-0.048925653	-0.08254443	3
1358945451405	1358945451405	-0.322767	-0.09597382	-0.04365034	3
1358945451420	1358945451420	-0.2735903	-0.14316052	-0.00523264	3
1358945451442	1358945451442	-0.23512664	-0.19257133	0.033992287	3
1358945451456	1358945451456	-0.20204979	-0.23599078	0.06891923	3
1358945451485	1358945451485	-0.18464433	-0.28157413	0.10359599	3
1358945451498	1358945451498	-0.13907763	-0.33689445	0.12230536	3
1358945451516	1358945451516	-0.11456651	-0.36269116	0.14456804	3
1358945451526	1358945451526	-0.10690263	-0.36829147	0.14979193	3
1358945451539	1358945451539	-0.08780118	-0.3846727	0.16463703	3
1358945451549	1358945451549	-0.07191037	-0.3769126	0.1615069	3
1358945451559	1358945451559	-0.05760025	-0.3731202	0.16104397	3
1358945451568	1358945451568	-0.044553574	-0.36932257	0.16039865	3
1358945451578	1358945451578	-0.032969665	-0.3654957	0.15951194	3
1358945451587	1358945451587	-0.0221281	-0.3605594	0.15772271	3
1358945451596	1358945451596	-0.010749065	-0.35636663	0.15657939	3
1358945451608	1358945451608	4.1647185E-5	-0.35252514	0.15560849	3
1358945451617	1358945451617	0.011705051	-0.34858432	0.15473112	3
1358945451627	1358945451627	0.023935588	-0.3484189	0.15669045	3
1358945451638	1358945451638	0.039720163	-0.34880292	0.1596797	3
1358945451680	1358945451680	0.039926644	-0.35139528	0.16158406	3
1358945451689	1358945451689	0.04628829	-0.34973583	0.16148996	3
1358945451704	1358945451704	0.054766193	-0.3476865	0.1614882	3
1358945451716	1358945451716	0.054413144	-0.34121874	0.15676469	3
1358945452408	1358945452408	-0.08674553	-0.6544512	0.1966998	3
1358945452426	1358945452426	-0.06874284	-0.65138537	0.19776772	3
1358945452446	1358945452446	-0.021087358	-0.66167414	0.21414953	3
1358945452461	1358945452461	-0.2802046	-0.8035025	0.2737275	3
1358945452475	1358945452475	0.06762042	-0.58183426	0.17400633	3
1358945452485	1358945452485	-0.15031667	-0.8105776	0.30075523	3
1358945452495	1358945452495	-0.09345687	-0.72588617	0.24772389	3
1358945452508	1358945452508	-0.016434856	-0.7258009	0.26205987	3
1358945452519	1358945452519	0.04108064	-0.7304127	0.27674773	3
1358945452530	1358945452530	0.092199124	-0.737396	0.29232758	3
1358945452569	1358945452569	0.13503917	-0.74632865	0.30797115	3
1358945452580	1358945452580	0.16654022	-0.7619459	0.32644027	3
1358945452590	1358945452590	0.17740093	-0.7805115	0.34277943	3
1358945452600	1358945452600	0.18616	-0.7908856	0.35254502	3
1358945452610	1358945452610	0.18280703	-0.80049336	0.35908642	3
1358945452621	1358945452621	0.18189386	-0.79555595	0.35513914	3
1358945452634	1358945452634	0.17667891	-0.7764508	0.3395593	3
1358945452651	1358945452651	0.051515378	-0.66380584	0.32672378	3
1358945452667	1358945452667	0.05327391	-0.63333124	0.3043395	3
1358945452682	1358945452682	0.058273327	-0.6043144	0.2839198	3
1358945452701	1358945452702	0.061769497	-0.5804133	0.26709026	3
1358945452712	1358945452712	0.06352832	-0.56025255	0.25272214	3
1358945452724	1358945452724	0.06403437	-0.543136	0.24037002	3
1358945452736	1358945452736	0.06250264	-0.5272247	0.22850305	3
1358945452746	1358945452746	0.060913466	-0.5127017	0.21767595	3
1358945452756	1358945452756	0.05814941	-0.49995035	0.20790392	3
1358945452766	1358945452766	0.054254007	-0.48639002	0.19734862	3
