1358940722828	1358940723858	0.0	0.0	0.0	3
1358940723992	1358940723992	-0.56115896	-0.6941681	2.737194	3
1358940724016	1358940724016	-0.7297265	-0.6314583	2.3073153	3
1358940724066	1358940724066	-0.6785945	-0.5780611	2.13658	3
1358940724081	1358940724081	-0.63671565	-0.3886137	1.7736588	3
1358940724093	1358940724093	-0.6028257	-0.3569379	1.6572356	3
1358940724105	1358940724105	-0.5038728	-0.1118927	1.3372321	3
1358940724119	1358940724119	-0.2698171	0.046241283	1.1846375	3
1358940724133	1358940724133	-0.2697205	0.04989004	1.1167316	3
1358940724155	1358940724155	-0.052616477	0.124726295	1.2021556	3
1358940724167	1358940724167	0.14960235	0.26844168	1.2135534	3
1358940724181	1358940724181	0.1223827	0.2581358	1.1548758	3
1358940724195	1358940724195	0.1676364	0.3219924	1.1011305	3
1358940724207	1358940724207	0.20922893	0.23769665	1.0509949	3
1358940724218	1358940724218	0.17414695	0.23292828	1.0034533	3
1358940724231	1358940724231	0.14069754	0.08306122	1.2535968	3
1358940724245	1358940724245	0.11028421	0.08790445	1.200254	3
1358940724257	1358940724995	0.08378643	0.01905775	1.668797	3
1358940725137	1358940725137	2.6048007	1.332717	-3.9218569	3
1358940725160	1358940725160	2.402723	1.2256868	-4.380336	3
1358940725184	1358940725184	2.2948956	1.062758	-4.0481195	3
1358940725224	1358940725224	2.4115002	1.2076676	-4.763241	3
1358940725242	1358940725242	2.7357745	1.5743399	-5.0254908	3
1358940725258	1358940725258	2.607076	1.4310842	-4.7167397	3
1358940725273	1358940725273	2.8467903	1.7482809	-4.807193	3
1358940725286	1358940725286	2.7090387	1.6309065	-4.547635	3
1358940725309	1358940725309	2.503306	1.8280871	-4.536068	3
1358940725324	1358940725324	2.3040876	1.8146033	-4.4673395	3
1358940725338	1358940725338	2.1832035	1.7467458	-4.2696743	3
1358940725350	1358940725350	1.9171536	1.6986578	-4.0935354	3
1358940725362	1358940725362	1.5867627	1.6660163	-3.199934	3
1358940725376	1358940725376	1.4914963	1.6430566	-3.086155	3
1358940725391	1358940725391	1.4020755	1.6995387	-1.9488134	3
1358940725404	1358940725404	1.4709456	1.7494514	-1.1498423	3
1358940725417	1358940725417	1.3835526	1.7361178	-1.1243649	3
1358940725431	1358940725431	1.4548585	1.8635192	-0.5049591	3
1358940725446	1358940726145	1.6000774	1.9850903	-0.20243359	3
1358940726302	1358940726302	3.2338214	0.55822444	-3.436099	3
1358940726356	1358940726356	2.9816244	0.44469833	-3.1594944	3
1358940726377	1358940726377	3.119724	0.78600216	-3.708291	3
1358940726391	1358940726391	3.179241	0.8841138	-4.4543724	3
1358940726405	1358940726405	2.9541836	0.78166556	-4.1701956	3
1358940726425	1358940726425	2.7519553	0.8404162	-4.498233	3
1358940726441	1358940726441	2.215263	0.83203053	-4.5329723	3
1358940726456	1358940726456	2.0882034	0.76031137	-4.288374	3
1358940726477	1358940726477	1.6122314	0.8505075	-4.799204	3
1358940726493	1358940726493	1.5253237	0.87834525	-5.3749037	3
1358940726510	1358940726510	1.4432815	0.8470223	-5.135008	3
1358940726523	1358940726523	1.2943785	0.68485594	-5.0671997	3
1358940726537	1358940726537	1.2283074	0.69079447	-4.8689575	3
1358940726553	1358940726553	0.7990233	0.7118368	-4.6919193	3
1358940726569	1358940726569	0.68622553	0.6738074	-4.1647243	3
1358940726582	1358940726582	0.66076064	0.72501636	-4.036237	3
1358940726600	1358940726600	0.7190136	0.56320953	-3.1799173	3
1358940726616	1358940726616	0.78023577	0.56187534	-2.1359138	3
1358940726630	1358940726630	0.7676649	0.6355171	-2.0931787	3
1358940726644	1358940726644	0.680029	0.92285967	-0.8627682	3
1358940726656	1358940727301	0.81289876	1.3389349	0.108719826	3
1358940727444	1358940727444	3.177948	0.42753327	-5.1904964	3
1358940727466	1358940727466	3.2246501	0.47856283	-5.978507	3
1358940727491	1358940727491	2.9997785	0.33105373	-5.534604	3
1358940727525	1358940727525	3.0940561	0.57184315	-6.295927	3
1358940727536	1358940727536	3.1995673	0.9632695	-6.535285	3
1358940727558	1358940727558	3.0238676	0.8473034	-6.1378145	3
1358940727577	1358940727577	3.0125437	1.2638872	-6.2937756	3
1358940727591	1358940727591	2.7891111	1.3129406	-6.3912973	3
1358940727607	1358940727607	2.650847	1.2305124	-6.067669	3
1358940727632	1358940727632	2.1512408	1.1671627	-6.070941	3
1358940727644	1358940727644	1.6686233	1.0466642	-5.798562	3
1358940727655	1358940727655	1.5678347	1.0156341	-5.5533085	3
1358940727669	1358940727669	1.2466768	0.9939606	-4.8896685	3
1358940727684	1358940727684	1.1593568	1.0526762	-3.9675713	3
1358940727697	1358940727697	1.0789185	1.0398397	-3.8260078	3
1358940727709	1358940727709	1.0055003	1.1793854	-3.1044292	3
1358940727723	1358940727723	0.9384597	1.169416	-3.005414	3
1358940727738	1358940727738	0.8764675	1.3114011	-2.6175842	3
1358940727750	1358940727750	0.8936688	1.4512761	-2.097556	3
1358940727762	1358940728448	0.8393955	1.4403064	-2.0424109	3
1358940728590	1358940728590	1.2907078	0.24685192	-3.8626413	3
1358940728615	1358940728615	1.0755644	0.3946345	-4.1231174	3
1358940728636	1358940728636	1.0230765	0.3043921	-3.8175344	3
1358940728651	1358940728651	1.5447869	0.64592624	-4.8418875	3
1358940728668	1358940728668	2.1765351	1.1882188	-5.465214	3
1358940728680	1358940728680	2.051954	1.0606464	-5.135165	3
1358940728692	1358940728692	2.4489071	1.3138597	-5.276696	3
1358940728705	1358940728705	2.3274515	1.1990125	-4.9901733	3
1358940728719	1358940728719	2.2240906	1.3125556	-4.9492245	3
1358940728743	1358940728743	1.7698798	1.3471944	-4.99378	3
1358940728755	1358940728755	1.7078699	1.2317476	-4.7526608	3
1358940728766	1358940728766	1.2833574	1.1205313	-5.19151	3
1358940728780	1358940728780	1.0950106	1.090559	-5.769168	3
1358940728794	1358940728794	1.0548679	0.9962263	-5.525182	3
1358940728805	1358940728805	1.153428	1.1390076	-5.96776	3
1358940728816	1358940729600	1.3825212	1.4391501	-5.9647236	3
1358940729730	1358940729730	2.2851837	0.5855311	-1.4620314	3
1358940729750	1358940729750	2.1435094	0.49220502	-1.3334141	3
1358940729771	1358940729771	2.2398698	0.55070984	-2.2193575	3
1358940729785	1358940729785	2.5574343	0.8959749	-2.7706833	3
1358940729799	1358940729799	2.4370022	0.79393506	-2.5797586	3
1358940729810	1358940729810	2.4812746	0.91926575	-2.9874039	3
1358940729832	1358940729832	2.245542	0.8240762	-3.3817492	3
1358940729846	1358940729846	2.1780066	0.7362673	-3.1827726	3
1358940729873	1358940729873	1.7558347	0.6557286	-3.5856247	3
1358940729886	1358940729886	1.4290034	0.5836568	-4.1982403	3
1358940729897	1358940729897	1.4077451	0.52250576	-3.9887228	3
1358940729911	1358940729911	1.3087893	0.6202574	-4.387597	3
1358940729926	1358940729926	1.2798109	0.5774765	-4.1942463	3
1358940729938	1358940730695	1.3913395	0.76839614	-4.0947046	3
1358940730830	1358940730830	-2.7934697	-4.5106535	-2.447401	3
1358940730852	1358940730852	-1.634265	-3.3080149	-2.4643793	3
1358940730879	1358940730879	-0.775805	-2.4776435	-0.51019096	3
1358940730905	1358940730905	-0.7536504	-2.283822	-0.4848385	3
1358940730920	1358940730920	-1.0107101	-2.4787192	1.2650108	3
1358940730933	1358940730933	-2.1154408	-2.829441	1.5491076	3
1358940730948	1358940730948	-2.0033169	-2.6788404	1.4669962	3
1358940730964	1358940730964	-2.7056184	-2.6323104	0.8186245	3
1358940730989	1358940730989	-2.5829635	-2.5357146	0.7941828	3
1358940731001	1358940731001	-2.3296618	-2.3877192	-0.027075768	3
1358940731015	1358940731015	-1.2857561	-2.1869264	-0.5885496	3
1358940731030	1358940731030	-1.2374138	-2.1508636	-0.53866196	3
1358940731043	1358940731043	-0.59335935	-1.7568862	-1.0802155	3
1358940731055	1358940731055	-0.33240712	-1.3841009	-1.5286121	3
1358940731070	1358940731070	-0.2933632	-1.4006848	-1.4447517	3
1358940731085	1358940731836	-0.026682913	-1.1996746	-1.9567585	3
1358940731977	1358940731977	-2.0237164	-4.9049525	-4.3792496	3
1358940732010	1358940732010	-1.0798635	-3.9104471	-5.559615	3
1358940732023	1358940732023	-0.22062194	-2.7475328	-4.568797	3
1358940732040	1358940732040	-0.273885	-2.5754218	-4.2533293	3
1358940732055	1358940732055	0.26651943	-2.1247387	-1.8956766	3
1358940732068	1358940732068	-0.07282925	-2.5070086	-0.11799145	3
1358940732081	1358940732081	-0.08985543	-2.38597	-0.10242748	3
1358940732096	1358940732096	-0.8887949	-2.663475	0.4264326	3
1358940732121	1358940732121	-1.2730339	-2.6657028	-0.15772057	3
1358940732134	1358940732134	-1.1953543	-2.620522	-0.124126434	3
1358940732147	1358940732147	-0.82402337	-2.450345	-1.334197	3
1358940732163	1358940732163	-0.75672287	-2.4434633	-1.2451582	3
1358940732178	1358940732178	-0.019640565	-2.0742967	-2.413207	3
1358940732190	1358940732190	0.33300358	-1.6468158	-3.0979223	3
1358940732204	1358940732204	0.38999307	-1.6783991	-2.9502573	3
1358940732219	1358940732950	0.45381683	-1.4839089	-3.5532064	3
1358940733094	1358940733094	-0.3472064	-2.782559	-4.5150747	3
1358940733119	1358940733119	-0.87572056	-3.1801167	-2.0505886	3
1358940733142	1358940733142	-1.8593025	-3.4435124	-0.7657318	3
1358940733158	1358940733158	-1.7721148	-3.2327907	-0.7080097	3
1358940733170	1358940733170	-2.1199405	-3.3634906	-1.1531057	3
1358940733183	1358940733183	-1.8720288	-3.0112245	-2.5112085	3
1358940733199	1358940733199	-1.7864454	-2.9126647	-2.35114	3
1358940733219	1358940733219	-1.2703114	-2.3197796	-3.5887585	3
1358940733244	1358940733244	-1.2154933	-2.2690692	-3.390008	3
1358940733258	1358940733258	-0.42959657	-1.710351	-4.014555	3
1358940733273	1358940733273	0.25169843	-1.1745863	-4.4747734	3
1358940733285	1358940733285	0.2479712	-1.1731598	-4.2645082	3
1358940733299	1358940733299	0.6164305	-0.8022342	-4.586858	3
1358940733314	1358940733314	0.5300044	-0.6643071	-4.8316116	3
1358940733329	1358940733329	0.51884866	-0.6710322	-4.6346874	3
1358940733344	1358940734072	0.35962263	-0.68027735	-4.8946733	3
1358940734217	1358940734217	1.5657401	-0.5701769	-3.3703127	3
1358940734242	1358940734242	1.5330627	-0.3403886	-4.0948076	3
1358940734267	1358940734267	1.4369736	-0.44296366	-3.7927656	3
1358940734304	1358940734304	2.1377428	-0.049378037	-5.321166	3
1358940734321	1358940734321	2.8718307	0.48539746	-6.5629854	3
1358940734335	1358940734335	2.7051256	0.32301617	-6.1653137	3
1358940734347	1358940734347	3.0635955	0.7127491	-6.7554235	3
1358940734359	1358940734359	3.1240957	0.8136215	-6.9720917	3
1358940734384	1358940734384	2.9744618	0.70799196	-6.614007	3
1358940734398	1358940734398	2.7669659	0.76820767	-6.509738	3
1358940734410	1358940734410	2.7195644	0.8378289	-6.4264297	3
1358940734430	1358940734430	2.6017497	0.76859295	-6.141754	3
1358940734445	1358940734445	2.4871764	0.78539884	-5.956502	3
1358940734458	1358940734458	2.374404	0.73632455	-5.717696	3
1358940734470	1358940734470	2.3383222	0.9174274	-5.2775993	3
1358940734485	1358940734485	2.3040993	1.0239842	-4.64106	3
1358940734500	1358940734500	2.1984606	0.9857638	-4.479004	3
1358940734512	1358940735228	2.0243034	0.95746946	-4.1073723	3
1358940735383	1358940735383	1.7957208	1.6210757	-6.156189	3
1358940735407	1358940735407	1.8291986	1.5025076	-6.2774982	3
1358940735433	1358940735433	1.8626267	1.4818507	-6.280259	3
1358940735455	1358940735455	1.7514478	1.3376926	-5.8803186	3
1358940735478	1358940735478	1.6470758	1.5095266	-5.7455263	3
1358940735499	1358940735499	1.5484538	1.4004319	-5.422799	3
1358940735512	1358940735512	1.5283716	1.5325282	-5.1361666	3
1358940735524	1358940735524	1.4382977	1.6007433	-4.5886135	3
1358940735551	1358940735551	1.3558307	1.5328698	-4.37298	3
1358940735566	1358940735566	1.2806764	1.4787109	-3.5191593	3
1358940735578	1358940735578	0.99181324	1.4352093	-2.7844152	3
1358940735591	1358940735591	0.9380913	1.3996317	-2.6749868	3
1358940735611	1358940735611	0.81471694	1.444767	-2.0595846	3
1358940735627	1358940735627	0.7721302	1.6411164	-1.4719687	3
1358940735640	1358940735640	0.7344583	1.614284	-1.4266634	3
1358940735653	1358940735653	0.77668285	1.8161106	-0.7936001	3
1358940735694	1358940735694	0.7480564	1.7949629	-0.7773943	3
1358940735709	1358940736369	0.5753306	1.9299929	-0.3929634	3
1358940736510	1358940736510	1.0547463	1.2775421	0.5587306	3
1358940736534	1358940736534	0.9700773	1.189949	0.5109296	3
1358940736559	1358940736559	0.82136405	1.0427761	0.89702463	3
1358940736571	1358940736571	-0.17701638	0.4062314	1.1908984	3
1358940736584	1358940736584	-0.17356944	0.38400245	1.1139107	3
1358940736598	1358940736598	-0.15595794	0.8752036	1.3354363	3
1358940736613	1358940736613	1.3255367	0.6995144	1.5479636	3
1358940736626	1358940736626	1.2957879	0.6856556	1.463839	3
1358940736649	1358940736649	0.6278752	1.1849353	2.2650213	3
1358940736663	1358940736663	0.652176	1.148771	2.1577091	3
1358940736678	1358940736678	1.1055967	1.2559199	2.207982	3
1358940736690	1358940736690	1.3793458	1.2779331	2.188459	3
1358940736703	1358940736703	1.3326204	1.2191541	2.101039	3
1358940736717	1358940736717	0.61186725	0.7905705	1.7998886	3
1358940736758	1358940737473	-0.09049404	0.3770287	1.6606345	3
1358940737631	1358940737631	-0.080293745	0.8517325	0.62948465	3
1358940737645	1358940737645	0.13002428	0.7938349	0.9311867	3
1358940737660	1358940737660	0.11575189	0.7449734	0.86012363	3
1358940737675	1358940737675	0.24995866	0.84608793	1.1564503	3
1358940737689	1358940737689	0.2362893	1.0157776	1.4397163	3
1358940737705	1358940737705	0.22760683	0.9609668	1.3515649	3
1358940737722	1358940737722	0.15117165	0.982543	1.7093225	3
1358940737737	1358940737737	0.15501139	0.9306545	1.6186285	3
1358940737759	1358940737759	0.08797738	0.8814769	1.6842551	3
1358940737772	1358940737772	0.02450797	0.83494854	1.5328488	3
1358940737787	1358940737787	0.035720497	0.7918782	1.4655671	3
1358940737802	1358940737802	-0.02906245	0.6803427	1.1832132	3
1358940737815	1358940737815	0.054941595	0.65112495	1.2074695	3
1358940737828	1358940737828	0.06332067	0.626914	1.1574125	3
1358940737845	1358940737845	3.784895E-5	0.67971516	1.479312	3
1358940737860	1358940738583	-0.20667669	1.0255642	2.0142307	3
1358940738726	1358940738726	0.2674923	0.71667695	0.13393927	3
1358940738753	1358940738753	0.09118283	0.74475455	0.54239273	3
1358940738771	1358940738771	0.07164568	0.7015803	0.4985671	3
1358940738786	1358940738786	0.19892046	0.73349	0.8918195	3
1358940738802	1358940738802	0.3214088	0.83563995	0.9782748	3
1358940738820	1358940738820	0.29581702	0.78819394	0.9202452	3
1358940738836	1358940738836	0.49221307	0.9622688	0.7968054	3
1358940738848	1358940738848	0.46246028	1.0571003	0.53702354	3
1358940738863	1358940738863	0.43455458	1.0049295	0.51020193	3
1358940738888	1358940738888	0.3335182	1.0325484	0.3389225	3
1358940738900	1358940738900	0.3819341	0.99106693	0.3943448	3
1358940738911	1358940738911	0.3539499	0.95846987	0.37174368	3
1358940738925	1358940738925	0.3278687	0.7882643	0.71458817	3
1358940738939	1358940738939	0.3053379	0.7804899	0.67196846	3
1358940738952	1358940738952	0.21311891	0.7789936	1.2931838	3
1358940738964	1358940738964	-0.09570837	1.0758443	2.1141996	3
1358940738978	1358940738978	-0.09896618	1.0646253	2.022636	3
1358940738993	1358940739740	-0.32933795	1.6412287	2.6829329	3
1358940739882	1358940739882	0.2880991	0.926908	2.5206099	3
1358940739906	1358940739906	0.27353817	0.8688245	2.3133335	3
1358940739927	1358940739927	0.191558	0.8932066	1.9193683	3
1358940739943	1358940739943	0.1884284	0.9954748	1.702158	3
1358940739961	1358940739961	0.18659341	0.95619917	1.5746031	3
1358940739973	1358940739973	0.11303586	1.0004716	1.8179173	3
1358940739986	1358940739986	0.11527735	0.9787111	1.6876287	3
1358940739998	1358940739998	-0.17534488	0.8938384	2.293086	3
1358940740024	1358940740024	-0.52763456	0.7478318	3.1635861	3
1358940740037	1358940740037	-0.50162137	0.75857925	2.9773474	3
1358940740049	1358940740049	-0.7005905	0.7751355	3.9769073	3
1358940740061	1358940740061	-0.8956158	1.0811601	5.0935173	3
1358940740076	1358940740076	-0.86655676	1.0737925	4.8562317	3
1358940740095	1358940740095	-0.84307504	1.7199388	5.6037436	3
1358940740225	1358940740870	-0.31019887	2.258556	5.1585674	3
1358940741029	1358940741029	-0.0020486712	1.6150732	2.8882422	3
1358940741055	1358940741055	0.35050893	1.5574136	2.8823543	3
1358940741067	1358940741067	0.3240406	1.4410186	2.6807532	3
1358940741079	1358940741079	0.2292338	1.1968522	2.5060182	3
1358940741093	1358940741093	-0.21950859	0.902071	2.4968429	3
1358940741107	1358940741107	-0.21002215	0.84507275	2.353425	3
1358940741120	1358940741120	-0.49174452	0.79294586	2.7345405	3
1358940741132	1358940741132	-0.68719286	1.1800909	2.8874922	3
1358940741159	1358940741159	-0.65666497	1.1101499	2.751657	3
1358940741173	1358940741173	-0.85257083	2.0670834	2.339138	3
1358940741188	1358940741188	-0.24431688	2.6944637	1.2170196	3
1358940741201	1358940741201	-0.25920665	2.5750108	1.1682734	3
1358940741217	1358940741217	1.0454097	2.1114016	0.8193879	3
1358940741231	1358940741231	0.97370934	2.053616	0.7691469	3
1358940741244	1358940741244	1.7239945	0.83447695	2.039322	3
1358940741258	1358940741998	1.2751808	-0.33124542	4.2208524	3
1358940742134	1358940742134	-0.21744913	0.2961979	1.1164923	3
1358940742160	1358940742160	-0.20605421	0.289927	1.0200348	3
1358940742183	1358940742183	-0.62195915	0.57210636	1.7198582	3
1358940742198	1358940742198	-0.86825675	0.97922754	2.3118286	3
1358940742211	1358940742211	-0.8147875	0.92745924	2.1613479	3
1358940742223	1358940742223	-0.77033603	1.8857832	2.322505	3
1358940742238	1358940742238	-0.7362672	1.777555	2.196024	3
1358940742252	1358940742252	-0.21212465	2.6278028	1.4277849	3
1358940742280	1358940742280	1.2974598	1.9951806	0.9139757	3
1358940742292	1358940742292	1.1978798	1.9248586	0.85606575	3
1358940742307	1358940742307	2.4281893	0.9246268	1.6722183	3
1358940742322	1358940742322	2.374924	-0.16851473	3.625533	3
1358940742334	1358940742334	2.277105	-0.12111902	3.448886	3
1358940742347	1358940742347	1.3258438	-0.9162102	5.8076754	3
1358940742361	1358940743143	0.12898093	-1.2839522	5.748783	3
1358940743296	1358940743296	-0.64472264	1.8054461	2.7114625	3
1358940743324	1358940743324	0.099450424	2.1440206	2.6787672	3
1358940743340	1358940743340	1.4241052	1.0609918	1.7275424	3
1358940743353	1358940743353	1.2896733	1.0855937	1.5489707	3
1358940743369	1358940743369	2.5923824	-0.5848212	1.5169106	3
1358940743384	1358940743384	2.6675627	-1.6344175	4.666765	3
1358940743408	1358940743408	2.4684584	-1.4002633	4.33249	3
1358940743421	1358940743421	1.8725908	-1.4982066	7.8287783	3
1358940743447	1358940743447	0.9676194	-1.4139342	8.129758	3
1358940743461	1358940743461	0.93616605	-1.3180408	7.728814	3
1358940743473	1358940743473	0.9978678	-1.5845926	6.068454	3
1358940743484	1358940743484	0.9812373	-1.606466	5.8371134	3
1358940743498	1358940743498	0.14028704	-1.7886972	2.983695	3
1358940743512	1358940743512	-0.24715745	-1.7996893	-0.24257565	3
1358940743523	1358940743523	-0.26971924	-1.8424859	-0.18525696	3
1358940743535	1358940743535	0.07278335	-1.7022104	-2.9528542	3
1358940743549	1358940744282	0.5632895	-1.4558024	-3.8659525	3
1358940744442	1358940744442	2.4874496	0.41427183	0.7413969	3
1358940744466	1358940744466	2.7536612	-0.33862114	3.147437	3
1358940744479	1358940744479	2.53721	-0.26429892	2.9093428	3
1358940744494	1358940744494	1.8653378	-0.36761284	5.3776627	3
1358940744509	1358940744509	0.9640568	-0.57633924	5.5740204	3
1358940744521	1358940744521	0.91288424	-0.59444046	5.2897234	3
1358940744533	1358940744533	0.42014468	-0.9995084	3.0119743	3
1358940744548	1358940744548	0.30315316	-0.9544301	0.27656555	3
1358940744576	1358940744576	0.25693285	-0.9736953	0.29873943	3
1358940744588	1358940744588	0.29011798	-0.8994088	-1.3756981	3
1358940744600	1358940744600	0.4114865	-0.9535661	-1.5248146	3
1358940744614	1358940744614	0.40229094	-0.9162154	-1.4609528	3
1358940744628	1358940744628	0.26761627	-0.94632006	-1.040699	3
1358940744640	1358940744640	0.30588478	-0.90036535	-1.0106678	3
1358940744651	1358940745409	-0.2324242	-0.71023035	-1.0582256	3
1358940745549	1358940745549	2.5326946	-0.86004305	4.7517805	3
1358940745575	1358940745575	1.2111461	-0.9048524	6.777876	3
1358940745593	1358940745593	1.1391146	-0.87026024	6.30882	3
1358940745605	1358940745605	0.13195837	-1.0486302	4.931842	3
1358940745619	1358940745619	-0.19411731	-0.97597885	1.3100805	3
1358940745633	1358940745633	-0.24519622	-1.0673633	1.3110847	3
1358940745645	1358940745645	-0.17259479	-1.0028415	-1.7302608	3
1358940745657	1358940745657	0.25863284	-1.1334476	-3.1748304	3
1358940745684	1358940745684	0.17652756	-1.1525846	-2.9693422	3
1358940745698	1358940745698	0.71186423	-1.3619561	-3.0187283	3
1358940745710	1358940745710	0.6700752	-1.3220654	-2.8682985	3
1358940745726	1358940745726	0.586617	-1.1992807	-2.5207481	3
1358940745740	1358940745740	-0.06050718	-1.0781827	-2.6392193	3
1358940745754	1358940746549	-0.008579314	-1.0369649	-2.537609	3
1358940746693	1358940746693	0.98531824	-2.9976125	3.0464745	3
1358940746720	1358940746720	0.9696736	-2.7368188	-0.28999424	3
1358940746733	1358940746733	0.8810068	-2.6338534	-0.19772053	3
1358940746745	1358940746745	1.171189	-2.663281	-2.2148762	3
1358940746760	1358940746760	1.2557813	-2.8136544	-2.6299534	3
1358940746774	1358940746774	1.2218258	-2.6513147	-2.473259	3
1358940746786	1358940746786	0.92703545	-2.5655794	-1.9100428	3
1358940746798	1358940746798	0.3754899	-2.3443108	-1.3842402	3
1358940746823	1358940746823	0.44328782	-2.2193542	-1.3211546	3
1358940746837	1358940746837	-0.07557431	-1.9692264	-1.5491085	3
1358940746850	1358940746850	-0.43060005	-1.889607	-2.5695314	3
1358940746862	1358940746862	-0.34362373	-1.820476	-2.4465609	3
1358940746879	1358940746879	-0.8659036	-1.7550955	-3.7329378	3
1358940746892	1358940747647	-0.7972757	-1.6881328	-3.5797043	3
1358940747804	1358940747804	1.3619483	-3.0237112	5.464943	3
1358940747820	1358940747820	1.272433	-2.8915234	5.1071606	3
1358940747833	1358940747833	1.026675	-2.6879601	1.8334808	3
1358940747846	1358940747846	1.3421376	-2.3069973	-1.6382723	3
1358940747861	1358940747861	1.1928382	-2.293683	-1.4594841	3
1358940747878	1358940747878	1.4236966	-1.9558415	-3.851142	3
1358940747891	1358940747891	1.7498488	-2.0277033	-3.9777985	3
1358940747904	1358940747904	1.6699704	-1.9147973	-3.772502	3
1358940747930	1358940747930	1.5658278	-2.0791278	-2.5107946	3
1358940747948	1358940747948	0.547084	-2.0146847	-1.6126852	3
1358940747961	1358940747961	0.6139946	-1.8917527	-1.5602293	3
1358940747976	1358940747976	-0.34971023	-1.6456747	-1.8711205	3
1358940747991	1358940747991	-0.25530586	-1.5747027	-1.7951794	3
1358940748004	1358940748004	-0.7000058	-1.6675634	-2.6764965	3
1358940748022	1358940748758	-1.0694017	-1.5443931	-3.671771	3
1358940748900	1358940748900	1.9922056	-1.6905622	6.125306	3
1358940748942	1358940748942	1.5666776	-1.6634593	4.1180124	3
1358940748954	1358940748954	1.4369817	-1.6259775	3.876752	3
1358940748967	1358940748967	1.072545	-1.5501213	0.38767147	3
1358940748981	1358940748981	0.785167	-1.6221938	-2.2382488	3
1358940749000	1358940749000	0.6508949	-1.6029544	-2.056942	3
1358940749011	1358940749011	0.61320996	-1.8414459	-3.004653	3
1358940749026	1358940749026	0.53228414	-1.7466607	-2.8441668	3
1358940749051	1358940749051	0.9254792	-2.0705137	-2.5732555	3
1358940749064	1358940749064	0.8212856	-2.073573	-1.9687634	3
1358940749076	1358940749076	0.8194488	-1.9272647	-1.9141951	3
1358940749090	1358940749090	0.61103797	-1.6449485	-1.865406	3
1358940749104	1358940749104	0.41400343	-1.1630092	-2.4062576	3
1358940749116	1358940749116	0.44102782	-1.0758862	-2.3364124	3
1358940749128	1358940749128	-0.28246903	-0.9216547	-3.1571674	3
1358940749142	1358940749142	-1.142557	-0.7724066	-3.3615656	3
1358940749156	1358940749883	-1.0992123	-0.70013237	-3.2689028	3
1358940750020	1358940750020	2.0375977	-2.5214658	0.36645222	3
1358940750045	1358940750045	1.2869974	-2.1091685	-3.2610235	3
1358940750095	1358940750095	0.96860534	-1.6819167	-4.834037	3
1358940750115	1358940750115	0.8621245	-1.6100721	-4.490305	3
1358940750130	1358940750130	1.0473093	-1.8028221	-3.9942818	3
1358940750141	1358940750141	1.3902007	-2.2597232	-1.4591055	3
1358940750153	1358940750153	1.3190236	-2.116385	-1.3889036	3
1358940750168	1358940750168	1.2920222	-2.3618646	0.8642969	3
1358940750184	1358940750184	0.857511	-2.2540503	0.6853552	3
1358940750207	1358940750207	0.8893652	-2.1713247	0.6717529	3
1358940750219	1358940750219	0.46648246	-2.0306635	-1.7549963	3
1358940750233	1358940750233	-0.7050134	-1.1647849	-4.082654	3
1358940750247	1358940750247	-0.6907538	-1.1390638	-3.9000244	3
1358940750258	1358940750258	-1.5378196	-0.38003302	-4.471327	3
1358940750269	1358940750269	-1.5661728	-0.3841939	-4.2939425	3
1358940750284	1358940750284	-1.9026067	-0.1663146	-3.6866875	3
1358940750301	1358940750301	-1.636301	-0.40007305	-2.8839417	3
1358940750313	1358940750313	-1.6667985	-0.40226555	-2.779561	3
1358940750326	1358940750326	-0.93629724	-0.6980634	-2.4602518	3
1358940750339	1358940751044	-0.0544129	-0.97758627	-2.8257542	3
1358940751217	1358940751217	0.8558474	-3.4476514	0.74386215	3
1358940751236	1358940751236	0.6980071	-3.0401812	-2.2528582	3
1358940751248	1358940751248	0.57019895	-2.8797388	-2.0655317	3
1358940751263	1358940751263	0.7745676	-2.3581238	-3.278226	3
1358940751277	1358940751277	0.6081643	-2.2054954	-3.0781708	3
1358940751288	1358940751288	1.1310897	-2.0410924	-2.264907	3
1358940751300	1358940751300	1.22708	-2.4521604	-0.71618176	3
1358940751316	1358940751316	1.13346	-2.255608	-0.7102251	3
1358940751359	1358940751359	0.34357435	-2.5107694	0.022615433	3
1358940751372	1358940751372	-0.901405	-2.1789756	-0.007874489	3
1358940751393	1358940751393	-0.83861333	-2.0234704	-0.03177452	3
1358940751404	1358940751404	-1.4435062	-1.520788	-0.7108002	3
1358940751416	1358940751416	-1.4428211	-0.82999444	-1.4322386	3
1358940751427	1358940751427	-1.3809187	-0.76650906	-1.3866282	3
1358940751442	1358940751442	-1.336644	-0.19795823	-1.784688	3
1358940751456	1358940751456	-1.376398	-0.026757479	-1.8725843	3
1358940751468	1358940752178	-1.3416777	-0.014015913	-1.8103123	3
1358940752315	1358940752315	1.5260307	-0.78304815	-2.9511738	3
1358940752338	1358940752338	1.5222397	-1.1494389	-2.5817947	3
1358940752354	1358940752354	1.3869858	-1.0535755	-2.4046535	3
1358940752371	1358940752371	1.348583	-1.3163896	-1.1113482	3
1358940752391	1358940752391	1.1143383	-1.6325307	0.16379356	3
1358940752405	1358940752405	1.0539217	-1.5042305	0.13708115	3
1358940752423	1358940752423	0.7322296	-1.7287269	0.24561596	3
1358940752438	1358940752438	0.6607998	-1.5119524	-0.44964218	3
1358940752455	1358940752455	0.67995036	-1.3797245	-0.45635796	3
1358940752480	1358940752480	0.12073484	-0.89216566	-0.9747677	3
1358940752493	1358940752493	0.17230299	-0.7976446	-0.9568224	3
1358940752508	1358940752508	-0.3724698	-0.786217	-1.0123091	3
1358940752522	1358940752522	-0.8316046	-0.78048897	-0.91759396	3
1358940752534	1358940752534	-0.7679498	-0.70572853	-0.89974594	3
1358940752546	1358940752546	-1.0850934	-0.3437562	-0.660285	3
1358940752560	1358940752560	-1.0259507	0.0019533634	-0.6510792	3
1358940752575	1358940753309	-0.97083706	0.038098097	-0.6423807	3
1358940753449	1358940753449	1.6742289	-1.5917163	-0.84536076	3
1358940753469	1358940753469	1.5195493	-1.573483	-0.7163515	3
1358940753493	1358940753493	1.2285347	-1.4662232	-3.0416927	3
1358940753507	1358940753507	1.111992	-1.4036546	-2.8166227	3
1358940753519	1358940753519	0.87999046	-1.7439418	-3.002781	3
1358940753531	1358940753531	0.61499435	-2.3316197	-1.4019289	3
1358940753546	1358940753546	0.60532856	-2.1559215	-1.353385	3
1358940753561	1358940753561	0.031069309	-2.3614454	0.28992462	3
1358940753574	1358940753574	-0.5075093	-2.063367	0.61945057	3
1358940753598	1358940753598	-0.43788162	-1.9445853	0.5781288	3
1358940753612	1358940753612	-0.8931879	-1.6268106	-0.47916412	3
1358940753626	1358940753626	-1.2695156	-1.4051862	-1.7085047	3
1358940753638	1358940753638	-1.2036803	-1.3430629	-1.638977	3
1358940753649	1358940753649	-1.374058	-0.9885578	-2.3135548	3
1358940753666	1358940753666	-1.3258984	-0.940897	-2.2299576	3
1358940753680	1358940754456	-1.3591534	-0.5970988	-2.3027315	3
1358940754603	1358940754603	1.5552216	-2.3960276	1.8087225	3
1358940754632	1358940754632	1.368945	-2.1321368	-1.0538883	3
1358940754644	1358940754644	1.1350882	-2.3674111	-1.8854818	3
1358940754659	1358940754659	1.0768111	-2.2122703	-1.7586727	3
1358940754674	1358940754674	0.5380442	-2.4903855	-0.7960682	3
1358940754688	1358940754688	-0.024865717	-2.251491	0.24818897	3
1358940754701	1358940754701	0.035229236	-2.1129646	0.2245493	3
1358940754715	1358940754715	-0.19229943	-1.6380053	0.06550217	3
1358940754741	1358940754741	-0.11666003	-1.5708842	0.06939411	3
1358940754753	1358940754753	-0.27166247	-1.3763437	-0.9432907	3
1358940754769	1358940754769	-0.65268856	-1.3454175	-2.4217415	3
1358940754782	1358940754782	-0.59156996	-1.3165045	-2.299654	3
1358940754797	1358940754797	-1.2808568	-1.1372886	-3.2206554	3
1358940754809	1358940754809	-1.731005	-1.1042767	-3.4528732	3
1358940754822	1358940755593	-1.6530046	-1.0634661	-3.3187447	3
1358940755736	1358940755736	1.0562353	-3.2266035	1.2068062	3
1358940755759	1358940755759	0.46865377	-3.2520518	-1.8529091	3
1358940755782	1358940755782	0.27847424	-3.3059173	-2.246726	3
1358940755807	1358940755807	0.25737363	-3.1271377	-2.072029	3
1358940755827	1358940755827	0.6216543	-3.243043	-0.7780962	3
1358940755841	1358940755841	0.55995464	-2.999125	-9.10759E-4	3
1358940755854	1358940755854	0.5962038	-2.8574471	0.010287285	3
1358940755867	1358940755867	0.27807775	-2.379469	-0.70072937	3
1358940755881	1358940755881	-0.02454269	-1.9443231	-2.1004782	3
1358940755911	1358940755911	0.042314917	-1.9092565	-1.9708519	3
1358940755922	1358940755922	-0.20310742	-1.5164862	-3.6811647	3
1358940755934	1358940755934	-0.16249287	-1.5064316	-3.490467	3
1358940755948	1358940755948	-0.50830054	-1.19455	-4.6438885	3
1358940755961	1358940755961	-1.0010372	-0.95696497	-4.8822603	3
1358940755974	1358940755974	-0.9669799	-0.93862486	-4.6835794	3
1358940755986	1358940755986	-1.30646	-0.9849477	-4.0622854	3
1358940756002	1358940756002	-1.1143502	-1.2447572	-3.1036263	3
1358940756016	1358940756760	-1.074222	-1.1945381	-3.0010319	3
1358940756900	1358940756900	-1.3667846	-0.13303757	-8.450066	3
1358940756925	1358940756926	-1.2277237	-0.115177155	-7.8049793	3
1358940756951	1358940756951	-1.6190728	-0.023968697	-8.606515	3
1358940756974	1358940756974	-1.5047206	9.069443E-4	-8.039342	3
1358940757004	1358940757004	-1.7029533	0.18262005	-8.266439	3
1358940757024	1358940757024	-1.7568035	0.22308564	-7.7214794	3
1358940757036	1358940757036	-1.6679926	0.2698295	-7.308752	3
1358940757051	1358940757051	-1.5121291	0.17033911	-6.2139826	3
1358940757078	1358940757078	-1.4356984	-0.0017540455	-5.117323	3
1358940757091	1358940757091	-1.3608382	0.04695058	-4.888317	3
1358940757103	1358940757103	-1.4353527	0.012043238	-4.385498	3
1358940757118	1358940757118	-1.214272	0.117800474	-4.058236	3
1358940757132	1358940757132	-1.15121	0.13814259	-3.8971586	3
1358940757144	1358940757144	-1.0923073	0.29782557	-3.5996494	3
1358940757156	1358940757156	-1.0363926	0.2980199	-3.4650946	3
1358940757171	1358940757171	-1.2035754	0.36718583	-3.338992	3
1358940757186	1358940757186	-1.3637149	0.35587406	-3.2205229	3
1358940757226	1358940757919	-1.2970706	0.3428111	-3.1093063	3
1358940758065	1358940758065	-2.3680534	0.15291047	-1.4186893	3
1358940758088	1358940758088	-2.3054495	0.22608066	-1.0373735	3
1358940758109	1358940758109	-2.1238155	0.22528815	-0.97398615	3
1358940758124	1358940758124	-2.0432055	0.22374535	-0.63111067	3
1358940758139	1358940758139	-1.9087481	0.22469854	-0.600626	3
1358940758153	1358940758153	-1.722884	0.22454453	-0.35602522	3
1358940758166	1358940758166	-1.338365	0.29767847	0.01886797	3
1358940758181	1358940758181	-1.2690856	0.29512763	0.010459423	3
1358940758207	1358940758207	-1.0589961	0.2928841	0.58624697	3
1358940758219	1358940758219	-1.2243906	0.14385438	1.0637851	3
1358940758232	1358940758232	-1.1626521	0.14655232	1.0102735	3
1358940758246	1358940758246	-1.4716725	-1.4090538E-4	1.2565217	3
1358940758261	1358940758261	-1.402181	0.003348112	1.202435	3
1358940758275	1358940758275	-1.338074	0.004064083	1.1541352	3
1358940758315	1358940758315	-0.98376083	0.15103555	0.9627037	3
1358940758330	1358940759047	-0.5699938	0.36644554	1.0017581	3
1358940759234	1358940759234	-3.648508	0.15520644	-1.2757936	3
1358940759250	1358940759250	-3.2164536	0.15655947	-0.618793	3
1358940759265	1358940759265	-2.6231515	0.5118127	-0.5091038	3
1358940759281	1358940759281	-2.4441795	0.48433566	-0.47881508	3
1358940759296	1358940759296	-1.8583181	0.8175576	-0.45072794	3
1358940759309	1358940759309	-1.459825	0.842752	-0.28021288	3
1358940759321	1358940759321	-1.3777893	0.7942965	-0.2639804	3
1358940759339	1358940759339	-1.4484825	0.6029928	0.04253006	3
1358940759366	1358940759366	-1.7373786	0.12905288	0.26189947	3
1358940759379	1358940759379	-1.6500642	0.11401796	0.25338793	3
1358940759391	1358940759391	-1.6422343	-0.04971075	0.39386606	3
1358940759407	1358940759407	-1.5644703	-0.059695244	0.38231897	3
1358940759422	1358940759422	-1.3410573	-0.0016551018	0.30114174	3
1358940759435	1358940759435	-0.9073385	0.130759	0.074991226	3
1358940759447	1358940759447	-0.8599502	0.11283946	0.07812452	3
1358940759461	1358940759461	-0.5196537	0.24634504	0.07999802	3
1358940759503	1358940759503	-0.41478544	0.22978735	0.45092487	3
1358940759516	1358940759516	-0.3897416	0.21580625	0.43825865	3
1358940759529	1358940760209	-0.5907849	0.055801153	0.9452176	3
1358940760351	1358940760351	-0.35673904	-0.19887257	0.41611624	3
1358940760375	1358940760375	-0.33393478	-0.17108989	0.37801313	3
1358940760395	1358940760395	-0.5260143	-0.29273963	0.5608473	3
1358940760408	1358940760408	-0.34678137	-0.41017985	0.7359166	3
1358940760423	1358940760423	-0.3201363	-0.38066077	0.6891904	3
1358940760437	1358940760437	-0.2917924	-0.35676336	0.79420424	3
1358940760449	1358940760449	-0.26228547	-0.26485634	0.75260115	3
1358940760462	1358940760462	-0.23230171	-0.25169063	0.71620893	3
1358940760477	1358940760477	-0.12929869	-0.091487646	0.46431732	3
1358940760503	1358940760503	-0.10341334	-0.15368152	0.443357	3
1358940760514	1358940760514	-0.078903794	-0.13504004	0.42249966	3
1358940760527	1358940760527	0.09002602	-0.18669415	0.768837	3
1358940760548	1358940760548	0.24896908	-0.3072834	1.3213463	3
1358940760564	1358940760564	0.2504977	-0.2750635	1.2634068	3
1358940760603	1358940760603	0.17498231	-0.5392523	1.7994866	3
1358940760621	1358940760621	0.17285657	-0.49950552	1.7267408	3
1358940760635	1358940761328	-0.20195532	-0.8351791	2.3999214	3
1358940761460	1358940761461	0.8178501	1.0363735	0.5718231	3
1358940761487	1358940761487	0.7256136	0.862906	0.5394454	3
1358940761510	1358940761510	0.9986913	0.9865031	0.6585331	3
1358940761523	1358940761523	1.3348274	1.0311313	0.70698357	3
1358940761535	1358940761535	1.2342329	0.8618901	0.6896548	3
1358940761550	1358940761550	1.5176702	1.1450021	0.5357995	3
1358940761565	1358940761565	1.5856726	1.4244237	0.6129632	3
1358940761577	1358940761577	1.5200815	1.2663224	0.61677456	3
1358940761598	1358940761598	1.6120999	1.4194083	0.62162876	3
1358940761612	1358940761612	1.5544829	1.2836595	0.6253352	3
1358940761626	1358940761626	1.5679538	1.087733	0.627604	3
1358940761639	1358940761639	1.3515502	0.7581217	0.99519634	3
1358940761651	1358940761651	1.2818546	0.66528153	0.97918606	3
1358940761692	1358940761692	0.9159801	0.4280126	1.702878	3
1358940761706	1358940762432	0.7159568	0.19654346	2.626141	3
1358940762606	1358940762606	0.4339897	-0.19465971	-0.71946144	3
1358940762626	1358940762626	0.41114688	-0.16154861	-0.6798606	3
1358940762639	1358940762639	0.1752634	-0.20165825	-0.28931284	3
1358940762653	1358940762653	0.16951317	-0.16817474	-0.28438807	3
1358940762673	1358940762673	0.16465563	-0.13915968	0.29841185	3
1358940762695	1358940762695	0.23285323	0.0295887	0.7795105	3
1358940762707	1358940762707	0.22357804	0.040731907	0.7306595	3
1358940762720	1358940762720	0.28555083	0.26648712	0.8342705	3
1358940762748	1358940762748	0.41663778	0.6250043	1.0832429	3
1358940762763	1358940762763	0.39647216	0.59982634	1.0318336	3
1358940762776	1358940762776	0.60051084	0.8688836	1.2064605	3
1358940762788	1358940762788	0.8007589	0.9055209	1.451364	3
1358940762803	1358940762803	0.776936	0.86555815	1.3964319	3
1358940762844	1358940762844	0.7577605	0.75075674	1.6438074	3
1358940762856	1358940762856	0.74154705	0.71070194	1.5917101	3
1358940762874	1358940762874	0.50427866	0.4458208	1.6209011	3
1358940762888	1358940763561	0.3486771	0.18455267	1.5808115	3
1358940763704	1358940763704	-0.14184874	-0.5605197	-0.28303242	3
1358940763732	1358940763732	-0.061086	-0.4431815	-0.33419228	3
1358940763753	1358940763753	0.013589621	-0.33556366	-0.24185658	3
1358940763781	1358940763781	0.011615217	-0.30744028	-0.22916603	3
1358940763796	1358940763796	0.0099717975	-0.21012354	-0.07452488	3
1358940763811	1358940763811	0.008408606	-0.11999273	0.07109833	3
1358940763824	1358940763824	0.006107807	-0.10845423	0.064169884	3
1358940763838	1358940763838	0.0028275847	-0.025315762	0.057793617	3
1358940763853	1358940763853	0.0720759	0.05350685	0.1248188	3
1358940763879	1358940763879	0.06540197	0.055321217	0.11605263	3
1358940763891	1358940763891	0.13295984	0.057109356	0.10804939	3
1358940763903	1358940763903	0.12476039	0.059095383	0.10057163	3
1358940763918	1358940763918	0.1917851	0.061129093	0.09370518	3
1358940763933	1358940763933	0.110900044	0.06277704	0.1614027	3
1358940763972	1358940763972	0.108383834	0.064540386	0.15303326	3
1358940763985	1358940763985	0.10602176	0.067080975	-0.0030736923	3
1358940764000	1358940764000	0.028786898	0.14436483	-0.0800972	3
1358940764016	1358940764016	0.027347028	0.14540577	-0.08075142	3
1358940764029	1358940764709	0.025423944	0.0720377	-0.007142067	3
1358940764848	1358940764848	-0.015737653	-0.0041160583	-0.6331682	3
1358940764873	1358940764873	0.0393582	-0.0093951225	-0.22943878	3
1358940764896	1358940764896	0.019419193	-0.016440392	-0.21136379	3
1358940764912	1358940764912	0.14555216	0.11866617	-0.1947155	3
1358940764927	1358940764927	0.19437718	0.24461079	-0.251132	3
1358940764943	1358940764943	0.17081535	0.21940851	-0.2326107	3
1358940764958	1358940764958	0.15026563	0.19646025	-0.36080074	3
1358940764973	1358940764973	0.059115827	0.10304022	-0.5561781	3
1358940764986	1358940764986	0.045629323	0.08825445	-0.52484035	3
1358940765011	1358940765011	-0.11352974	0.0017523766	-0.5696173	3
1358940765026	1358940765026	-0.118910015	-0.0808835	-0.46701622	3
1358940765048	1358940765048	-0.12322736	-0.08674955	-0.44311714	3
1358940765059	1358940765059	-0.052422345	-0.16647768	-0.42071533	3
1358940765100	1358940765100	-0.056313872	-0.16956472	-0.39977932	3
1358940765114	1358940765114	-0.13267916	-0.17224169	-0.45424652	3
1358940765127	1358940765127	-0.27983022	-0.1744461	-0.5076122	3
1358940765138	1358940765849	-0.27415812	-0.17628717	-0.48599815	3
1358940765986	1358940765986	-0.060174406	0.13881826	-0.560812	3
1358940766012	1358940766012	0.16842157	0.19973326	-0.65863705	3
1358940766032	1358940766032	0.1693356	0.19011116	-0.39911747	3
1358940766044	1358940766044	0.17070442	0.18315744	-0.37456322	3
1358940766058	1358940766058	0.17051077	0.24775267	0.007375717	3
1358940766072	1358940766072	0.16730356	0.23338652	0.007536888	3
1358940766085	1358940766085	0.16152912	0.21461105	0.37347603	3
1358940766097	1358940766097	0.079894364	0.11892557	0.43350506	3
1358940766121	1358940766121	0.07451677	0.09634495	0.42169952	3
1358940766135	1358940766135	0.14411736	-0.0011463165	0.34046555	3
1358940766148	1358940766148	0.06701046	-0.022222996	0.044963837	3
1358940766210	1358940766210	0.0700587	-0.04118347	0.055761337	3
1358940766224	1358940766224	0.14995116	-0.056310177	-0.22957516	3
1358940766239	1358940766239	0.3767054	0.0077033043	-0.5066271	3
1358940766252	1358940766954	0.37473726	4.1675568E-4	-0.48152447	3
1358940767096	1358940767096	-0.106953904	0.121902466	-0.06066799	3
1358940767118	1358940767118	-0.19931147	0.16434574	-0.47099876	3
1358940767140	1358940767140	-0.0031721592	0.1408844	-0.8583007	3
1358940767153	1358940767153	0.03685282	0.12543201	-0.79701376	3
1358940767166	1358940767166	0.14645623	0.25999737	-0.74531317	3
1358940767181	1358940767181	0.39549035	0.46247673	-0.41174698	3
1358940767193	1358940767193	0.41539282	0.43854952	-0.38842964	3
1358940767204	1358940767204	0.5101615	0.5625539	-0.14910889	3
1358940767219	1358940767219	0.45773473	0.5363207	-0.14091873	3
1358940767247	1358940767247	0.48404935	0.51413536	-0.13405848	3
1358940767260	1358940767260	0.43931058	0.5708127	-0.27601957	3
1358940767299	1358940767299	0.62084794	0.7059488	-0.4155898	3
1358940767314	1358940767314	0.6529762	0.69860077	-0.40767717	3
1358940767330	1358940767330	1.0587955	0.77763605	-0.4802785	3
1358940767341	1358940767341	1.0874957	0.7942586	-0.48392963	3
1358940767353	1358940768061	1.4815578	0.44684315	-0.5648694	3
1358940768197	1358940768197	1.9919279	1.3288792	-5.9874372	3
1358940768221	1358940768221	1.7793143	1.2230434	-5.5342093	3
1358940768243	1358940768243	1.4563345	0.85279846	-3.933877	3
1358940768255	1358940768255	0.95100904	0.5113001	-2.8893023	3
1358940768267	1358940768267	0.8475374	0.47801542	-2.7129831	3
1358940768282	1358940768282	0.54682875	0.2995386	-2.266591	3
1358940768297	1358940768297	0.49647713	0.27386165	-2.14083	3
1358940768308	1358940768308	0.45783448	0.16811323	-1.9530315	3
1358940768320	1358940768320	0.58248186	0.28380394	-2.1427584	3
1358940768347	1358940768347	0.5651596	0.24438071	-2.034706	3
1358940768361	1358940768361	0.70160246	0.49745727	-2.5212355	3
1358940768373	1358940768373	0.68847466	0.8122406	-3.137971	3
1358940768385	1358940768385	0.67643726	0.74687314	-2.998889	3
1358940768426	1358940768426	0.7366334	0.908082	-3.4605055	3
1358940768442	1358940769180	0.64227724	1.1421449	-3.837205	3
1358940769332	1358940769332	-0.43437356	0.25914	-0.27115917	3
1358940769365	1358940769365	-0.41404402	0.4273305	-0.02406311	3
1358940769388	1358940769388	-0.39939988	0.36725092	-0.006108284	3
1358940769412	1358940769412	-0.46133834	0.5264125	-0.060049057	3
1358940769469	1358940769469	-0.5949747	0.6073694	-0.47291565	3
1358940769488	1358940769488	-0.57824934	0.54539585	-0.43177748	3
1358940769513	1358940769513	-0.56245184	0.64019585	-0.39753866	3
1358940769532	1358940769532	-0.47249848	0.592196	0.06837082	3
1358940769559	1358940769559	-0.45594823	0.5515299	0.072108746	3
1358940769572	1358940769572	-0.43647814	0.43904495	1.176692	3
1358940769587	1358940769587	-0.34082782	0.2513771	2.3144646	3
1358940769602	1358940769602	-0.31638622	0.20618963	2.2411232	3
1358940769620	1358940769620	-0.35815954	0.07515383	2.7007504	3
1358940769659	1358940769659	-0.32010543	0.6044369	1.3082647	3
1358940769670	1358940769670	-0.28694534	0.5244484	1.2996264	3
1358940769684	1358940769684	0.3273543	0.5332289	-0.41755962	3
1358940769698	1358940769698	0.31443095	0.48863792	-0.38617325	3
1358940769716	1358940769716	1.3288896	-0.1211462	-0.9690714	3
1358940769728	1358940769728	1.7083555	-0.7630768	0.52974224	3
1358940769742	1358940769742	1.6293269	-0.7069397	0.48891926	3
1358940769757	1358940769757	1.4887544	-1.3308821	3.3595428	3
1358940769782	1358940769782	0.775363	-1.6645932	5.421796	3
1358940769812	1358940769812	0.77224576	-1.6517	5.290085	3
1358940769824	1358940770457	-0.117776334	-1.8188329	4.214141	3
1358940770611	1358940770611	0.22543603	0.13344574	1.8364487	3
1358940770635	1358940770635	0.22444123	0.11337137	1.703877	3
1358940770649	1358940770649	-0.057189345	0.23275805	1.7373114	3
1358940770663	1358940770663	-0.6772552	0.9852562	1.1360822	3
1358940770702	1358940770702	-0.6193909	0.90214825	1.0818229	3
1358940770716	1358940770716	-0.43573415	1.4110937	-0.19859695	3
1358940770729	1358940770729	-0.42349625	1.329761	-0.187006	3
1358940770741	1358940770741	0.594872	1.2023478	-0.8455677	3
1358940770753	1358940770753	1.2683195	0.6649518	0.1903534	3
1358940770778	1358940770778	1.1820829	0.67970467	0.14490652	3
1358940770792	1358940770792	0.887796	-0.4020586	2.4465427	3
1358940770804	1358940770804	-0.044050217	-1.3751464	4.662775	3
1358940770816	1358940770816	-0.042529583	-1.3053961	4.4601707	3
1358940770830	1358940770830	-0.6920092	-1.7164912	5.3281803	3
1358940770844	1358940770844	-1.0881834	-1.851376	3.3130836	3
1358940770855	1358940770855	-1.0291691	-1.8556695	3.2373152	3
1358940770868	1358940770868	-0.8343223	-1.3475428	-0.013422966	3
1358940770889	1358940770889	-0.28898215	-1.1417451	-2.4200115	3
1358940770901	1358940771648	-0.29398102	-1.1411023	-2.3173037	3
1358940771796	1358940771796	-3.9351945	1.0340457	-1.4814992	3
1358940771823	1358940771823	-0.3766135	0.5157194	-1.586225	3
1358940771834	1358940771834	-0.3142662	0.6280532	-1.566546	3
1358940771847	1358940771847	0.19141316	0.3156414	-0.4935155	3
1358940771861	1358940771861	1.1156774	-1.0565553	1.8746376	3
1358940771875	1358940771875	0.9328732	-0.84273386	1.6627407	3
1358940771893	1358940771893	2.211895	-1.9639096	3.5878315	3
1358940771906	1358940771906	2.0284717	-1.7356467	3.3334064	3
1358940771938	1358940771938	0.87486225	-2.780475	4.2833567	3
1358940771951	1358940771951	-1.1698058	-3.129484	0.9653177	3
1358940771963	1358940771963	-1.1446501	-2.8732853	0.8775511	3
1358940771974	1358940771974	-4.521983	-2.9713063	-2.8100042	3
1358940771988	1358940771988	-3.5203729	-2.95778	-3.857708	3
1358940772001	1358940772001	-3.448835	-2.6130276	-3.770813	3
1358940772012	1358940772779	-0.053109527	-2.6335268	-1.4017029	3
1358940772925	1358940772925	-0.5803704	0.50046587	-1.1965332	3
1358940772949	1358940772949	-0.3396232	1.1092982	-2.3055372	3
1358940772971	1358940772971	0.009788752	1.123601	-3.2143698	3
1358940772994	1358940772994	0.097943306	1.0154214	-2.9475346	3
1358940773014	1358940773014	-0.13121891	0.64473057	-2.582984	3
1358940773039	1358940773039	-1.3109019	0.16210556	-0.24042797	3
1358940773062	1358940773062	-1.2110195	0.13692999	-0.203866	3
1358940773077	1358940773077	-2.363817	-0.77674675	3.2611866	3
1358940773095	1358940773095	-2.0698652	-2.1136417	4.9129915	3
1358940773119	1358940773119	-1.9230623	-2.103207	4.772093	3
1358940773131	1358940773131	-0.74725914	-2.6983733	1.8804054	3
1358940773142	1358940773142	-0.6463983	-2.6834698	1.9099712	3
1358940773159	1358940773159	0.18413448	-1.9212341	-1.3821478	3
1358940773177	1358940773177	0.111144066	-1.2165804	-4.7990046	3
1358940773191	1358940773191	0.19657707	-1.1367021	-4.6004996	3
1358940773207	1358940773207	-0.5633843	-1.2461586	-6.16051	3
1358940773225	1358940773225	0.0064280033	-1.2891521	2.166532	3
1358940773241	1358940773241	0.030191422	-1.2034254	2.0696597	3
1358940773274	1358940773274	-0.3948114	-0.98203087	2.80099	3
1358940773291	1358940773291	-0.14674854	-1.6683712	1.5828047	3
1358940773311	1358940773935	-0.14652419	-1.6086183	1.5252867	3
1358940774076	1358940774076	0.18234503	1.7775416	-2.0584402	3
1358940774103	1358940774103	0.5505837	1.1015463	0.1275444	3
1358940774124	1358940774124	0.45359588	1.0599575	0.08235645	3
1358940774136	1358940774136	0.011034846	-0.12760258	3.7729492	3
1358940774151	1358940774152	-0.02261281	-0.11320257	3.5273724	3
1358940774166	1358940774166	-0.3824724	-0.998549	5.43089	3
1358940774178	1358940774178	-0.18562031	-1.4304819	3.4983006	3
1358940774191	1358940774191	-0.13448179	-1.4177237	3.3580112	3
1358940774205	1358940774205	0.12259948	-0.96269226	-0.4200077	3
1358940774231	1358940774231	0.709836	-0.28801298	-2.721177	3
1358940774245	1358940774245	0.66439104	-0.27522278	-2.5995312	3
1358940774256	1358940774256	1.1179041	-0.30516768	-2.4370756	3
1358940774271	1358940774271	0.7483306	-0.833436	-0.45558643	3
1358940774285	1358940774285	0.70147145	-0.746737	-0.47110653	3
1358940774297	1358940774297	0.30966103	-1.3367095	1.2929516	3
1358940774309	1358940774309	0.32650352	-1.259335	1.2335806	3
