1360064958101,-0.7676697,4.452484,8.2908325
1360064958161,-0.7676697,4.29895,8.674667
1360064958263,-1.0747375,4.0686493,8.674667
1360064958292,-0.61413574,4.1454163,8.828201
1360064958356,-0.6909027,4.1454163,8.751434
1360064958414,-0.5373688,4.1454163,8.751434
1360064958477,-0.5373688,4.1454163,8.5979
1360064958541,-0.5373688,4.0686493,8.521133
1360064958606,-0.61413574,4.222183,8.444366
1360064958671,-0.61413574,4.222183,8.5979
1360064958733,-0.4606018,4.222183,8.674667
1360064958797,-0.61413574,4.1454163,8.5979
1360064958860,-0.4606018,4.222183,8.3675995
1360064958928,-0.38383484,4.222183,8.5979
1360064958987,-0.4606018,4.29895,8.521133
1360064959051,-0.4606018,4.1454163,8.5979
1360064959117,-0.4606018,4.222183,8.521133
1360064959182,-0.4606018,4.222183,8.521133
1360064959242,-0.4606018,4.222183,8.674667
1360064959305,-0.4606018,4.222183,8.5979
1360064959372,-0.5373688,4.222183,8.521133
1360064959432,-0.5373688,4.1454163,8.5979
1360064959501,-0.38383484,4.222183,8.751434
1360064959562,-0.4606018,4.222183,8.5979
1360064959623,-0.5373688,4.222183,8.444366
1360064959687,-0.5373688,4.1454163,8.751434
1360064959750,-0.5373688,4.222183,8.521133
1360064959816,-0.5373688,4.222183,8.5979
1360064959885,-0.4606018,4.222183,8.521133
1360064959942,-0.5373688,4.222183,8.674667
1360064960004,-0.4606018,4.222183,8.521133
1360064960068,-0.61413574,4.222183,8.521133
1360064960137,-0.61413574,4.222183,8.674667
1360064960207,-0.5373688,4.222183,8.674667
1360064960259,-0.4606018,4.222183,8.521133
1360064960325,-0.5373688,4.222183,8.444366
1360064960388,-0.5373688,4.222183,8.3675995
1360064960452,-0.6909027,4.1454163,8.751434
1360064960540,-0.5373688,4.222183,8.444366
1360064960577,-0.5373688,4.29895,8.674667
1360064960640,-0.7676697,4.452484,8.904968
1360064960705,-0.61413574,4.222183,8.3675995
1360064960769,-0.6909027,3.9918823,8.674667
1360064960859,-0.4606018,4.29895,8.444366
1360064960894,-0.15353394,4.375717,8.5979
1360064960958,-0.38383484,4.222183,8.444366
1360064961022,-0.61413574,4.1454163,8.751434
1360064961089,-0.6909027,4.1454163,8.5979
1360064961171,-0.61413574,4.1454163,8.444366
1360064961213,-0.61413574,4.0686493,8.751434
1360064961275,-0.61413574,4.0686493,8.828201
1360064961339,-0.9212036,3.9918823,8.674667
1360064961407,-0.61413574,4.1454163,8.521133
1360064961486,-0.84443665,4.1454163,9.442337
1360064961530,-0.9979706,4.222183,8.214066
1360064961599,-0.9979706,3.9918823,8.060532
1360064961656,-0.6909027,3.9918823,8.2908325
1360064961722,-0.6909027,3.9151154,8.751434
1360064961788,-0.61413574,3.9151154,9.288803
1360064961851,-0.38383484,3.9918823,8.904968
1360064961915,-0.4606018,3.9151154,8.751434
1360064961975,-0.4606018,3.9918823,8.521133
1360064962039,-0.5373688,3.9151154,8.674667
1360064962170,-0.38383484,3.9918823,8.751434
1360064962170,-0.38383484,3.9918823,8.751434
1360064962228,-0.38383484,4.0686493,8.674667
1360064962292,-0.4606018,3.9918823,8.5979
1360064962356,-0.4606018,3.9918823,8.674667
1360064962421,-0.38383484,3.9918823,8.5979
1360064962499,-0.38383484,4.0686493,8.674667
1360064962547,-0.4606018,3.9151154,8.904968
1360064962611,-0.30706787,4.0686493,8.521133
1360064962680,-0.4606018,3.9918823,8.674667
1360064962744,-0.5373688,3.9151154,8.521133
1360064962806,-0.5373688,3.8383484,8.981735
1360064962868,-0.4606018,3.8383484,8.5979
1360064962930,-0.4606018,3.9151154,8.521133
1360064962992,-0.61413574,3.8383484,8.5979
1360064963059,-0.5373688,3.9151154,8.5979
1360064963139,-0.38383484,3.6848145,8.828201
1360064963182,-0.2303009,3.6080475,8.751434
1360064963246,0.0,3.5312805,8.981735
1360064963309,0.2303009,3.4545135,9.135269
1360064963377,0.07676697,3.3777466,8.828201
1360064963438,0.0,3.4545135,8.2908325
1360064963501,0.0,4.0686493,8.981735
1360064963566,-0.2303009,4.1454163,9.212036
1360064963633,-0.07676697,3.5312805,8.751434
1360064963693,0.15353394,3.1474457,9.135269
1360064963775,0.38383484,3.8383484,8.2908325
1360064963818,0.4606018,4.0686493,8.751434
1360064963883,0.38383484,3.9918823,9.058502
1360064963945,0.15353394,4.0686493,9.212036
1360064964009,0.2303009,3.5312805,9.672638
1360064964073,-0.15353394,3.3777466,8.828201
1360064964136,-0.5373688,3.2242126,10.593842
1360064964200,-0.30706787,3.6080475,8.751434
1360064964265,-1.0747375,2.610077,8.137299
1360064964331,-1.1515045,2.149475,9.058502
1360064964396,-1.5353394,2.149475,9.519104
1360064964460,-1.5353394,2.9171448,7.9069977
1360064964520,-1.2282715,3.1474457,8.214066
1360064964583,-0.38383484,2.7636108,9.212036
1360064964645,-0.2303009,2.7636108,8.904968
1360064964715,-0.2303009,2.9171448,9.519104
1360064964773,-0.15353394,3.2242126,10.056473
1360064964841,-0.07676697,3.4545135,11.054443
1360064964900,1.6121063,4.0686493,9.519104
1360064964965,0.4606018,1.9191742,12.359482
1360064965032,0.84443665,2.379776,7.292862
1360064965090,1.3818054,2.379776,6.1413574
1360064965159,-0.7676697,2.226242,7.7534637
1360064965222,-0.30706787,3.2242126,9.672638
1360064965287,-0.07676697,3.1474457,9.519104
1360064965344,0.61413574,2.9171448,8.751434
1360064965409,0.61413574,2.610077,8.444366
1360064965480,0.9212036,2.303009,9.519104
1360064965540,1.6121063,2.53331,9.36557
1360064965607,1.6121063,2.9939117,8.828201
1360064965662,1.3818054,3.2242126,9.442337
1360064965729,1.2282715,2.9939117,9.749405
1360064965797,1.6121063,2.9171448,10.210007
1360064965857,0.5373688,2.8403778,9.979706
1360064965920,-0.4606018,2.303009,10.056473
1360064965980,-0.15353394,3.2242126,6.3716583
1360064966046,-0.4606018,2.9939117,7.9837646
1360064966109,-0.2303009,2.226242,10.900909
1360064966175,-0.7676697,2.226242,9.902939
1360064966239,0.0,3.5312805,6.4484253
1360064966299,0.2303009,3.7615814,7.369629
1360064966366,-0.07676697,2.9939117,10.210007
1360064966431,-0.9212036,2.610077,9.979706
1360064966492,-0.9979706,2.8403778,8.751434
1360064966554,-1.1515045,2.7636108,9.826172
1360064966617,-0.4606018,3.4545135,9.442337
1360064966683,-0.38383484,4.29895,8.828201
1360064966749,-0.15353394,3.9918823,9.519104
1360064966813,-0.4606018,3.5312805,8.981735
1360064966887,-0.2303009,2.0727081,11.284744
1360064966933,0.6909027,2.53331,8.5979
1360064966998,0.38383484,3.0706787,6.2181244
1360064967065,-0.30706787,2.379776,7.7534637
1360064967129,-0.6909027,1.6121063,11.438278
1360064967260,0.15353394,2.610077,9.36557
1360064967270,0.6909027,2.6868439,7.9069977
1360064967315,0.30706787,2.149475,8.981735
1360064967380,0.4606018,1.9191742,9.749405
1360064967446,0.6909027,1.9191742,9.902939
1360064967506,1.1515045,2.0727081,9.672638
1360064967602,1.1515045,2.226242,9.442337
1360064967634,1.1515045,2.303009,9.595871
1360064967697,1.0747375,2.149475,9.442337
1360064967764,1.6121063,2.226242,10.13324
1360064967829,0.9979706,2.303009,8.828201
1360064967919,1.6888733,2.53331,9.212036
1360064967951,0.2303009,2.303009,10.6706085
1360064968020,0.9979706,3.4545135,7.292862
1360064968096,0.15353394,2.6868439,8.444366
1360064968143,-0.07676697,2.0727081,9.135269
1360064968232,-0.07676697,2.379776,8.904968
1360064968269,0.38383484,2.6868439,9.36557
1360064968334,0.7676697,2.9939117,8.3675995
1360064968400,0.15353394,2.149475,9.058502
1360064968462,-0.4606018,1.5353394,9.288803
1360064968552,-1.0747375,2.303009,9.135269
1360064968587,-1.3818054,2.610077,9.672638
1360064968654,-1.5353394,2.303009,9.902939
1360064968718,-1.3050385,1.8424072,10.440308
1360064968780,-0.30706787,2.610077,9.902939
1360064968872,0.15353394,2.53331,8.828201
1360064968904,0.0,1.6121063,10.286774
1360064968979,-0.61413574,1.0747375,10.900909
1360064969036,0.38383484,1.5353394,7.676697
1360064969094,0.84443665,1.5353394,7.9837646
1360064969158,0.15353394,1.3818054,10.056473
1360064969221,0.4606018,2.7636108,8.904968
1360064969290,0.6909027,3.1474457,8.521133
1360064969352,0.15353394,2.8403778,8.3675995
1360064969414,-0.4606018,2.9939117,8.981735
1360064969485,-0.30706787,3.6080475,9.288803
1360064969541,-0.2303009,3.6080475,9.288803
1360064969609,-0.15353394,3.3009796,9.058502
1360064969674,-0.2303009,3.0706787,9.902939
1360064969734,0.30706787,4.1454163,9.442337
1360064969802,-1.3818054,2.610077,12.129181
1360064969858,0.15353394,2.0727081,12.129181
1360064969925,-0.9212036,1.4585724,8.751434
1360064969989,-0.38383484,1.9191742,5.9110565
1360064970053,0.0,1.5353394,8.137299
1360064970120,-1.7656403,1.6121063,10.13324
1360064970176,-0.61413574,3.6080475,6.909027
1360064970243,-0.61413574,3.1474457,9.058502
1360064970306,-1.0747375,2.53331,10.210007
1360064970370,-1.1515045,3.0706787,8.444366
1360064970432,-1.2282715,3.6080475,8.2908325
1360064970495,-1.3818054,3.7615814,8.904968
1360064970560,-1.3050385,3.3777466,10.210007
1360064970622,-0.9979706,4.529251,9.058502
1360064970688,-0.6909027,3.9918823,9.212036
1360064970748,-0.30706787,3.1474457,9.212036
1360064970812,-0.30706787,1.3818054,12.743317
1360064970883,0.6909027,2.53331,6.83226
1360064970940,0.07676697,3.0706787,8.137299
1360064971003,-0.38383484,4.29895,6.909027
1360064971117,-0.4606018,3.6848145,8.751434
1360064971129,-0.84443665,2.8403778,9.672638
1360064971192,0.07676697,3.6080475,8.2908325
1360064971261,0.2303009,3.5312805,8.3675995
1360064971323,0.2303009,3.6080475,8.828201
1360064971388,0.2303009,3.8383484,9.288803
1360064971447,0.38383484,4.0686493,8.981735
1360064971511,0.2303009,3.9151154,8.904968
1360064971579,0.38383484,4.452484,8.137299
1360064971639,1.2282715,3.2242126,10.977676
1360064971706,0.5373688,3.8383484,8.2908325
1360064971766,0.0,3.0706787,11.054443
1360064971829,-0.61413574,3.4545135,7.139328
1360064971897,-0.9979706,2.53331,7.9837646
1360064971959,-0.9979706,1.8424072,9.288803
1360064972020,-1.7656403,1.6121063,11.13121
1360064972087,-0.9212036,3.1474457,7.523163
1360064972147,-0.84443665,3.6848145,7.7534637
1360064972212,-1.0747375,2.6868439,10.210007
1360064972278,-1.4585724,2.226242,9.672638
1360064972339,-1.5353394,2.226242,8.674667
1360064972401,-1.2282715,2.53331,10.056473
1360064972465,-0.84443665,2.9171448,10.6706085
1360064972531,-0.84443665,3.3009796,9.749405
1360064972595,-0.4606018,2.7636108,9.212036
1360064972660,-0.9979706,2.0727081,11.438278
1360064972719,-0.38383484,2.303009,8.828201
1360064972782,0.38383484,2.6868439,5.4504547
1360064972856,-0.84443665,2.456543,6.4484253
1360064972914,-0.6909027,2.53331,10.363541
1360064972979,-0.61413574,3.2242126,10.363541
1360064973037,-0.07676697,3.2242126,8.521133
1360064973101,-0.5373688,2.610077,8.2908325
1360064973168,-0.6909027,2.303009,9.058502
1360064973231,-0.5373688,2.149475,9.902939
1360064973294,-0.2303009,2.53331,9.442337
1360064973356,0.07676697,2.610077,9.902939
1360064973421,-0.07676697,2.7636108,9.672638
1360064973483,-0.07676697,1.7656403,12.436249
1360064973548,0.2303009,1.6121063,9.212036
1360064973609,-0.84443665,1.0747375,8.060532
1360064973672,-0.5373688,1.2282715,7.292862
1360064973737,-0.5373688,0.84443665,9.749405
1360064973805,-1.2282715,1.3818054,10.210007
1360064973864,-0.9979706,2.379776,9.36557
1360064973971,-1.0747375,1.9959412,9.749405
1360064973990,-1.3818054,1.6888733,9.058502
1360064974057,-1.6888733,1.3818054,9.135269
1360064974119,-1.3050385,1.3818054,9.902939
1360064974187,-0.61413574,1.6121063,10.056473
1360064974245,-0.4606018,1.6888733,9.288803
1360064974308,-0.6909027,1.5353394,9.595871
1360064974376,-0.4606018,2.149475,9.519104
1360064974439,0.0,2.456543,9.902939
1360064974500,-0.9979706,1.9959412,9.212036
1360064974597,-1.8424072,1.1515045,11.054443
1360064974627,-0.9212036,1.3050385,10.6706085
1360064974692,0.30706787,2.379776,7.9837646
1360064974757,0.07676697,2.8403778,6.985794
1360064974821,0.2303009,2.9171448,9.212036
1360064974898,-0.6909027,2.8403778,8.828201
1360064974944,-0.7676697,2.6868439,8.828201
1360064975009,-0.9979706,2.149475,9.135269
1360064975075,-0.15353394,2.0727081,9.519104
1360064975136,0.30706787,1.9959412,9.288803
1360064975238,0.5373688,2.226242,8.828201
1360064975262,0.6909027,2.456543,9.135269
1360064975329,1.0747375,2.53331,9.749405
1360064975395,1.2282715,2.9939117,9.519104
1360064975455,1.3818054,3.4545135,9.058502
1360064975529,0.4606018,2.53331,10.517075
1360064975580,-0.07676697,2.0727081,9.979706
1360064975648,-1.8424072,1.2282715,10.900909
1360064975709,-0.9979706,1.8424072,6.678726
1360064975775,-0.30706787,0.38383484,10.056473
1360064975866,-0.9212036,0.38383484,10.977676
1360064975897,0.15353394,2.53331,6.5251923
1360064975966,0.0,2.9939117,6.985794
1360064976025,-0.38383484,1.7656403,10.517075
1360064976090,-0.84443665,1.6888733,10.13324
1360064976177,-0.9212036,1.9191742,8.904968
1360064976215,-0.9212036,1.8424072,9.058502
1360064976279,-0.9979706,1.6121063,10.517075
1360064976344,-0.84443665,1.9191742,10.517075
1360064976409,-1.0747375,2.149475,9.519104
1360064976494,-1.0747375,2.149475,9.058502
1360064976534,-2.379776,1.2282715,8.828201
1360064976602,-1.8424072,1.6888733,9.212036
1360064976663,-1.3818054,1.6888733,11.361511
1360064976728,-0.7676697,2.303009,9.058502
1360064976811,-0.2303009,2.456543,8.060532
1360064976851,-0.15353394,2.6868439,8.904968
1360064976918,-0.4606018,3.0706787,9.36557
1360064976983,-0.7676697,3.1474457,9.902939
1360064977047,-0.9212036,2.610077,8.981735
1360064977125,-0.9979706,2.0727081,8.444366
1360064977169,-1.1515045,1.8424072,8.521133
1360064977236,-1.2282715,1.7656403,8.674667
1360064977299,-0.9212036,1.6121063,9.672638
1360064977362,-0.07676697,1.8424072,10.13324
1360064977438,0.38383484,1.9959412,9.826172
1360064977488,0.84443665,2.303009,9.826172
1360064977552,1.4585724,2.379776,10.056473
1360064977618,1.9191742,2.9939117,8.828201
1360064977682,1.0747375,2.610077,10.363541
1360064977759,1.2282715,2.6868439,9.826172
1360064977806,-0.07676697,1.6121063,10.824142
1360064977872,-0.38383484,2.303009,7.369629
1360064977933,-0.9212036,1.9959412,7.446396
1360064977998,-0.6909027,1.2282715,10.6706085
1360064978083,-2.0727081,1.6121063,9.212036
1360064978123,-1.2282715,2.9171448,7.523163
1360064978190,-1.2282715,2.9939117,8.674667
1360064978255,-0.9979706,2.610077,10.056473
1360064978317,-0.9979706,2.53331,9.749405
1360064978398,-0.7676697,2.610077,8.904968
1360064978440,-0.6909027,2.6868439,9.135269
1360064978505,-0.6909027,2.7636108,9.595871
1360064978570,-0.61413574,3.8383484,8.444366
1360064978638,-0.7676697,4.0686493,9.36557
1360064978721,-0.4606018,2.9939117,10.977676
1360064978758,-0.2303009,1.3050385,13.357452
1360064978828,0.07676697,1.6888733,7.216095
1360064978888,0.15353394,1.7656403,7.8302307
1360064978950,-0.61413574,2.456543,8.137299
1360064979044,-0.9979706,3.2242126,8.137299
1360064979079,-0.9979706,2.8403778,8.751434
1360064979143,-0.9212036,2.0727081,9.826172
1360064979205,-0.4606018,2.379776,9.135269
1360064979271,-0.15353394,2.610077,8.904968
1360064979399,0.38383484,2.379776,9.288803
1360064979400,0.84443665,2.610077,9.749405
1360064979458,0.84443665,2.8403778,9.442337
1360064979524,0.84443665,3.0706787,9.749405
1360064979584,1.5353394,3.9918823,9.442337
1360064979693,0.7676697,2.610077,11.361511
1360064979711,1.2282715,3.0706787,8.060532
1360064979779,0.38383484,2.456543,9.902939
1360064979846,-0.9979706,2.8403778,7.216095
1360064979908,-1.3818054,2.610077,7.523163
1360064979991,-0.9979706,1.9959412,10.363541
1360064980029,-0.38383484,3.1474457,8.981735
1360064980094,-0.2303009,3.9151154,6.5251923
1360064980161,-0.61413574,3.3009796,8.674667
1360064980230,-0.7676697,2.8403778,9.826172
1360064980289,-0.38383484,3.1474457,8.981735
1360064980349,-0.07676697,3.6848145,8.521133
1360064980413,-0.5373688,3.5312805,9.288803
1360064980479,-0.61413574,3.3009796,10.7473755
1360064980540,0.07676697,4.0686493,9.212036
1360064980607,-0.15353394,3.6080475,9.442337
1360064980668,0.30706787,1.9959412,11.284744
1360064980729,-0.07676697,1.8424072,9.519104
1360064980793,1.1515045,2.0727081,7.7534637
1360064980860,0.38383484,3.1474457,7.9837646
1360064980945,0.07676697,3.8383484,8.751434
1360064980983,-0.07676697,3.5312805,8.214066
1360064981052,-0.61413574,2.9939117,8.444366
1360064981115,-0.7676697,3.2242126,8.674667
1360064981176,-0.4606018,3.1474457,9.058502
1360064981239,-0.07676697,2.9171448,9.36557
1360064981301,0.2303009,3.3009796,9.058502
1360064981367,0.61413574,3.6080475,9.288803
1360064981430,0.9212036,4.0686493,8.981735
1360064981498,1.2282715,2.9171448,11.207977
1360064981561,0.4606018,3.1474457,8.521133
1360064981619,-0.30706787,2.53331,11.054443
1360064981684,-0.30706787,2.53331,8.137299
1360064981749,-0.5373688,1.2282715,9.595871
1360064981814,-0.5373688,0.5373688,11.591812
1360064981929,-0.38383484,2.0727081,7.446396
1360064981941,-0.5373688,2.6868439,6.83226
1360064982001,-0.9979706,2.149475,9.442337
1360064982064,-1.0747375,2.53331,9.595871
1360064982132,-0.9212036,2.7636108,9.058502
1360064982194,-0.5373688,3.3009796,9.058502
1360064982255,-0.5373688,3.4545135,9.442337
1360064982321,-0.30706787,3.2242126,10.210007
1360064982384,-0.15353394,3.6080475,9.058502
1360064982447,-0.2303009,3.1474457,10.056473
1360064982513,0.2303009,2.9171448,9.979706
1360064982573,-0.07676697,2.456543,9.36557
1360064982642,0.5373688,2.149475,7.8302307
1360064982704,0.4606018,1.9959412,8.137299
1360064982768,0.30706787,2.610077,8.981735
1360064982831,0.2303009,3.2242126,9.212036
1360064982890,0.4606018,2.9171448,8.444366
1360064982956,0.2303009,2.8403778,9.212036
1360064983022,0.2303009,3.3009796,8.981735
1360064983084,0.4606018,3.3777466,9.442337
1360064983149,0.2303009,3.0706787,9.212036
1360064983209,0.2303009,3.2242126,8.981735
1360064983273,0.30706787,3.6080475,9.058502
1360064983339,0.0,3.6080475,9.212036
1360064983401,0.15353394,2.8403778,10.977676
1360064983493,-0.07676697,2.149475,10.900909
1360064983528,-0.9979706,2.610077,8.674667
1360064983589,-1.3818054,2.610077,7.292862
1360064983653,-0.7676697,1.5353394,9.288803
1360064983717,-1.4585724,1.3818054,11.13121
1360064983781,-0.9979706,2.6868439,7.446396
1360064983871,-0.5373688,3.1474457,7.8302307
1360064983907,-0.6909027,2.6868439,9.749405
1360064983974,-0.9979706,2.6868439,9.36557
1360064984036,-0.6909027,3.1474457,8.444366
1360064984102,-1.0747375,3.0706787,9.135269
1360064984162,-1.0747375,2.9171448,9.749405
1360064984230,-0.5373688,3.2242126,9.826172
1360064984291,-0.38383484,4.0686493,8.674667
1360064984358,-0.61413574,3.3777466,9.442337
1360064984419,-0.15353394,2.149475,11.591812
1360064984482,0.07676697,2.303009,9.595871
1360064984543,1.3050385,3.1474457,4.682785
1360064984609,0.07676697,2.456543,8.137299
1360064984675,-0.30706787,2.8403778,10.517075
1360064984740,0.4606018,3.8383484,7.59993
1360064984799,-0.2303009,3.4545135,8.751434
1360064984861,-0.15353394,3.3009796,9.058502
1360064984926,-0.2303009,3.1474457,9.135269
1360064984992,0.30706787,3.3777466,9.058502
1360064985058,0.38383484,3.5312805,9.36557
1360064985116,0.5373688,3.7615814,9.135269
1360064985180,0.6909027,4.222183,8.5979
1360064985245,-0.15353394,3.6080475,9.826172
1360064985308,-0.07676697,2.8403778,10.824142
1360064985374,-0.2303009,3.2242126,8.751434
1360064985451,-0.7676697,2.6868439,8.137299
1360064985497,-0.7676697,2.0727081,8.444366
1360064985566,-0.61413574,1.5353394,9.519104
1360064985628,-0.9979706,2.456543,7.9837646
1360064985690,-0.7676697,3.3777466,7.369629
1360064985764,-0.5373688,2.9171448,10.056473
1360064985814,-0.61413574,2.7636108,10.7473755
1360064985878,-0.15353394,3.0706787,8.2908325
1360064985947,-0.4606018,3.0706787,8.5979
1360064986008,-0.84443665,2.610077,9.749405
1360064986074,-0.6909027,2.7636108,9.749405
1360064986133,-0.4606018,3.0706787,9.519104
1360064986200,-0.30706787,3.6080475,9.595871
1360064986264,-1.1515045,2.8403778,9.902939
1360064986328,-0.2303009,2.303009,10.210007
1360064986409,-1.1515045,1.9191742,10.440308
1360064986451,-0.84443665,1.8424072,9.058502
1360064986513,-0.15353394,2.6868439,6.3716583
1360064986581,-0.9212036,2.6868439,9.058502
1360064986647,-0.61413574,3.5312805,9.519104
1360064986741,-0.07676697,3.3777466,8.5979
1360064986770,0.30706787,2.9171448,8.521133
1360064986835,0.4606018,3.3009796,8.2908325
1360064986896,0.38383484,3.8383484,8.214066
1360064986964,0.15353394,3.7615814,8.751434
1360064987067,-0.15353394,3.5312805,9.442337
1360064987087,-0.15353394,3.6080475,9.442337
1360064987154,-0.15353394,3.9151154,9.212036
1360064987217,-0.15353394,4.222183,9.288803
1360064987282,-0.5373688,3.3009796,10.7473755
1360064987397,-0.15353394,3.3009796,9.135269
1360064987409,-1.0747375,2.379776,10.517075
1360064987467,-0.9979706,2.7636108,7.139328
1360064987532,-0.9212036,2.0727081,8.5979
1360064987602,-1.2282715,1.6888733,10.977676
1360064987681,-1.1515045,2.456543,8.137299
1360064987758,-0.9212036,3.3009796,6.909027
1360064987785,-1.0747375,2.9939117,9.212036
1360064987850,-1.4585724,2.7636108,9.749405
1360064987917,-1.1515045,3.1474457,9.135269
1360064987981,-0.9212036,3.3777466,8.904968
1360064988050,-1.1515045,3.0706787,9.442337
1360064988104,-0.9212036,3.1474457,10.13324
1360064988168,-0.5373688,3.7615814,8.904968
1360064988235,-0.61413574,3.7615814,9.749405
1360064988299,-0.30706787,3.9151154,8.674667
1360064988404,-0.4606018,2.53331,11.745346
1360064988423,-0.07676697,2.53331,8.674667
1360064988492,0.4606018,2.610077,6.3716583
1360064988550,-0.5373688,2.610077,7.676697
1360064988618,-0.38383484,3.3777466,9.749405
1360064988730,-0.07676697,3.9918823,9.058502
1360064988740,-0.07676697,3.5312805,9.058502
1360064988810,0.15353394,3.1474457,8.981735
1360064988867,0.61413574,3.2242126,8.828201
1360064988935,0.6909027,3.3009796,7.9069977
1360064988998,0.61413574,3.6080475,8.981735
1360064989059,0.61413574,3.8383484,9.288803
1360064989120,0.30706787,3.8383484,8.5979
1360064989189,0.30706787,3.8383484,8.521133
1360064989255,0.0,3.7615814,8.2908325
1360064989314,-0.6909027,4.29895,7.8302307
1360064989389,-0.15353394,3.0706787,11.591812
1360064989438,-0.15353394,3.1474457,7.8302307
1360064989506,0.4606018,2.8403778,10.7473755
1360064989570,-1.3050385,2.53331,9.519104
1360064989636,-0.84443665,2.456543,7.8302307
1360064989699,-1.8424072,1.7656403,8.751434
1360064989760,-1.9191742,1.3818054,10.363541
1360064989824,-1.5353394,1.6888733,9.902939
1360064989885,-0.7676697,2.53331,8.3675995
1360064989949,-0.9212036,2.7636108,7.9069977
1360064990028,-1.1515045,2.610077,9.058502
1360064990078,-1.5353394,2.303009,9.749405
1360064990140,-1.3050385,2.303009,9.36557
1360064990205,-1.3050385,2.303009,9.519104
1360064990269,-0.9212036,2.7636108,9.058502
1360064990348,-0.7676697,2.7636108,10.440308
1360064990395,-0.6909027,3.3777466,9.519104
1360064990461,-0.6909027,3.5312805,9.212036
1360064990522,-0.07676697,2.379776,10.593842
1360064990585,-0.4606018,2.149475,10.210007
1360064990671,0.30706787,1.9959412,8.674667
1360064990710,-0.15353394,2.149475,6.678726
1360064990779,-0.4606018,2.7636108,8.904968
1360064990843,-1.1515045,2.9939117,10.056473
1360064990910,-0.84443665,3.1474457,8.904968
1360064990997,-0.4606018,2.610077,9.058502
1360064991028,-0.15353394,2.6868439,8.828201
1360064991096,-0.4606018,2.610077,8.904968
1360064991159,-0.61413574,2.8403778,8.981735
1360064991233,-0.30706787,3.0706787,9.058502
1360064991311,-0.30706787,3.0706787,9.902939
1360064991346,0.07676697,3.3009796,9.36557
1360064991410,-0.15353394,3.3777466,8.674667
1360064991474,-0.15353394,3.3777466,8.904968
1360064991539,-1.3818054,2.456543,10.210007
1360064991653,-0.61413574,2.9171448,8.137299
1360064991668,-0.9979706,2.226242,11.438278
1360064991733,-1.1515045,2.8403778,8.5979
1360064991792,-1.6121063,2.226242,8.3675995
1360064991859,-1.4585724,1.6121063,9.442337
1360064991923,-1.6888733,1.4585724,9.826172
1360064991996,-1.8424072,1.6888733,9.058502
1360064992044,-1.6121063,2.226242,8.674667
1360064992115,-1.5353394,2.303009,9.058502
1360064992173,-1.4585724,2.226242,9.288803
1360064992238,-1.4585724,2.226242,8.904968
1360064992310,-1.6121063,2.456543,8.521133
1360064992363,-1.6888733,2.379776,9.749405
1360064992432,-1.8424072,2.456543,9.519104
1360064992497,-1.5353394,2.456543,10.363541
1360064992558,-1.1515045,2.8403778,10.6706085
1360064992623,-0.4606018,3.1474457,9.288803
1360064992681,-0.84443665,3.1474457,8.5979
1360064992747,-1.0747375,2.226242,11.515045
1360064992810,-0.15353394,2.53331,8.5979
1360064992877,0.4606018,2.7636108,5.7575226
1360064992949,-0.84443665,2.379776,8.3675995
1360064992998,-0.2303009,3.4545135,9.288803
1360064993063,-0.15353394,3.9151154,8.521133
1360064993125,-0.2303009,3.6080475,8.828201
1360064993193,-0.38383484,3.6848145,8.674667
1360064993273,-0.38383484,3.3009796,8.981735
1360064993317,-0.2303009,2.9171448,8.904968
1360064993382,0.07676697,2.9939117,8.904968
1360064993445,0.38383484,3.6848145,8.981735
1360064993511,0.5373688,3.9151154,9.672638
1360064993594,0.61413574,4.1454163,9.212036
1360064993634,0.7676697,2.9939117,10.6706085
1360064993700,0.15353394,2.456543,10.7473755
1360064993766,0.0,2.7636108,9.672638
1360064993827,-0.30706787,3.3009796,7.292862
1360064993932,-0.6909027,2.456543,8.137299
1360064993951,-0.7676697,1.9959412,10.440308
1360064994017,-0.9979706,2.456543,8.751434
1360064994078,-0.61413574,3.3009796,6.83226
1360064994149,-0.4606018,3.0706787,8.981735
1360064994428,-0.9979706,3.5312805,9.212036
1360064994547,-0.9979706,3.3009796,9.288803
1360064994752,0.15353394,2.456543,11.207977
1360064994953,-0.38383484,2.379776,8.137299
1360064995155,0.0,2.53331,9.212036
1360064995355,0.61413574,3.2242126,8.521133
1360064995559,0.9212036,3.3009796,8.904968
1360064995759,0.38383484,3.4545135,8.674667
1360064995961,-1.1515045,1.9959412,8.828201
1360064996162,-0.5373688,2.9171448,6.83226
1360064996362,-1.1515045,3.2242126,9.519104
1360064996565,-0.84443665,3.1474457,9.212036
1360064996766,-0.5373688,4.222183,8.521133
1360064996968,0.9212036,2.610077,7.9069977
1360064997169,-0.4606018,3.5312805,8.3675995
1360064997370,-0.5373688,2.7636108,8.904968
1360064997572,1.6121063,3.2242126,10.824142
1360064997773,0.07676697,4.222183,8.137299
1360064997975,-1.6888733,3.6848145,7.139328
1360064998176,0.2303009,3.6080475,9.749405
1360064998378,-0.61413574,3.8383484,8.444366
1360064998582,-0.7676697,3.9151154,8.3675995
1360064998656,-0.38383484,3.9151154,8.981735
1360064998720,-0.38383484,3.6848145,8.828201
1360064998790,-0.38383484,3.6080475,9.288803
1360064998847,0.07676697,3.5312805,8.981735
1360064999012,-0.5373688,2.7636108,8.904968
1360064999013,-1.1515045,2.303009,9.672638
1360064999038,-0.9979706,1.9191742,9.058502
1360064999101,-0.2303009,1.9959412,9.212036
1360064999164,0.0,2.53331,9.288803
1360064999234,0.2303009,3.1474457,8.444366
1360064999295,0.0,3.0706787,8.981735
1360064999357,-0.07676697,3.2242126,9.212036
1360064999425,-0.61413574,3.1474457,8.521133
1360064999491,-0.4606018,3.3777466,8.828201
1360064999548,-0.4606018,3.5312805,8.981735
1360064999624,-0.38383484,3.6080475,8.904968
1360064999674,-0.2303009,3.6848145,8.904968
1360064999744,-0.30706787,3.7615814,9.135269
1360064999807,-0.5373688,3.9151154,9.135269
1360064999865,-0.5373688,3.9918823,9.749405
1360064999935,-0.61413574,3.6080475,8.828201
1360064999991,-1.0747375,2.6868439,10.6706085
1360065000055,-0.61413574,3.2242126,8.674667
1360065000118,-0.4606018,2.8403778,7.292862
1360065000185,-0.15353394,2.53331,8.904968
1360065000268,-0.9212036,2.6868439,9.749405
1360065000311,-1.3818054,3.6848145,7.9069977
1360065000374,-1.0747375,3.7615814,8.521133
1360065000441,-0.9212036,3.3777466,9.519104
1360065000500,-1.1515045,3.3009796,8.3675995
1360065000563,-1.6888733,3.4545135,8.214066
1360065000629,-1.9959412,3.4545135,8.904968
1360065000691,-1.9959412,3.2242126,9.749405
1360065000755,-1.7656403,3.3777466,9.749405
1360065000824,-1.0747375,4.0686493,8.904968
1360065000910,-0.9212036,3.9918823,9.979706
1360065000945,-1.0747375,3.9918823,8.751434
1360065001010,-0.07676697,3.1474457,10.286774
1360065001079,-0.30706787,2.53331,10.056473
1360065001137,0.6909027,3.5312805,6.3716583
1360065001246,-0.38383484,2.610077,7.7534637
1360065001263,0.07676697,2.9171448,9.749405
1360065001331,-0.2303009,3.4545135,8.828201
1360065001399,0.0,3.3009796,8.904968
1360065001458,0.2303009,2.8403778,8.674667
1360065001564,0.2303009,2.8403778,8.828201
1360065001581,0.2303009,3.0706787,8.674667
1360065001647,0.30706787,3.3009796,8.981735
1360065001709,0.4606018,3.4545135,9.36557
1360065001777,0.30706787,3.4545135,9.135269
1360065001886,0.2303009,3.4545135,9.288803
1360065001899,0.0,3.5312805,9.135269
1360065001963,0.15353394,3.6080475,9.672638
1360065002028,-0.6909027,2.9171448,9.058502
1360065002094,-0.9212036,2.9171448,8.904968
1360065002215,-0.9979706,2.303009,12.282715
1360065002218,-1.3050385,2.8403778,8.137299
1360065002282,-1.4585724,2.303009,7.9837646
1360065002348,-0.9979706,1.8424072,9.36557
1360065002409,-1.3818054,1.8424072,10.210007
1360065002475,-1.5353394,2.610077,7.9837646
1360065002538,-1.7656403,2.9171448,8.060532
1360065002599,-1.5353394,2.7636108,9.36557
1360065002666,-1.6888733,2.610077,9.595871
1360065002728,-1.5353394,2.6868439,9.058502
1360065002790,-1.6888733,2.610077,9.135269
1360065002863,-1.3818054,2.7636108,9.519104
1360065002916,-1.0747375,3.0706787,9.979706
1360065002987,-1.3050385,3.5312805,8.904968
1360065003047,-1.1515045,3.6848145,9.36557
1360065003112,-1.4585724,3.6080475,8.751434
1360065003189,-0.9979706,2.8403778,10.593842
1360065003233,-0.84443665,2.610077,9.979706
1360065003301,-0.2303009,2.7636108,7.7534637
1360065003366,-0.84443665,2.379776,7.8302307
1360065003429,-0.38383484,2.7636108,9.058502
1360065003519,-0.61413574,3.4545135,9.288803
1360065003551,-0.61413574,3.6080475,8.5979
1360065003616,-0.38383484,2.9171448,9.288803
1360065003679,-0.38383484,3.1474457,8.444366
1360065003749,-0.38383484,3.3777466,8.521133
1360065003808,-0.7676697,3.1474457,8.904968
1360065003870,-0.6909027,3.2242126,9.442337
1360065003939,-0.5373688,3.3009796,9.672638
1360065003998,-0.38383484,3.5312805,9.288803
1360065004060,-0.2303009,3.4545135,9.519104
1360065004126,-0.84443665,3.0706787,8.5979
1360065004188,-0.6909027,2.303009,11.515045
1360065004258,-0.9979706,2.9171448,8.214066
1360065004319,-1.4585724,2.53331,7.369629
1360065004381,-1.2282715,1.6888733,8.904968
1360065004459,-0.9979706,1.6121063,11.207977
1360065004505,-1.2282715,2.379776,8.3675995
1360065004574,-1.2282715,2.8403778,7.59993
1360065004637,-0.9212036,2.610077,9.288803
1360065004701,-1.2282715,2.456543,9.595871
1360065004790,-1.0747375,2.7636108,8.904968
1360065004822,-0.9979706,2.9171448,9.212036
1360065004887,-1.2282715,2.9171448,9.826172
1360065004955,-1.3818054,2.7636108,9.979706
1360065005015,-1.2282715,2.9171448,9.979706
1360065005083,-1.1515045,3.0706787,9.36557
1360065005141,-0.61413574,2.8403778,9.135269
1360065005207,-0.84443665,2.0727081,11.515045
1360065005268,-0.30706787,1.9959412,9.212036
1360065005336,0.30706787,2.0727081,7.292862
1360065005440,-0.84443665,2.149475,7.676697
1360065005459,-0.5373688,2.9939117,9.442337
1360065005528,-0.84443665,3.2242126,9.058502
1360065005588,-0.5373688,2.9171448,8.521133
1360065005650,-0.6909027,2.456543,8.751434
1360065005758,-0.5373688,2.7636108,9.212036
1360065005777,-0.61413574,2.7636108,9.058502
1360065005845,-0.7676697,2.6868439,9.672638
1360065005906,-1.1515045,2.8403778,9.672638
1360065005972,-1.3818054,2.7636108,9.902939
1360065006089,-0.9979706,2.379776,9.979706
1360065006094,-0.61413574,1.6888733,9.902939
1360065006157,-0.2303009,2.149475,9.672638
1360065006247,-0.30706787,1.9191742,11.207977
1360065006290,-0.5373688,2.226242,8.444366
1360065006354,-0.7676697,1.4585724,8.3675995
1360065006414,-0.9212036,1.3818054,8.751434
1360065006476,-0.9979706,1.5353394,9.519104
1360065006543,-0.9979706,1.9959412,8.674667
1360065006608,-0.9212036,2.149475,8.981735
1360065006669,-0.7676697,2.379776,9.058502
1360065006731,-0.6909027,2.303009,9.902939
1360065006793,-0.5373688,2.610077,9.442337
1360065006857,-0.30706787,2.6868439,9.519104
1360065006928,-0.2303009,2.6868439,9.519104
1360065006989,-0.15353394,2.9939117,10.440308
1360065007069,0.0,3.8383484,9.749405
1360065007112,0.15353394,2.379776,11.284744
1360065007182,0.7676697,1.9191742,12.052414
1360065007241,1.5353394,2.379776,6.985794
1360065007302,-0.5373688,1.8424072,5.220154
1360065007385,-0.6909027,2.53331,7.9837646
1360065007430,-0.07676697,3.3009796,9.595871
1360065007499,0.4606018,3.0706787,10.056473
1360065007563,0.9979706,2.9171448,8.5979
1360065007625,1.3818054,3.0706787,8.444366
1360065007709,1.2282715,3.0706787,8.828201
1360065007748,1.2282715,3.8383484,9.135269
1360065007816,1.0747375,4.0686493,8.981735
1360065007884,0.61413574,4.222183,8.904968
1360065007944,0.15353394,4.1454163,9.288803
1360065008029,-0.07676697,3.7615814,9.36557
1360065008065,-0.84443665,2.7636108,9.826172
1360065008132,-0.84443665,3.0706787,8.828201
1360065008198,-1.5353394,2.303009,10.6706085
1360065008259,-1.6121063,2.303009,7.59993
1360065008358,-0.5373688,2.0727081,8.828201
1360065008386,-0.38383484,2.0727081,10.824142
1360065008452,-0.84443665,2.9939117,7.8302307
1360065008513,-0.6909027,3.4545135,7.446396
1360065008579,-0.61413574,3.2242126,9.212036
1360065008679,-0.9979706,2.8403778,9.36557
1360065008702,-0.84443665,3.2242126,8.521133
1360065008769,-0.6909027,3.6848145,8.828201
1360065008833,-0.7676697,3.6848145,9.36557
1360065008893,-0.6909027,3.2242126,10.056473
1360065009008,0.0,3.9918823,9.36557
1360065009018,-0.5373688,3.7615814,8.981735
1360065009088,-0.15353394,2.456543,10.977676
1360065009151,-0.4606018,2.456543,9.519104
1360065009217,0.30706787,2.303009,7.139328
1360065009279,-0.15353394,1.9191742,7.7534637
1360065009345,0.07676697,2.7636108,9.058502
1360065009417,0.2303009,3.2242126,9.135269
1360065009464,0.61413574,2.8403778,9.058502
1360065009533,0.7676697,2.6868439,9.36557
1360065009598,0.84443665,3.1474457,8.981735
1360065009655,0.5373688,3.1474457,8.904968
1360065009718,0.5373688,3.0706787,9.288803
1360065009788,0.5373688,2.9939117,9.36557
1360065009849,0.4606018,2.9939117,9.595871
1360065009913,0.5373688,3.3009796,8.674667
1360065009986,0.6909027,2.7636108,9.288803
1360065010037,-0.2303009,1.5353394,12.743317
1360065010103,-0.38383484,2.610077,8.2908325
1360065010167,-0.7676697,1.9959412,7.59993
1360065010231,-0.07676697,1.1515045,10.13324
1360065010317,-0.7676697,1.3818054,10.363541
1360065010354,-0.7676697,2.456543,7.8302307
1360065010421,-0.61413574,2.8403778,8.3675995
1360065010482,-0.9212036,2.6868439,9.135269
1360065010547,-1.4585724,2.6868439,9.212036
1360065010650,-1.5353394,3.2242126,8.828201
1360065010671,-1.3818054,3.2242126,9.135269
1360065010735,-1.3818054,2.9939117,9.519104
1360065010806,-0.9979706,3.0706787,9.135269
1360065010869,-0.6909027,3.3009796,9.212036
1360065010956,-0.5373688,3.5312805,9.212036
1360065010990,-0.6909027,3.9151154,9.135269
1360065011056,-0.7676697,2.7636108,10.056473
1360065011121,-0.61413574,1.9959412,11.13121
1360065011187,-0.07676697,2.0727081,8.521133
1360065011306,0.0,1.7656403,8.2908325
1360065011308,-0.30706787,2.0727081,9.519104
1360065011371,-0.30706787,3.1474457,8.5979
1360065011439,-0.38383484,3.3009796,8.3675995
1360065011503,-0.2303009,2.53331,9.058502
1360065011567,0.0,2.8403778,9.058502
1360065011658,0.0,3.3009796,8.444366
1360065011688,-0.15353394,3.3009796,8.981735
1360065011752,-0.07676697,3.3777466,9.826172
1360065011819,0.30706787,3.5312805,9.749405
1360065011881,0.61413574,3.4545135,8.981735
1360065011974,0.5373688,3.3009796,8.5979
1360065012007,-0.4606018,2.9171448,8.137299
1360065012078,-0.4606018,2.303009,11.89888
1360065012137,-0.84443665,2.53331,10.440308
1360065012200,-0.4606018,2.456543,7.369629
1360065012305,0.30706787,1.8424072,8.5979
1360065012325,0.30706787,1.6888733,10.6706085
1360065012391,-0.07676697,2.6868439,8.3675995
1360065012459,0.0,3.3009796,7.9837646
1360065012519,0.15353394,2.8403778,9.288803
1360065012638,-0.30706787,2.7636108,9.135269
1360065012642,-0.30706787,3.0706787,8.674667
1360065012707,-0.38383484,3.3009796,8.828201
1360065012775,-0.7676697,2.9171448,9.749405
1360065012841,-0.7676697,2.8403778,10.056473
1360065012902,-0.30706787,3.0706787,9.442337
1360065012964,-0.2303009,3.0706787,9.442337
1360065013024,0.7676697,2.379776,11.438278
1360065013092,-0.15353394,2.53331,9.442337
1360065013156,0.84443665,2.379776,8.2908325
1360065013221,-0.2303009,1.8424072,7.676697
1360065013330,0.07676697,2.8403778,9.288803
1360065013343,-0.15353394,3.3009796,9.288803
1360065013405,-0.2303009,3.3009796,7.8302307
1360065013469,-0.38383484,3.1474457,8.2908325
1360065013537,-0.61413574,3.3009796,8.751434
1360065013601,-0.6909027,3.3009796,9.36557
1360065013661,-0.4606018,3.3009796,8.981735
1360065013724,0.15353394,3.4545135,9.212036
1360065013789,0.15353394,3.7615814,8.981735
1360065013854,0.30706787,3.6080475,9.212036
1360065013918,0.30706787,2.53331,11.591812
1360065013979,0.0,2.7636108,9.902939
1360065014041,-0.84443665,2.149475,10.286774
1360065014112,-1.2282715,1.6888733,8.828201
1360065014170,-0.84443665,1.2282715,9.135269
1360065014233,-0.6909027,1.4585724,10.440308
1360065014300,-0.9212036,2.456543,7.7534637
1360065014360,-0.9212036,2.610077,7.7534637
1360065014428,-1.2282715,2.226242,9.36557
1360065014497,-1.4585724,2.53331,9.288803
1360065014552,-1.4585724,3.0706787,8.751434
1360065014613,-1.4585724,3.2242126,9.519104
1360065014679,-1.3818054,3.0706787,9.672638
1360065014745,-1.0747375,3.3777466,9.595871
1360065014810,-0.7676697,3.5312805,9.519104
1360065014874,-0.9979706,3.3009796,8.904968
1360065014931,-0.4606018,2.8403778,9.902939
1360065014994,-0.61413574,2.610077,10.7473755
1360065015060,-0.2303009,3.2242126,6.4484253
1360065015127,-0.9212036,2.456543,7.446396
1360065015190,-0.7676697,2.7636108,10.056473
1360065015250,-0.61413574,3.5312805,8.5979
1360065015319,-0.4606018,3.3777466,8.214066
1360065015380,-0.15353394,3.1474457,8.828201
1360065015442,0.07676697,3.3777466,8.904968
1360065015508,0.07676697,3.3777466,8.751434
1360065015568,0.07676697,3.4545135,8.674667
1360065015631,0.2303009,3.6848145,8.674667
1360065015701,0.0,3.6848145,9.135269
1360065015763,-0.30706787,3.6848145,8.904968
1360065015822,-0.7676697,3.9918823,8.214066
1360065015898,-0.7676697,3.0706787,10.440308
1360065015949,0.07676697,2.226242,10.824142
1360065016017,-0.7676697,2.303009,10.286774
1360065016084,-0.9979706,2.149475,8.060532
1360065016144,0.07676697,1.1515045,10.286774
1360065016222,0.61413574,1.4585724,10.363541
1360065016267,0.30706787,2.610077,7.523163
1360065016333,0.07676697,2.9171448,6.909027
1360065016398,-0.61413574,2.456543,8.904968
1360065016462,-1.3050385,2.610077,9.595871
1360065016539,-1.4585724,2.9171448,9.288803
1360065016584,-1.3050385,2.9171448,9.749405
1360065016648,-1.4585724,2.7636108,9.519104
1360065016713,-1.1515045,2.9171448,9.519104
1360065016779,-0.9979706,3.3777466,9.595871
1360065016839,-0.7676697,3.3777466,9.595871
1360065016902,-1.1515045,3.3009796,8.5979
1360065016971,-0.2303009,2.379776,10.7473755
1360065017031,-0.2303009,2.610077,8.981735
1360065017097,0.4606018,2.7636108,6.83226
1360065017186,-0.9212036,2.303009,8.060532
1360065017219,-0.5373688,3.1474457,9.595871
1360065017289,-0.38383484,3.6080475,8.904968
1360065017354,-0.30706787,3.2242126,8.521133
1360065017414,-0.38383484,3.0706787,8.904968
1360065017484,-0.15353394,3.2242126,8.674667
1360065017538,-0.2303009,3.0706787,8.981735
1360065017607,-0.2303009,3.2242126,8.904968
1360065017671,-0.2303009,3.6080475,9.36557
1360065017733,-0.30706787,3.7615814,9.595871
1360065017830,-0.5373688,3.4545135,9.36557
1360065017855,-0.5373688,3.9918823,8.444366
1360065017919,-0.38383484,2.456543,10.7473755
1360065017987,-0.2303009,2.8403778,8.521133
1360065018051,-0.07676697,1.6121063,12.973618
1360065018161,-0.61413574,2.6868439,7.216095
1360065018177,-0.9212036,2.610077,6.601959
1360065018255,-0.6909027,1.6121063,10.13324
1360065018305,-0.84443665,2.149475,10.056473
1360065018368,-1.1515045,2.8403778,7.676697
1360065018443,-1.3050385,2.610077,8.904968
1360065018491,-1.2282715,2.303009,9.902939
1360065018560,-0.5373688,2.456543,9.519104
1360065018623,-0.2303009,2.6868439,8.5979
1360065018683,-0.2303009,2.6868439,8.904968
1360065018792,-0.2303009,2.7636108,9.442337
1360065018810,-0.15353394,3.1474457,9.519104
1360065018878,-0.30706787,3.6848145,9.519104
1360065018942,-0.07676697,3.8383484,9.902939
1360065019005,-0.30706787,3.6848145,8.904968
1360065019096,0.38383484,2.53331,12.896851
1360065019127,0.6909027,2.379776,9.058502
1360065019190,0.30706787,2.226242,6.2181244
1360065019256,-0.7676697,2.226242,8.137299
1360065019323,-0.9979706,2.9939117,8.828201
1360065019389,-0.9212036,3.3009796,8.751434
1360065019447,-0.9212036,3.0706787,8.828201
1360065019510,-0.7676697,2.9939117,8.674667
1360065019578,-0.6909027,2.7636108,9.058502
1360065019643,-0.6909027,2.6868439,9.36557
1360065019702,-0.38383484,2.9939117,9.442337
1360065019764,-0.15353394,3.1474457,9.519104
1360065019828,0.30706787,3.2242126,9.595871
1360065019891,1.4585724,2.456543,12.282715
1360065019958,1.2282715,2.53331,8.2908325
1360065020062,0.30706787,2.226242,9.595871
1360065020081,-0.30706787,3.1474457,8.5979
1360065020147,-0.9979706,2.9171448,7.7534637
1360065020214,-1.3050385,2.226242,8.674667
1360065020275,-0.9979706,2.0727081,11.207977
1360065020388,-1.2282715,2.7636108,8.521133
1360065020398,-1.4585724,3.3009796,6.678726
1360065020467,-1.3050385,3.2242126,8.674667
1360065020531,-0.9979706,2.9171448,10.824142
1360065020597,-0.84443665,2.9939117,9.595871
1360065020657,-0.84443665,2.9171448,8.5979
1360065020723,-0.9212036,2.8403778,8.751434
1360065020780,-0.30706787,3.0706787,10.056473
1360065020848,-0.15353394,3.9918823,9.288803
1360065020910,0.38383484,4.29895,9.672638
1360065020974,-0.30706787,3.8383484,7.9837646
1360065021046,0.0,1.6888733,14.662491
1360065021098,0.2303009,2.226242,7.446396
1360065021162,0.15353394,2.226242,5.8342896
1360065021227,-1.0747375,1.8424072,8.981735
1360065021293,-0.5373688,3.0706787,8.521133
1360065021369,0.0,3.1474457,9.212036
1360065021417,0.07676697,2.6868439,9.135269
1360065021480,0.30706787,2.7636108,9.36557
1360065021543,0.38383484,2.9171448,8.904968
1360065021609,0.6909027,2.8403778,8.828201
1360065021695,0.84443665,2.9171448,9.135269
1360065021734,0.84443665,3.3777466,8.904968
1360065021798,0.5373688,3.5312805,8.751434
1360065021864,0.30706787,3.7615814,8.981735
1360065021926,0.7676697,3.2242126,10.286774
1360065022022,0.07676697,2.610077,9.135269
1360065022051,-0.2303009,3.0706787,9.902939
1360065022117,-0.38383484,2.53331,11.975647
1360065022184,-0.84443665,2.226242,7.676697
1360065022244,-0.30706787,1.7656403,8.674667
1360065022337,0.4606018,1.7656403,10.13324
1360065022370,-0.2303009,2.456543,7.292862
1360065022436,-0.38383484,3.0706787,6.985794
1360065022500,-0.38383484,2.9939117,9.135269
1360065022565,-0.6909027,2.9939117,10.593842
1360065022659,-0.38383484,3.1474457,9.749405
1360065022686,-0.15353394,3.1474457,8.904968
1360065022751,-0.5373688,2.9171448,8.904968
1360065022818,-0.84443665,2.8403778,9.288803
1360065022878,-0.61413574,3.4545135,9.826172
1360065022979,-0.38383484,3.4545135,10.7473755
1360065023005,-0.07676697,2.9171448,8.828201
1360065023069,-0.2303009,1.9959412,11.745346
1360065023134,0.6909027,2.53331,6.83226
1360065023196,-0.84443665,1.9191742,7.216095
1360065023306,-0.9979706,2.6868439,8.904968
1360065023323,-0.07676697,3.1474457,9.442337
1360065023387,0.15353394,2.7636108,8.3675995
1360065023453,0.5373688,3.0706787,8.521133
1360065023514,0.5373688,3.3009796,9.058502
1360065023579,0.5373688,3.2242126,9.212036
1360065023642,0.6909027,3.0706787,9.058502
1360065023708,0.7676697,3.3009796,9.212036
1360065023773,0.7676697,3.5312805,9.212036
1360065023839,0.61413574,3.7615814,9.058502
1360065023901,0.38383484,3.9918823,8.444366
1360065023977,0.30706787,2.9171448,10.593842
1360065024023,-0.15353394,2.9939117,8.904968
1360065024090,-0.9979706,1.9191742,12.820084
1360065024153,-0.61413574,2.303009,8.060532
1360065024219,0.07676697,1.5353394,9.135269
1360065024306,0.4606018,1.9959412,9.212036
1360065024341,0.2303009,2.456543,8.444366
1360065024409,-0.15353394,2.9171448,7.7534637
1360065024467,-0.5373688,2.9171448,8.5979
1360065024536,-0.84443665,2.6868439,9.826172
1360065024624,-0.9212036,3.0706787,9.36557
1360065024659,-0.9979706,3.1474457,9.36557
1360065024724,-0.9979706,3.2242126,9.36557
1360065024787,-0.61413574,3.2242126,8.904968
1360065024851,-0.4606018,3.1474457,9.058502
1360065024950,-0.15353394,3.5312805,9.36557
1360065024976,0.2303009,3.4545135,9.826172
1360065025042,-0.07676697,3.6080475,8.828201
1360065025105,0.0,3.3777466,8.444366
1360065025169,-0.07676697,1.7656403,11.745346
1360065025281,0.9979706,2.456543,8.137299
1360065025293,0.9212036,2.149475,7.8302307
1360065025357,0.7676697,2.6868439,9.672638
1360065025426,0.84443665,3.4545135,8.904968
1360065025487,0.7676697,2.9171448,8.981735
1360065025570,0.9212036,2.53331,8.904968
1360065025611,0.7676697,3.0706787,8.444366
1360065025677,0.4606018,3.4545135,8.444366
1360065025740,-0.07676697,3.3009796,8.981735
1360065025808,-0.15353394,3.0706787,9.595871
1360065025895,0.0,3.1474457,9.288803
1360065025930,0.4606018,3.3009796,9.36557
1360065025993,0.84443665,3.6080475,8.751434
1360065026060,1.3050385,3.3009796,9.979706
1360065026126,0.9212036,2.9171448,9.979706
1360065026188,1.0747375,3.0706787,10.286774
1360065026248,0.30706787,2.9171448,8.828201
1360065026316,0.0,2.0727081,9.058502
1360065026378,-0.4606018,1.6888733,8.751434
1360065026441,-0.15353394,1.9959412,9.595871
1360065026530,-0.4606018,2.303009,8.981735
1360065026565,-0.30706787,2.8403778,7.523163
1360065026631,-0.15353394,2.8403778,8.521133
1360065026699,-0.30706787,2.7636108,9.135269
1360065026757,-0.61413574,2.9939117,8.904968
1360065026821,-0.6909027,3.3009796,9.288803
1360065026891,-0.5373688,3.2242126,10.056473
1360065026946,-0.30706787,3.3009796,10.286774
1360065027015,0.0,3.3777466,9.749405
1360065027078,-0.38383484,3.4545135,7.676697
1360065027145,-0.15353394,2.8403778,10.593842
1360065027204,0.15353394,2.53331,9.826172
1360065027268,0.9979706,2.53331,6.985794
1360065027347,0.30706787,2.149475,6.4484253
1360065027393,0.30706787,2.53331,9.442337
1360065027460,0.38383484,3.5312805,9.826172
1360065027520,0.30706787,3.3777466,8.5979
1360065027585,0.15353394,2.9171448,8.828201
1360065027646,0.2303009,3.0706787,9.135269
1360065027711,0.15353394,3.1474457,8.674667
1360065027792,0.2303009,2.9939117,9.058502
1360065027838,0.4606018,3.3777466,8.904968
1360065027901,0.5373688,3.6848145,8.981735
1360065027969,0.38383484,3.5312805,9.595871
1360065028030,0.84443665,3.7615814,9.442337
1360065028113,0.7676697,3.4545135,8.981735
1360065028156,0.9212036,2.149475,12.129181
1360065028220,0.61413574,2.9171448,8.828201
1360065028285,-0.2303009,2.6868439,6.678726
1360065028351,0.15353394,1.8424072,8.521133
1360065028412,-0.2303009,1.2282715,11.591812
1360065028473,-0.4606018,2.226242,8.751434
1360065028541,0.0,3.0706787,7.446396
1360065028602,0.30706787,2.7636108,9.36557
1360065028670,-0.15353394,2.226242,10.13324
1360065028892,-0.9212036,2.7636108,8.981735
1360065028992,-1.0747375,2.9939117,9.519104
1360065029193,-0.61413574,3.4545135,8.521133
1360065029399,0.6909027,2.149475,7.676697
1360065029599,-0.61413574,3.4545135,8.444366
1360065029797,-0.15353394,4.222183,9.595871
1360065029999,-0.6909027,4.452484,8.214066
1360065030061,-0.38383484,4.836319,7.8302307
1360065030125,0.0,4.606018,10.286774
1360065030192,-0.15353394,4.606018,9.212036
1360065030253,-0.6909027,4.606018,8.060532
1360065030371,-0.9212036,3.7615814,10.593842
1360065030388,-1.4585724,3.3009796,7.59993
1360065030444,-1.0747375,2.6868439,7.8302307
1360065030507,-1.0747375,2.610077,9.135269
1360065030575,-1.0747375,3.1474457,8.751434
1360065030635,-0.9979706,3.6080475,8.137299
1360065030697,-0.6909027,3.4545135,9.212036
1360065030764,-0.7676697,3.5312805,8.904968
1360065030831,-1.0747375,3.8383484,8.214066
1360065030892,-0.9979706,4.0686493,8.751434
1360065030967,-0.9979706,3.9151154,9.135269
1360065031016,-0.9212036,3.7615814,9.595871
1360065031081,-0.15353394,4.222183,9.212036
1360065031148,-0.30706787,4.1454163,8.444366
1360065031212,-0.4606018,2.7636108,10.286774
1360065031324,0.07676697,2.8403778,9.749405
1360065031333,0.38383484,3.2242126,6.0645905
1360065031396,-0.7676697,2.6868439,7.7534637
1360065031460,-0.6909027,3.0706787,9.442337
1360065031524,-0.07676697,3.8383484,8.674667
1360065031589,-0.07676697,3.6080475,8.674667
1360065031651,-0.2303009,3.3777466,9.36557
1360065031716,-0.4606018,3.4545135,8.981735
1360065031783,-0.6909027,3.5312805,8.674667
1360065031847,-1.0747375,3.6848145,8.828201
1360065031909,-1.4585724,3.8383484,9.058502
1360065031970,-1.7656403,3.8383484,9.36557
1360065032041,-1.9959412,3.7615814,8.5979
1360065032099,-1.5353394,2.226242,11.515045
1360065032162,-1.3050385,2.7636108,8.674667
1360065032229,-1.6121063,2.0727081,10.517075
1360065032290,-1.5353394,2.303009,8.5979
1360065032350,-1.3050385,2.610077,7.139328
1360065032422,-1.7656403,2.226242,8.2908325
1360065032480,-1.6121063,1.9959412,10.517075
1360065032541,-1.7656403,2.53331,8.751434
1360065032609,-1.7656403,2.9939117,8.137299
1360065032669,-1.8424072,2.8403778,9.058502
1360065032734,-1.6121063,2.456543,10.056473
1360065032801,-1.0747375,2.7636108,8.828201
1360065032860,-0.84443665,2.6868439,8.981735
1360065032937,-0.7676697,2.8403778,9.36557
1360065032987,-0.4606018,3.1474457,9.979706
1360065033051,-0.15353394,3.7615814,9.672638
1360065033118,-0.6909027,4.1454163,8.828201
1360065033183,-0.9212036,2.610077,10.286774
1360065033248,-0.7676697,2.149475,13.0503845
1360065033305,0.15353394,2.7636108,6.985794
1360065033368,-1.3818054,2.610077,5.06662
1360065033438,-1.5353394,2.7636108,8.904968
1360065033499,-0.9212036,3.1474457,9.826172
1360065033590,-0.38383484,2.9171448,9.826172
1360065033623,0.38383484,2.9171448,8.214066
1360065033684,0.38383484,3.1474457,8.214066
1360065033752,0.4606018,3.5312805,8.674667
1360065033818,0.4606018,3.9151154,8.904968
1360065033898,0.30706787,4.0686493,9.288803
1360065033940,-0.15353394,3.8383484,9.288803
1360065034009,-0.2303009,3.6080475,9.595871
1360065034070,-0.4606018,2.7636108,10.593842
1360065034134,-0.7676697,2.9171448,9.595871
1360065034227,-0.9212036,2.7636108,9.058502
1360065034258,-1.6888733,2.456543,8.674667
1360065034330,-1.6888733,2.0727081,8.751434
1360065034392,-1.3050385,1.9191742,9.36557
1360065034453,-1.3050385,2.456543,8.674667
1360065034553,-1.3050385,3.1474457,7.9069977
1360065034577,-1.0747375,3.2242126,8.521133
1360065034642,-1.4585724,2.8403778,9.672638
1360065034707,-1.3818054,2.8403778,9.135269
1360065034770,-1.1515045,3.0706787,8.904968
1360065034884,-0.84443665,3.0706787,9.442337
1360065034895,-0.7676697,2.9939117,9.672638
1360065034963,-0.6909027,3.3777466,9.595871
1360065035025,-0.6909027,3.7615814,8.904968
1360065035085,-1.2282715,3.6080475,9.288803
1360065035149,-0.6909027,2.53331,10.056473
1360065035211,-1.2282715,2.456543,10.056473
1360065035278,-0.07676697,2.53331,7.9837646
1360065035341,-0.84443665,2.226242,8.060532
1360065035405,-0.30706787,3.3777466,8.981735
1360065035470,-0.4606018,3.6080475,8.214066
1360065035531,-0.61413574,2.9939117,8.751434
1360065035594,-0.61413574,2.9939117,8.674667
1360065035660,-0.38383484,3.4545135,8.521133
1360065035724,-0.30706787,3.5312805,8.981735
1360065035786,-0.15353394,3.6080475,9.442337
1360065035855,0.0,3.7615814,9.135269
1360065035911,-0.30706787,3.5312805,9.212036
1360065035979,-0.38383484,3.8383484,8.981735
1360065036043,-0.4606018,3.1474457,10.517075
1360065036107,-1.2282715,3.4545135,8.444366
1360065036181,-0.9212036,2.456543,11.13121
1360065036228,-1.5353394,2.0727081,8.981735
1360065036295,-1.0747375,1.8424072,7.676697
1360065036360,-0.38383484,1.9959412,9.135269
1360065036425,-0.6909027,2.303009,9.519104
1360065036511,-0.9212036,2.9171448,7.676697
1360065036547,-0.7676697,2.9171448,9.212036
1360065036612,-0.9212036,2.8403778,9.595871
1360065036681,-0.9979706,2.9939117,8.981735
1360065036741,-1.1515045,3.3009796,8.5979
1360065036830,-1.3050385,3.3777466,9.288803
1360065036864,-1.5353394,3.3009796,9.36557
1360065036928,-1.5353394,3.3777466,9.212036
1360065036993,-1.3818054,3.5312805,9.212036
1360065037056,-0.6909027,3.4545135,9.212036
1360065037157,-1.0747375,3.6080475,7.8302307
1360065037183,-0.2303009,2.610077,9.519104
1360065037247,0.30706787,2.0727081,13.280685
1360065037316,0.38383484,3.2242126,6.3716583
1360065037377,-0.30706787,2.8403778,8.3675995
1360065037484,-0.61413574,2.9939117,9.212036
1360065037499,-0.38383484,3.3009796,8.751434
1360065037583,-0.2303009,2.9939117,8.3675995
1360065037629,-0.07676697,2.9171448,8.444366
1360065037698,0.0,3.0706787,8.904968
1360065037808,0.07676697,3.2242126,9.135269
1360065037818,0.30706787,3.6080475,9.135269
1360065037884,0.30706787,3.8383484,9.058502
1360065037950,0.15353394,3.6848145,8.828201
1360065038013,0.0,3.4545135,9.058502
1360065038126,0.0,3.9151154,8.674667
1360065038138,-0.5373688,2.8403778,10.056473
1360065038202,-0.2303009,3.4545135,9.519104
1360065038265,-0.07676697,2.6868439,11.822113
1360065038331,-0.15353394,3.3777466,8.214066
1360065038395,-0.84443665,2.53331,8.060532
1360065038454,-0.2303009,2.149475,9.595871
1360065038518,-0.7676697,2.149475,9.672638
1360065038584,-0.84443665,2.8403778,7.59993
1360065038645,-0.84443665,3.2242126,7.292862
1360065038709,-0.5373688,3.0706787,9.212036
1360065038771,-0.61413574,2.9171448,10.13324
1360065038835,-0.4606018,2.9939117,9.212036
1360065038903,-0.2303009,3.1474457,8.828201
1360065038964,0.0,3.2242126,9.442337
1360065039029,0.2303009,3.6080475,9.595871
1360065039141,0.30706787,3.8383484,9.979706
1360065039152,-0.07676697,3.5312805,9.36557
1360065039217,0.61413574,2.53331,10.6706085
1360065039282,0.0,2.0727081,9.058502
1360065039347,0.84443665,2.226242,7.139328
1360065039456,-0.4606018,2.226242,8.137299
1360065039470,-0.2303009,3.0706787,9.442337
1360065039535,0.2303009,3.1474457,9.288803
1360065039603,0.4606018,2.6868439,8.521133
1360065039667,0.7676697,2.9171448,8.981735
1360065039735,0.84443665,3.0706787,9.135269
1360065039789,0.9979706,3.0706787,9.36557
1360065039853,0.9979706,3.2242126,8.981735
1360065039918,0.9979706,3.4545135,9.212036
1360065039985,0.7676697,3.5312805,9.212036
1360065040098,0.7676697,3.6848145,8.521133
1360065040106,1.0747375,2.9171448,10.824142
1360065040171,0.9979706,2.7636108,10.056473
1360065040236,0.38383484,2.379776,10.210007
1360065040299,-0.30706787,2.456543,7.9837646
1360065040419,-0.4606018,2.0727081,8.3675995
1360065040424,-0.61413574,1.6121063,10.210007
1360065040488,-0.9979706,2.149475,9.135269
1360065040554,-0.9979706,2.7636108,8.214066
1360065040620,-0.6909027,3.3009796,7.446396
1360065040679,-0.5373688,2.9171448,9.36557
1360065040743,-0.61413574,2.7636108,9.672638
1360065040811,-0.4606018,3.0706787,8.904968
1360065040878,-0.2303009,3.1474457,8.904968
1360065040939,-0.15353394,3.0706787,9.442337
1360065041000,-0.2303009,3.1474457,9.058502
1360065041061,-0.30706787,3.1474457,10.363541
1360065041124,0.0,3.3009796,10.210007
1360065041194,-0.5373688,2.9939117,8.2908325
1360065041257,-0.61413574,2.379776,9.288803
1360065041319,-0.61413574,1.6121063,11.89888
1360065041391,0.15353394,2.7636108,7.446396
1360065041442,0.15353394,2.8403778,5.9110565
1360065041508,-0.4606018,2.0727081,8.904968
1360065041574,-0.15353394,2.9171448,9.826172
1360065041634,0.38383484,3.3009796,9.135269
1360065041702,0.5373688,3.2242126,8.444366
1360065041762,0.15353394,2.9939117,9.135269
1360065041829,0.0,2.9939117,9.058502
1360065041888,0.0,2.610077,8.904968
1360065041952,0.07676697,2.6868439,9.135269
1360065042022,0.15353394,3.1474457,9.212036
1360065042077,0.38383484,3.4545135,9.749405
1360065042141,0.7676697,3.3777466,10.13324
1360065042212,0.61413574,2.6868439,11.054443
1360065042271,-0.15353394,2.456543,9.442337
1360065042350,-0.61413574,2.0727081,9.135269
1360065042397,-0.5373688,1.7656403,7.216095
1360065042463,0.07676697,1.6121063,9.212036
1360065042526,-0.6909027,1.8424072,10.517075
1360065042592,-0.38383484,2.9171448,8.060532
1360065042679,-0.15353394,2.9939117,8.060532
1360065042712,-0.38383484,2.6868439,9.36557
1360065042777,-0.7676697,2.8403778,8.981735
1360065042845,-0.9212036,3.2242126,8.981735
1360065042908,-1.2282715,3.0706787,9.058502
1360065042998,-1.1515045,2.7636108,9.826172
1360065043031,-0.9979706,2.7636108,9.749405
1360065043098,-0.4606018,3.1474457,9.519104
1360065043159,-0.38383484,3.2242126,8.828201
1360065043226,-0.9212036,3.6080475,8.137299
1360065043316,-0.9979706,2.53331,11.515045
1360065043349,-1.3050385,2.379776,9.902939
1360065043417,0.15353394,2.6868439,8.444366
1360065043478,-0.38383484,2.303009,7.9837646
1360065043540,-0.2303009,2.6868439,9.442337
1360065043645,-0.5373688,3.0706787,9.36557
1360065043666,0.0,3.0706787,8.5979
1360065043734,0.07676697,2.610077,7.9837646
1360065043801,0.07676697,2.6868439,8.3675995
1360065043863,0.0,2.9939117,8.904968
1360065044005,0.07676697,2.9939117,9.519104
1360065044008,0.2303009,2.9171448,9.902939
1360065044048,0.4606018,3.0706787,9.672638
1360065044118,0.38383484,3.3009796,9.288803
1360065044180,0.38383484,3.6080475,9.288803
1360065044257,-0.15353394,2.6868439,10.824142
1360065044304,-0.4606018,2.53331,9.672638
1360065044370,-0.9212036,1.6888733,10.517075
1360065044434,-1.0747375,1.6121063,7.216095
1360065044497,-0.5373688,1.1515045,8.3675995
1360065044594,-0.07676697,1.1515045,11.822113
1360065044621,-0.38383484,2.379776,7.9837646
1360065044689,-0.30706787,2.9939117,7.139328
1360065044747,-0.4606018,2.303009,10.210007
1360065044814,-0.9979706,2.0727081,9.902939
1360065044928,-1.2282715,2.456543,8.904968
1360065044938,-1.4585724,2.7636108,9.212036
1360065045003,-1.6888733,2.610077,9.519104
1360065045068,-1.7656403,2.303009,10.13324
1360065045131,-1.3050385,3.0706787,9.36557
1360065045249,-0.7676697,3.7615814,8.751434
1360065045255,-1.1515045,3.2242126,10.210007
1360065045319,-1.6121063,2.8403778,9.212036
1360065045388,-0.15353394,2.226242,10.7473755
1360065045454,-0.07676697,2.226242,8.214066
1360065045513,0.5373688,2.379776,6.755493
1360065045585,-0.15353394,2.149475,7.8302307
1360065045637,-0.9212036,2.6868439,8.904968
1360065045706,-0.84443665,2.9171448,9.902939
1360065045770,-0.2303009,2.53331,8.981735
1360065045838,0.2303009,2.226242,8.981735
1360065045918,0.5373688,2.6868439,9.288803
1360065045957,0.9212036,3.1474457,9.212036
1360065046022,1.2282715,2.9939117,9.36557
1360065046086,1.0747375,2.9939117,9.288803
1360065046151,0.9212036,3.1474457,8.981735
1360065046249,0.5373688,3.1474457,8.981735
1360065046278,0.38383484,3.3777466,8.828201
1360065046341,-0.07676697,2.456543,11.591812
1360065046403,-0.15353394,2.8403778,8.751434
1360065046469,-0.38383484,2.226242,12.129181
1360065046571,-1.0747375,2.226242,7.9069977
1360065046592,-1.2282715,1.9959412,6.755493
1360065046661,-1.3050385,0.7676697,9.826172
1360065046724,-1.7656403,1.5353394,10.056473
1360065046783,-1.5353394,2.7636108,7.59993
1360065046911,-0.9979706,2.9939117,8.3675995
1360065046912,-1.1515045,2.456543,9.979706
1360065046972,-1.3050385,2.379776,10.056473
1360065047041,-0.9212036,2.8403778,8.828201
1360065047100,-0.9212036,3.1474457,8.828201
1360065047167,-1.0747375,2.9939117,9.442337
1360065047232,-1.1515045,2.9939117,9.442337
1360065047291,-1.1515045,3.7615814,9.058502
1360065047359,-0.7676697,4.222183,9.595871
1360065047423,-1.3818054,4.0686493,8.3675995
1360065047486,-0.84443665,2.149475,11.361511
1360065047565,-0.61413574,1.8424072,9.519104
1360065047608,0.30706787,2.7636108,6.2948914
1360065047673,-0.7676697,2.149475,8.674667
1360065047740,-0.7676697,2.9939117,9.212036
1360065047820,-0.7676697,3.5312805,8.981735
1360065047862,-0.4606018,3.2242126,9.135269
1360065047926,-0.4606018,2.53331,9.135269
1360065047991,-0.5373688,2.53331,8.674667
1360065048053,-0.38383484,2.6868439,8.981735
1360065048118,0.0,2.8403778,9.36557
1360065048199,0.4606018,2.9939117,9.749405
1360065048244,0.6909027,3.1474457,9.36557
1360065048315,0.5373688,3.3009796,8.904968
1360065048374,0.07676697,3.3777466,8.751434
1360065048437,-0.15353394,2.9939117,9.672638
1360065048524,-0.61413574,2.379776,9.672638
1360065048561,-0.5373688,2.7636108,9.902939
1360065048631,-0.2303009,2.149475,12.052414
1360065048697,-0.30706787,2.6868439,8.137299
1360065048757,-1.0747375,2.226242,7.523163
1360065048854,-1.5353394,1.9191742,8.521133
1360065048879,-1.9191742,1.3818054,10.286774
1360065048948,-1.8424072,2.0727081,8.904968
1360065049012,-1.6888733,2.53331,8.521133
1360065049074,-1.7656403,2.53331,9.058502
1360065049176,-1.6121063,2.0727081,9.749405
1360065049199,-1.1515045,2.303009,9.135269
1360065049264,-0.9979706,2.226242,9.135269
1360065049329,-0.61413574,2.456543,9.442337
1360065049391,-0.38383484,2.7636108,9.519104
1360065049509,-0.38383484,3.0706787,9.442337
1360065049516,-0.30706787,3.6080475,9.519104
1360065049579,-0.38383484,3.5312805,9.979706
1360065049643,-0.4606018,2.610077,9.902939
1360065049709,-0.7676697,1.7656403,11.054443
1360065049771,0.0,2.0727081,8.060532
1360065049834,-0.38383484,1.9959412,6.5251923
1360065049898,-0.7676697,1.9959412,8.5979
1360065049967,-0.5373688,2.53331,10.6706085
1360065050027,0.15353394,2.7636108,9.288803
1360065050141,0.9979706,2.303009,9.288803
1360065050151,1.2282715,2.53331,8.828201
1360065050214,0.9979706,2.6868439,8.674667
1360065050280,0.7676697,2.8403778,8.751434
1360065050378,0.84443665,2.7636108,9.442337
1360065050410,0.6909027,2.8403778,9.595871
1360065050469,0.4606018,3.1474457,9.058502
1360065050537,0.2303009,3.2242126,8.981735
1360065050601,0.2303009,3.1474457,9.902939
1360065050665,0.0,2.8403778,9.595871
1360065050775,-0.2303009,2.149475,11.668579
1360065050786,-0.07676697,2.8403778,9.442337
1360065050850,-0.84443665,2.379776,7.7534637
1360065050916,-0.9212036,1.6121063,7.446396
1360065050983,-1.0747375,1.1515045,9.442337
1360065051051,-0.7676697,1.9191742,10.13324
1360065051107,-0.6909027,2.6868439,8.444366
1360065051174,-0.5373688,2.9171448,8.2908325
1360065051236,-0.9979706,2.379776,9.902939
1360065051296,-1.6121063,2.149475,9.442337
1360065051408,-1.6888733,2.226242,9.212036
1360065051422,-1.6888733,2.456543,9.212036
1360065051489,-1.6121063,2.379776,9.826172
1360065051558,-1.5353394,2.610077,9.519104
1360065051613,-1.3050385,2.9171448,9.672638
1360065051677,-0.9212036,3.4545135,9.36557
1360065051741,-1.3818054,3.1474457,8.981735
1360065051809,-1.6888733,2.610077,9.595871
1360065051872,-1.2282715,2.53331,10.6706085
1360065051936,-0.9979706,1.9191742,9.595871
1360065052047,0.15353394,2.0727081,7.9069977
1360065052058,-0.15353394,1.9191742,7.7534637
1360065052122,-0.2303009,2.8403778,9.058502
1360065052191,-0.4606018,3.3009796,9.749405
1360065052254,-0.30706787,2.610077,9.058502
1360065052323,-0.07676697,1.9191742,9.058502
1360065052378,0.15353394,2.226242,8.444366
1360065052442,0.2303009,2.6868439,9.058502
1360065052507,0.4606018,2.6868439,9.902939
1360065052572,0.7676697,2.6868439,9.442337
1360065052681,0.6909027,2.53331,8.904968
1360065052694,0.5373688,2.7636108,8.674667
1360065052759,0.30706787,3.1474457,9.135269
1360065052821,0.2303009,3.2242126,9.826172
1360065052888,0.15353394,2.456543,10.056473
1360065052950,0.5373688,2.379776,9.442337
1360065053013,0.30706787,2.149475,9.595871
1360065053084,0.0,2.0727081,9.979706
1360065053141,-0.7676697,2.149475,8.3675995
1360065053208,-0.9979706,1.3818054,9.288803
1360065053269,-1.5353394,0.61413574,10.900909
1360065053337,-1.0747375,1.7656403,8.674667
1360065053393,-0.7676697,2.303009,8.3675995
1360065053459,-0.6909027,2.303009,8.904968
1360065053528,-0.84443665,1.8424072,9.979706
1360065053589,-0.6909027,2.0727081,9.288803
1360065053669,-0.5373688,2.379776,9.058502
1360065053711,-1.0747375,2.303009,9.595871
1360065053775,-1.3818054,2.0727081,9.672638
1360065053843,-1.3818054,1.9191742,9.595871
1360065053903,-1.0747375,2.379776,9.595871
1360065053966,-0.6909027,2.9939117,8.904968
1360065054029,-0.9979706,2.303009,10.363541
1360065054093,-1.0747375,2.226242,8.751434
1360065054156,-0.38383484,2.610077,9.135269
1360065054219,-1.4585724,1.9959412,10.517075
1360065054283,-1.2282715,2.456543,8.981735
1360065054347,-1.0747375,2.456543,8.904968
1360065054411,-1.2282715,2.379776,9.058502
1360065054474,-0.84443665,2.149475,9.135269
1360065054538,-0.30706787,2.0727081,9.519104
1360065054602,0.07676697,2.6868439,9.212036
1360065054664,0.2303009,2.6868439,9.288803
1360065054728,0.30706787,2.149475,8.828201
1360065054793,0.61413574,1.9959412,8.981735
1360065054855,0.6909027,2.610077,8.444366
1360065054919,0.38383484,2.9171448,8.751434
1360065054982,0.15353394,3.5312805,9.442337
1360065055046,-0.30706787,3.4545135,9.672638
1360065055110,-0.6909027,3.0706787,9.058502
1360065055186,-0.9212036,3.0706787,8.828201
1360065055238,-1.2282715,3.3777466,8.751434
1360065055301,-1.0747375,2.8403778,9.826172
1360065055364,-0.6909027,2.303009,10.286774
1360065055428,-0.30706787,2.379776,9.826172
1360065055536,-0.61413574,1.9191742,11.822113
1360065055556,-0.84443665,2.379776,7.446396
1360065055620,-0.9979706,1.7656403,8.3675995
1360065055681,-0.6909027,1.4585724,9.902939
1360065055746,-1.3050385,1.7656403,9.288803
1360065055812,-1.1515045,2.456543,7.9837646
1360065055873,-1.2282715,2.610077,8.521133
1360065055936,-1.0747375,2.379776,9.826172
1360065056000,-1.1515045,2.379776,9.288803
1360065056065,-1.0747375,2.456543,8.981735
1360065056177,-1.0747375,2.53331,8.904968
1360065056192,-0.9979706,2.7636108,9.36557
1360065056254,-0.9979706,2.9939117,9.749405
1360065056317,-0.9979706,3.3009796,9.36557
1360065056382,-0.9979706,3.7615814,8.828201
1360065056462,-1.2282715,3.2242126,10.13324
1360065056508,-1.3818054,2.8403778,9.36557
1360065056572,-0.61413574,2.379776,10.440308
1360065056640,-0.6909027,2.149475,9.36557
1360065056702,0.15353394,2.610077,7.216095
1360065056763,-0.38383484,2.149475,8.2908325
1360065056827,-0.61413574,2.7636108,9.519104
1360065056889,-0.6909027,3.3009796,8.828201
1360065056953,-0.5373688,2.6868439,9.135269
1360065057017,-0.2303009,2.379776,9.135269
1360065057089,-0.07676697,2.53331,8.751434
1360065057145,-0.07676697,2.8403778,8.828201
1360065057210,0.0,2.7636108,9.519104
1360065057278,0.2303009,2.9171448,9.442337
1360065057338,0.2303009,3.0706787,8.904968
1360065057401,0.15353394,3.2242126,9.058502
1360065057463,0.0,3.5312805,8.981735
1360065057529,0.0,2.610077,11.361511
1360065057593,-0.07676697,2.6868439,9.979706
1360065057657,0.0,2.226242,11.361511
1360065057729,-0.84443665,2.303009,8.751434
1360065057779,-1.3050385,1.9959412,6.909027
1360065057847,-0.6909027,1.4585724,9.979706
1360065057911,-0.9979706,1.7656403,10.440308
1360065057974,-1.1515045,2.6868439,6.985794
1360065058040,-1.3050385,2.8403778,7.062561
1360065058099,-1.3818054,2.53331,9.288803
1360065058163,-1.6888733,2.379776,10.363541
1360065058229,-1.1515045,2.6868439,9.36557
1360065058290,-0.9212036,2.8403778,9.212036
1360065058353,-0.6909027,2.8403778,9.826172
1360065058417,-0.61413574,2.8403778,10.13324
1360065058481,-0.30706787,3.3777466,9.442337
1360065058546,-0.61413574,3.6080475,8.751434
1360065058609,-0.6909027,1.7656403,12.896851
1360065058671,-0.30706787,1.6121063,11.361511
1360065058734,1.2282715,2.456543,6.1413574
1360065058799,-0.07676697,2.0727081,6.2181244
1360065058864,-0.2303009,2.0727081,9.058502
1360065058929,0.0,2.9171448,9.135269
1360065058989,0.2303009,3.0706787,9.212036
1360065059052,0.4606018,2.8403778,8.981735
1360065059118,0.61413574,2.8403778,8.904968
1360065059180,0.61413574,2.7636108,8.981735
1360065059246,0.7676697,3.1474457,9.212036
1360065059306,0.9979706,3.5312805,8.981735
1360065059371,0.9212036,3.4545135,9.442337
1360065059436,0.84443665,3.7615814,8.981735
1360065059498,1.0747375,3.3009796,10.593842
1360065059564,0.7676697,3.3777466,9.288803
1360065059624,0.61413574,2.9939117,10.824142
1360065059688,-0.38383484,2.9171448,7.446396
1360065059751,-0.9212036,2.6868439,5.8342896
1360065059814,-0.6909027,1.6888733,10.210007
1360065059879,-0.84443665,2.226242,9.979706
1360065059948,-0.2303009,3.5312805,6.678726
1360065060032,0.4606018,3.6080475,7.59993
1360065060069,0.07676697,2.9939117,9.212036
1360065060213,-0.15353394,3.4545135,9.442337
1360065060418,-0.4606018,3.5312805,9.749405
1360065060620,0.07676697,2.303009,10.363541
1360065060821,-0.38383484,2.226242,7.7534637
1360065061023,0.38383484,2.610077,8.137299
1360065061224,0.84443665,2.9171448,9.135269
1360065061425,0.7676697,3.4545135,9.519104
1360065061627,0.07676697,2.7636108,8.904968
1360065061828,-0.30706787,1.6121063,9.212036
1360065062030,0.0,3.0706787,6.985794
1360065062231,0.0,3.4545135,9.288803
1360065062437,-0.5373688,3.9151154,8.828201
1360065062549,-0.2303009,4.375717,8.828201
1360065062612,-0.15353394,4.222183,8.828201
1360065062675,0.38383484,3.3777466,11.515045
1360065062738,0.30706787,3.1474457,8.674667
1360065062802,0.61413574,2.6868439,7.523163
1360065062940,-0.30706787,2.9171448,8.3675995
1360065062943,-0.4606018,3.7615814,8.751434
1360065062993,-0.7676697,3.5312805,8.214066
1360065063057,-0.6909027,2.8403778,9.135269
1360065063124,-0.5373688,2.8403778,9.058502
1360065063220,-0.38383484,3.1474457,8.828201
1360065063248,-0.30706787,3.3009796,9.212036
1360065063313,0.0,3.5312805,9.212036
1360065063379,0.15353394,3.7615814,9.212036
1360065063439,-0.07676697,3.6848145,9.288803
1360065063558,0.2303009,3.5312805,9.212036
1360065063565,0.2303009,3.9151154,8.5979
1360065063628,0.38383484,3.6080475,9.749405
1360065063696,-0.2303009,2.7636108,11.054443
1360065063762,-0.38383484,3.4545135,8.3675995
1360065063822,-0.9979706,2.9939117,7.7534637
1360065063887,-0.5373688,2.379776,8.904968
1360065063946,-0.6909027,2.0727081,10.7473755
1360065064010,-0.4606018,2.8403778,8.828201
1360065064073,-0.30706787,3.0706787,8.521133
1360065064146,-0.07676697,3.3777466,8.137299
1360065064202,-0.15353394,3.3009796,9.058502
1360065064266,-0.61413574,2.9171448,8.981735
1360065064329,-0.84443665,2.9171448,8.904968
1360065064395,-0.84443665,3.3777466,9.058502
1360065064458,-0.61413574,3.6080475,9.519104
1360065064528,-0.61413574,3.6080475,9.442337
1360065064586,-0.5373688,3.7615814,9.36557
1360065064649,-0.07676697,3.6080475,9.519104
1360065064711,-0.5373688,3.4545135,9.058502
1360065064778,0.0,3.3777466,10.517075
1360065064850,0.0,2.6868439,9.826172
1360065064901,0.30706787,2.610077,7.7534637
1360065064968,0.38383484,2.610077,7.523163
1360065065032,0.30706787,2.9939117,9.442337
1360065065092,0.2303009,3.4545135,9.212036
1360065065216,0.15353394,3.4545135,7.9069977
1360065065218,0.07676697,3.2242126,8.674667
1360065065281,-0.07676697,3.3777466,8.5979
1360065065345,-0.30706787,3.3009796,8.981735
1360065065415,-0.38383484,3.4545135,9.36557
1360065065474,-0.2303009,3.6848145,9.36557
1360065065546,-0.2303009,3.7615814,9.36557
1360065065600,0.30706787,3.8383484,8.828201
1360065065667,0.38383484,3.8383484,8.2908325
1360065065730,0.61413574,3.2242126,10.977676
1360065065793,0.61413574,2.9939117,8.981735
1360065065865,-0.15353394,2.8403778,10.056473
1360065065917,-0.5373688,3.4545135,8.904968
1360065065985,-1.1515045,2.9171448,8.3675995
1360065066048,-1.2282715,2.149475,9.36557
1360065066111,-1.0747375,2.456543,9.36557
1360065066185,-0.9979706,2.9939117,8.3675995
1360065066238,-1.1515045,3.3777466,7.8302307
1360065066303,-0.84443665,3.3009796,8.828201
1360065066367,-0.9212036,3.2242126,9.058502
1360065066429,-0.9979706,3.3777466,8.5979
1360065066515,-0.9979706,3.4545135,8.674667
1360065066553,-0.9979706,3.3009796,9.672638
1360065066621,-0.7676697,3.5312805,9.902939
1360065066681,-0.38383484,3.5312805,9.288803
1360065066744,-0.6909027,3.4545135,8.521133
1360065066824,-0.07676697,2.8403778,10.13324
1360065066875,0.0,2.303009,11.361511
1360065066938,0.61413574,2.6868439,7.523163
1360065067004,0.2303009,2.303009,7.523163
1360065067067,-0.15353394,2.53331,9.595871
1360065067143,0.30706787,3.5312805,8.981735
1360065067189,0.30706787,3.5312805,7.8302307
1360065067256,0.0,3.2242126,8.751434
1360065067319,-0.5373688,3.5312805,8.060532
1360065067383,-1.0747375,3.5312805,8.3675995
1360065067466,-0.9979706,3.1474457,10.056473
1360065067509,-0.4606018,3.1474457,10.517075
1360065067574,0.30706787,3.2242126,9.672638
1360065067638,0.6909027,3.5312805,8.904968
1360065067699,0.9979706,2.9171448,10.900909
1360065067798,0.38383484,2.6868439,9.212036
1360065067824,-0.30706787,2.379776,10.440308
1360065067888,-0.7676697,3.1474457,8.2908325
1360065067952,-1.1515045,2.610077,8.214066
1360065068017,-1.3050385,2.226242,9.288803
1360065068121,-0.9212036,2.303009,10.056473
1360065068150,-1.3050385,2.9171448,7.369629
1360065068206,-1.0747375,3.2242126,7.446396
1360065068275,-0.9979706,2.9939117,8.981735
1360065068335,-0.9979706,2.9939117,9.288803
1360065068442,-0.84443665,3.3777466,8.981735
1360065068461,-0.61413574,3.6848145,9.212036
1360065068527,-0.6909027,3.7615814,9.36557
1360065068596,-0.84443665,3.6848145,9.595871
1360065068657,-0.6909027,3.7615814,9.135269
1360065068739,-0.9979706,3.4545135,8.3675995
1360065068778,-0.30706787,2.7636108,10.13324
1360065068843,0.30706787,2.303009,12.436249
1360065068909,0.4606018,2.456543,8.5979
1360065068973,0.7676697,2.9939117,5.9878235
1360065069036,-0.2303009,2.456543,7.9069977
1360065069098,-0.30706787,2.7636108,10.363541
1360065069162,0.15353394,3.4545135,8.521133
1360065069228,0.0,3.2242126,8.674667
1360065069289,0.07676697,3.3777466,8.904968
1360065069399,0.0,3.3777466,9.058502
1360065069414,0.0,3.3777466,8.751434
1360065069479,0.30706787,3.4545135,9.212036
1360065069543,0.38383484,3.6080475,9.288803
1360065069607,0.2303009,3.7615814,8.751434
1360065069698,0.15353394,4.1454163,8.521133
1360065069731,0.0,3.3009796,9.36557
1360065069797,0.07676697,2.303009,10.363541
1360065069863,-0.7676697,2.379776,8.904968
1360065069927,-2.0727081,2.226242,7.59993
1360065069986,-0.9979706,2.379776,9.442337
1360065070050,-0.9979706,2.53331,10.440308
1360065070114,-0.84443665,3.2242126,8.751434
1360065070180,-0.9979706,3.2242126,7.676697
1360065070242,-1.6888733,2.610077,9.595871
1360065070310,-1.5353394,2.53331,9.672638
1360065070369,-1.3818054,2.610077,8.981735
1360065070432,-1.3050385,2.9171448,8.5979
1360065070497,-1.0747375,3.2242126,9.36557
1360065070562,-0.84443665,3.3009796,9.749405
1360065070681,-0.84443665,3.4545135,9.135269
1360065070688,-0.9212036,3.8383484,8.981735
1360065070749,-1.0747375,3.3009796,10.363541
1360065070814,-1.7656403,3.1474457,8.2908325
1360065070880,-0.5373688,2.9939117,10.286774
1360065070943,-0.15353394,2.53331,11.207977
1360065071004,0.30706787,2.456543,8.674667
1360065071071,0.07676697,2.379776,7.9069977
1360065071168,-0.2303009,3.1474457,8.674667
1360065071195,-0.30706787,3.8383484,8.828201
1360065071262,-0.61413574,3.4545135,8.137299
1360065071321,-0.5373688,2.8403778,8.3675995
1360065071385,-0.2303009,3.0706787,8.5979
1360065071453,-0.07676697,3.4545135,8.5979
1360065071517,0.07676697,3.5312805,9.058502
1360065071578,0.2303009,3.6848145,9.058502
1360065071640,0.2303009,3.6848145,9.058502
1360065071707,0.15353394,3.6848145,8.828201
1360065071774,-0.07676697,3.8383484,8.521133
1360065071834,0.2303009,3.5312805,10.6706085
1360065071899,0.0,3.6080475,8.5979
1360065071957,-0.6909027,2.610077,9.749405
1360065072020,-1.4585724,2.456543,9.902939
1360065072084,-1.6121063,2.379776,8.674667
1360065072151,-0.61413574,1.7656403,10.210007
1360065072215,-0.30706787,2.0727081,9.288803
1360065072279,-0.15353394,2.8403778,7.59993
1360065072339,-0.15353394,3.0706787,7.9069977
1360065072404,-0.38383484,2.9171448,9.212036
1360065072466,-0.6909027,3.0706787,9.442337
1360065072532,-0.4606018,3.4545135,8.5979
1360065072610,-0.4606018,3.5312805,8.674667
1360065072656,-0.61413574,3.5312805,9.36557
1360065072728,-0.7676697,3.3777466,8.904968
1360065072784,-0.9212036,3.3009796,9.36557
1360065072851,-0.4606018,3.6080475,9.288803
1360065072935,-0.9212036,3.4545135,8.137299
1360065072977,-0.30706787,3.3009796,9.902939
1360065073042,0.61413574,2.9171448,10.440308
1360065073108,0.4606018,2.7636108,9.36557
1360065073172,1.3050385,2.456543,7.676697
1360065073264,0.4606018,1.7656403,8.214066
1360065073292,0.2303009,2.456543,9.749405
1360065073357,0.5373688,3.3009796,8.674667
1360065073419,0.0,2.8403778,7.9837646
1360065073485,-0.4606018,2.7636108,9.058502
1360065073577,-0.6909027,3.6080475,8.904968
1360065073611,-1.0747375,3.8383484,8.981735
1360065073676,-1.3050385,3.6080475,9.288803
1360065073742,-1.1515045,3.5312805,9.36557
1360065073801,-0.9212036,3.6848145,9.212036
1360065073872,-0.2303009,3.5312805,9.442337
1360065073929,0.2303009,2.8403778,10.593842
1360065073996,0.0,2.8403778,10.824142
1360065074056,-0.07676697,2.9939117,9.442337
1360065074119,-0.07676697,2.6868439,7.062561
1360065074274,0.0,1.9959412,8.5979
1360065074275,-0.6909027,1.8424072,10.900909
1360065074309,-1.0747375,2.9939117,6.83226
1360065074378,-0.7676697,3.0706787,8.521133
1360065074437,-0.84443665,3.0706787,9.519104
1360065074503,-1.3818054,3.2242126,8.751434
1360065074602,-1.6888733,3.1474457,8.828201
1360065074628,-1.9191742,3.2242126,9.212036
1360065074694,-1.9191742,3.0706787,9.595871
1360065074759,-1.7656403,3.3009796,9.595871
1360065074821,-1.3818054,3.9151154,9.212036
1360065074929,-1.6121063,3.7615814,10.210007
1360065074946,-0.9212036,3.5312805,9.749405
1360065075011,-0.38383484,2.9939117,10.056473
1360065075074,0.38383484,2.379776,8.5979
1360065075137,0.61413574,2.456543,7.59993
1360065075220,0.0,2.7636108,8.214066
1360065075264,0.07676697,3.9918823,8.521133
1360065075328,-0.15353394,3.8383484,8.981735
1360065075391,-0.2303009,2.7636108,9.212036
1360065075457,0.30706787,3.0706787,8.444366
1360065075549,0.4606018,3.4545135,8.5979
1360065075581,0.5373688,3.4545135,8.904968
1360065075643,0.2303009,3.3777466,9.36557
1360065075710,0.30706787,3.7615814,9.288803
1360065075773,0.15353394,3.9151154,8.828201
1360065075838,-0.30706787,3.6080475,8.674667
1360065075906,0.2303009,3.4545135,9.902939
1360065075963,0.0,3.3777466,10.056473
1360065076030,-0.6909027,3.3009796,8.904968
1360065076091,-0.7676697,3.0706787,8.981735
1360065076154,-1.4585724,1.9959412,8.060532
1360065076216,0.07676697,2.226242,9.36557
1360065076279,-0.30706787,2.226242,8.981735
1360065076348,-0.9212036,2.379776,8.674667
1360065076413,-0.7676697,2.149475,8.2908325
1360065076474,-1.5353394,1.7656403,10.363541
1360065076552,-0.84443665,2.0727081,10.440308
1360065076598,-1.9959412,1.9959412,8.904968
1360065076683,-1.1515045,1.9959412,9.36557
1360065076725,-1.1515045,2.226242,9.058502
1360065076792,-0.84443665,2.53331,9.519104
1360065076858,-1.0747375,2.8403778,8.904968
1360065076921,-1.2282715,2.610077,9.595871
1360065076980,-1.3818054,2.53331,10.13324
1360065077043,-0.9979706,2.8403778,9.902939
1360065077107,-0.84443665,2.53331,9.749405
1360065077238,-0.6909027,2.610077,8.828201
1360065077238,-0.07676697,1.9959412,11.207977
1360065077297,0.0,1.9191742,9.902939
1360065077360,0.6909027,2.456543,7.446396
1360065077424,-0.2303009,2.149475,8.137299
1360065077491,-0.15353394,2.456543,9.519104
1360065077568,-0.2303009,3.1474457,8.674667
1360065077618,-0.30706787,3.1474457,8.444366
1360065077680,-0.61413574,2.9939117,8.904968
1360065077743,-0.6909027,3.2242126,8.521133
1360065077810,-0.6909027,3.4545135,8.521133
1360065077895,-0.5373688,3.4545135,9.135269
1360065077934,-0.30706787,3.7615814,9.212036
1360065077997,-0.30706787,3.7615814,9.212036
1360065078062,-0.30706787,4.1454163,8.3675995
1360065078125,0.15353394,2.53331,11.054443
1360065078217,-0.4606018,2.8403778,9.288803
1360065078251,-0.5373688,2.8403778,9.672638
1360065078315,-1.1515045,2.149475,9.749405
1360065078379,-1.0747375,1.7656403,9.212036
1360065078447,-0.6909027,1.9959412,9.36557
1360065078539,-0.6909027,2.379776,8.828201
1360065078569,-0.7676697,2.8403778,7.523163
1360065078633,-0.7676697,2.8403778,8.981735
1360065078707,-0.9212036,2.9939117,8.828201
1360065078760,-1.0747375,3.2242126,8.751434
1360065078879,-1.2282715,3.3777466,9.058502
1360065078887,-1.3818054,3.4545135,9.36557
1360065078950,-1.3050385,3.6080475,9.058502
1360065079013,-1.2282715,3.7615814,9.135269
1360065079082,-1.1515045,3.9918823,9.212036
1360065079141,-1.1515045,3.6080475,10.13324
1360065079205,-0.7676697,3.6848145,8.828201
1360065079269,0.5373688,2.6868439,10.210007
1360065079333,-0.5373688,2.0727081,10.210007
1360065079396,0.38383484,3.0706787,7.292862
1360065079462,-0.2303009,3.3777466,7.292862
1360065079530,-0.30706787,3.0706787,9.058502
1360065079586,-0.30706787,2.8403778,8.5979
1360065079651,0.0,2.9939117,8.3675995
1360065079717,0.07676697,3.4545135,8.674667
1360065079777,0.0,3.7615814,8.981735
1360065079844,0.0,3.7615814,9.135269
1360065079904,-0.07676697,3.4545135,9.058502
1360065079971,0.07676697,3.4545135,8.5979
1360065080035,0.0,3.6080475,8.674667
1360065080099,0.38383484,3.8383484,9.058502
1360065080219,0.2303009,2.9171448,11.438278
1360065080221,0.0,3.1474457,8.828201
1360065080285,-0.38383484,2.53331,9.902939
1360065080352,-1.4585724,1.9959412,10.363541
1360065080416,-1.1515045,1.7656403,8.981735
1360065080486,-0.38383484,1.7656403,9.826172
1360065080565,-0.6909027,2.0727081,8.3675995
1360065080604,-0.84443665,2.7636108,7.523163
1360065080671,-0.84443665,2.610077,9.135269
1360065080733,-0.7676697,2.379776,9.672638
1360065080796,-0.84443665,2.6868439,8.981735
1360065080883,-0.61413574,3.0706787,8.751434
1360065080921,-0.61413574,3.3009796,8.981735
1360065080985,-0.6909027,3.3777466,9.36557
1360065081052,-1.1515045,3.6080475,9.135269
1360065081116,-0.9212036,3.0706787,10.210007
1360065081210,-0.5373688,2.9171448,11.13121
1360065081240,-0.07676697,3.3777466,8.751434
1360065081308,1.1515045,2.303009,10.900909
1360065081368,0.30706787,1.7656403,9.135269
1360065081433,0.4606018,2.9171448,7.062561
1360065081531,-0.4606018,2.9939117,8.060532
1360065081556,0.0,3.1474457,8.3675995
1360065081623,-0.15353394,2.9171448,9.288803
1360065081699,0.15353394,3.1474457,9.212036
1360065081751,0.30706787,3.5312805,8.3675995
1360065081845,0.2303009,3.2242126,8.751434
1360065081878,0.38383484,3.2242126,8.674667
1360065081941,0.7676697,3.6080475,8.904968
1360065082010,0.84443665,3.7615814,8.751434
1360065082069,0.61413574,3.7615814,8.674667
1360065082178,0.2303009,3.9151154,8.5979
1360065082192,1.1515045,2.8403778,9.902939
1360065082257,0.38383484,2.303009,9.826172
1360065082323,-0.4606018,3.0706787,8.2908325
1360065082386,-0.4606018,2.149475,10.977676
1360065082468,-0.9212036,1.6121063,10.900909
1360065082513,0.15353394,1.1515045,11.13121
1360065082574,0.84443665,1.6888733,9.36557
1360065082641,0.61413574,2.303009,7.676697
1360065082705,0.07676697,2.379776,7.369629
1360065082796,-0.07676697,2.226242,8.904968
1360065082829,-0.5373688,2.379776,9.058502
1360065082891,-0.38383484,2.9939117,8.3675995
1360065082961,-0.61413574,3.2242126,9.135269
1360065083021,-0.7676697,3.2242126,9.519104
1360065083083,-0.9212036,2.9939117,10.056473
1360065083204,-0.61413574,3.2242126,10.286774
1360065083209,-0.5373688,3.2242126,9.595871
1360065083273,-0.61413574,3.3009796,8.5979
1360065083338,0.6909027,2.8403778,9.749405
1360065083402,0.6909027,1.8424072,10.517075
1360065083469,1.2282715,2.303009,8.060532
1360065083527,0.30706787,2.7636108,8.060532
1360065083594,0.2303009,3.6848145,9.058502
1360065083659,-0.07676697,3.0706787,9.288803
1360065083722,-0.15353394,2.379776,8.137299
1360065083792,-0.30706787,2.6868439,7.446396
1360065083846,-0.30706787,3.1474457,8.2908325
1360065083913,-0.30706787,3.2242126,8.5979
1360065083998,-0.2303009,2.610077,10.593842
1360065084037,0.30706787,2.8403778,10.824142
1360065084132,0.7676697,3.6080475,8.828201
1360065084164,0.61413574,3.6848145,8.904968
1360065084230,0.7676697,2.9171448,9.135269
1360065084294,0.61413574,1.6121063,12.820084
1360065084358,0.5373688,2.610077,9.36557
1360065084449,0.07676697,2.610077,9.288803
1360065084481,-0.9212036,2.226242,8.2908325
1360065084549,-0.9979706,1.3818054,9.058502
1360065084608,-0.84443665,1.0747375,10.517075
1360065084675,-0.30706787,2.149475,8.2908325
1360065084778,-0.15353394,3.1474457,6.601959
1360065084799,0.07676697,3.1474457,8.137299
1360065084867,0.0,2.7636108,9.519104
1360065084930,-0.30706787,2.8403778,9.595871
1360065084997,-0.4606018,3.3009796,9.058502
1360065085099,-0.5373688,3.3777466,9.902939
1360065085116,-0.6909027,3.4545135,9.902939
1360065085184,-0.84443665,3.3777466,9.595871
1360065085249,-0.7676697,3.5312805,8.981735
1360065085313,-1.4585724,3.1474457,9.595871
1360065085423,-0.7676697,2.6868439,10.517075
1360065085436,-0.15353394,1.3818054,12.205948
1360065085503,0.61413574,2.303009,6.83226
1360065085567,0.7676697,2.9171448,5.5272217
1360065085630,-0.84443665,2.53331,8.828201
1360065085692,-0.7676697,2.9939117,10.210007
1360065085757,-0.38383484,2.9171448,10.056473
1360065085817,0.0,2.7636108,8.444366
1360065085883,0.30706787,2.9171448,8.3675995
1360065085947,0.2303009,2.7636108,9.442337
1360065086011,0.30706787,3.0706787,9.288803
1360065086071,0.2303009,3.1474457,9.288803
1360065086134,0.61413574,3.3009796,9.902939
1360065086199,0.4606018,3.2242126,9.595871
1360065086264,0.9212036,3.3009796,9.212036
1360065086328,0.9212036,2.9171448,8.5979
1360065086403,0.38383484,3.0706787,8.444366
1360065086453,-0.30706787,3.0706787,9.212036
1360065086521,-0.7676697,2.379776,10.824142
1360065086585,-0.38383484,1.9191742,9.672638
1360065086650,-0.15353394,1.6888733,10.210007
1360065086735,0.15353394,2.6868439,8.2908325
1360065086770,-0.15353394,3.2242126,7.216095
1360065086839,-0.07676697,2.9939117,8.828201
1360065086901,-0.5373688,2.8403778,9.212036
1360065086967,-0.6909027,3.2242126,8.674667
1360065087053,-0.38383484,3.9151154,8.828201
1360065087089,-0.4606018,4.0686493,9.36557
1360065087155,-0.61413574,3.9151154,8.981735
1360065087218,-0.5373688,3.5312805,9.288803
1360065087287,-0.4606018,4.1454163,8.904968
1360065087387,-0.38383484,3.7615814,9.979706
1360065087408,-0.5373688,3.7615814,8.2908325
1360065087471,0.4606018,2.379776,12.052414
1360065087533,0.5373688,2.149475,9.672638
1360065087597,1.3050385,3.1474457,6.4484253
1360065087669,0.07676697,2.7636108,8.214066
1360065087723,0.2303009,3.0706787,9.979706
1360065087792,0.2303009,3.4545135,7.8302307
1360065087852,0.0,3.3009796,8.137299
1360065087917,0.07676697,3.3009796,8.828201
1360065088023,0.30706787,3.4545135,8.674667
1360065088041,0.30706787,3.3777466,8.981735
1360065088107,0.4606018,3.6848145,8.981735
1360065088169,0.5373688,3.9151154,9.288803
1360065088240,0.4606018,3.8383484,9.212036
1360065088319,0.15353394,4.29895,8.5979
1360065088360,0.84443665,3.1474457,10.210007
1360065088425,0.7676697,2.53331,10.6706085
1360065088488,0.15353394,3.6848145,8.444366
1360065088555,-0.7676697,2.53331,10.977676
1360065088645,-0.9212036,2.53331,7.523163
1360065088684,-0.2303009,1.5353394,10.210007
1360065088740,-0.15353394,2.226242,9.058502
1360065088807,-0.61413574,3.2242126,6.755493
1360065088873,-0.84443665,2.9939117,8.5979
1360065088936,-1.0747375,2.7636108,9.826172
1360065088996,-1.2282715,3.0706787,9.058502
1360065089062,-1.2282715,3.4545135,8.3675995
1360065089125,-1.3050385,3.6080475,9.058502
1360065089188,-1.3050385,3.4545135,9.595871
1360065089308,-1.0747375,3.6080475,8.981735
1360065089312,-0.9979706,4.1454163,8.981735
1360065089376,-0.4606018,3.9151154,9.519104
1360065089448,-1.1515045,3.1474457,9.672638
1360065089503,0.07676697,2.303009,12.282715
1360065089567,0.9979706,2.303009,9.519104
1360065089639,0.6909027,2.379776,7.292862
1360065089694,-0.38383484,3.4545135,6.601959
1360065089763,-0.9979706,3.3009796,8.904968
1360065089826,-1.0747375,2.7636108,9.288803
1360065089891,-0.84443665,2.7636108,8.2908325
1360065089949,-0.4606018,3.1474457,8.3675995
1360065090013,-0.4606018,3.5312805,8.751434
1360065090080,-0.5373688,3.0706787,9.442337
1360065090145,-0.38383484,3.2242126,9.442337
1360065090208,-0.30706787,3.3777466,9.442337
1360065090269,0.0,3.5312805,9.36557
1360065090332,0.15353394,3.6848145,9.288803
1360065090397,1.5353394,3.1474457,9.979706
1360065090462,1.5353394,2.303009,11.668579
1360065090524,0.6909027,3.0706787,8.981735
1360065090603,-0.6909027,2.6868439,9.36557
1360065090650,-1.2282715,2.456543,6.909027
1360065090716,-0.5373688,1.1515045,10.593842
1360065090777,-0.15353394,2.379776,8.674667
1360065090843,-0.07676697,4.0686493,4.989853
1360065090941,-0.4606018,3.3777466,8.444366
1360065090967,-0.4606018,2.7636108,9.749405
1360065091033,-0.84443665,2.8403778,9.749405
1360065091100,-1.0747375,3.9918823,8.674667
1360065091159,-1.2282715,3.9918823,9.212036
1360065091260,-1.3050385,3.4545135,9.595871
1360065091283,-1.2282715,3.5312805,9.595871
1360065091353,-1.3050385,4.29895,8.674667
1360065091413,-0.84443665,3.3777466,10.440308
1360065091482,-0.6909027,2.7636108,8.674667
1360065091588,1.1515045,1.9959412,13.434219
1360065091603,0.7676697,1.5353394,9.595871
1360065091667,0.84443665,3.0706787,5.8342896
1360065091733,0.30706787,3.3009796,8.444366
1360065091796,-0.15353394,2.6868439,9.979706
1360065091907,0.15353394,2.379776,7.7534637
1360065091920,-0.07676697,2.53331,7.7534637
1360065091987,0.07676697,2.9939117,9.36557
1360065092049,-0.2303009,3.6848145,9.135269
1360065092115,-0.07676697,3.5312805,9.36557
1360065092176,0.2303009,2.9939117,9.595871
1360065092238,0.61413574,2.9939117,9.135269
1360065092303,0.38383484,3.4545135,8.981735
1360065092368,0.7676697,3.6848145,10.593842
1360065092430,1.3818054,2.6868439,12.973618
1360065092496,0.15353394,3.6080475,7.9837646
1360065092570,-0.07676697,3.4545135,8.3675995
1360065092619,-0.5373688,3.1474457,8.137299
1360065092688,-0.30706787,2.379776,9.135269
1360065092750,-0.6909027,2.53331,8.674667
1360065092813,-0.9212036,3.2242126,8.2908325
1360065092894,-1.3050385,3.4545135,8.444366
1360065092936,-1.1515045,3.2242126,9.288803
1360065093005,-1.2282715,2.9939117,9.826172
1360065093064,-0.9212036,3.5312805,9.595871
1360065093134,-1.0747375,4.29895,8.137299
1360065093249,-0.9212036,3.5312805,9.442337
1360065093254,-1.8424072,4.0686493,8.137299
1360065093317,-1.3050385,3.7615814,8.5979
1360065093386,-1.3050385,3.4545135,8.904968
1360065093450,-1.3050385,3.5312805,8.2908325
1360065093539,-1.0747375,3.7615814,8.751434
1360065093572,-1.1515045,3.4545135,9.135269
1360065093639,-0.6909027,3.7615814,8.904968
1360065093703,-0.7676697,3.5312805,9.36557
1360065093773,-1.0747375,3.6080475,8.060532
1360065093826,-0.84443665,3.5312805,8.137299
1360065093891,-0.38383484,3.5312805,8.904968
1360065093957,-0.38383484,3.5312805,8.828201
1360065094021,-0.30706787,3.3777466,9.442337
1360065094081,-0.38383484,3.5312805,9.212036
1360065094146,-0.38383484,3.6848145,8.828201
1360065094208,-0.5373688,3.5312805,8.904968
1360065094271,-0.6909027,3.3777466,9.058502
1360065094336,-0.6909027,3.4545135,8.828201
1360065094400,-0.61413574,3.5312805,9.058502
1360065094462,-0.6909027,3.6080475,8.828201
1360065094526,-0.9212036,3.5312805,8.828201
1360065094591,-1.1515045,3.4545135,8.674667
1360065094654,-1.0747375,3.3777466,9.058502
1360065094721,-0.9212036,3.3009796,9.212036
1360065094787,-0.7676697,3.4545135,9.058502
1360065094844,-0.84443665,3.4545135,9.058502
1360065094911,-0.84443665,3.3009796,9.058502
1360065094973,-0.84443665,3.3009796,8.981735
1360065095035,-0.7676697,3.3009796,9.058502
1360065095104,-0.84443665,3.2242126,8.981735
1360065095217,-0.7676697,3.3009796,8.981735
1360065095225,-0.84443665,3.2242126,9.212036
1360065095288,-0.84443665,3.2242126,8.904968
1360065095352,-0.84443665,3.2242126,9.058502
1360065095417,-0.9212036,3.3009796,9.135269
1360065095479,-0.9212036,3.3009796,9.058502
1360065095544,-0.9212036,3.1474457,9.135269
1360065095605,-0.84443665,3.2242126,8.904968
1360065095673,-0.84443665,3.3009796,8.828201
1360065095735,-0.84443665,3.3009796,9.135269
1360065095797,-0.84443665,3.3009796,8.981735
1360065095861,-0.84443665,3.3009796,9.058502
1360065095924,-0.84443665,3.3009796,8.904968
1360065095993,-0.9212036,3.2242126,9.058502
1360065096055,-0.9979706,3.3009796,8.828201
1360065096115,-1.0747375,3.2242126,8.981735
1360065096179,-0.9979706,3.3009796,8.981735
1360065096243,-0.9979706,3.2242126,9.36557
1360065096307,-0.84443665,3.3009796,8.751434
1360065096370,-0.9212036,3.2242126,8.981735
1360065096433,-0.84443665,3.3009796,8.904968
1360065096498,-0.9212036,3.3009796,9.058502
1360065096564,-0.9212036,3.3009796,8.828201
1360065096625,-0.9212036,3.3009796,8.904968
1360065096693,-0.84443665,3.3009796,9.058502
1360065096752,-0.84443665,3.3777466,9.135269
1360065096818,-0.84443665,3.3777466,8.981735
1360065096877,-0.84443665,3.3009796,8.904968
1360065096942,-0.9212036,3.3009796,9.058502
1360065097032,-0.9212036,3.3777466,8.674667
1360065097069,-0.7676697,3.3009796,9.058502
1360065097137,-0.6909027,3.3777466,8.828201
1360065097201,-0.84443665,3.3009796,8.904968
1360065097261,-0.7676697,3.3777466,8.904968
1360065097362,-0.84443665,3.3009796,8.981735
1360065097386,-0.7676697,3.3777466,8.904968
1360065097453,-0.7676697,3.3009796,9.058502
1360065097516,-0.9212036,3.3009796,9.135269
1360065097581,-0.84443665,3.3009796,8.904968
1360065097643,-1.0747375,3.2242126,8.981735
1360065097705,-0.84443665,3.3777466,8.981735
1360065097771,-0.84443665,3.3009796,9.058502
1360065097835,-0.9212036,3.3777466,8.674667
1360065097899,-0.9212036,3.2242126,9.135269
1360065097975,-0.9212036,3.3777466,9.135269
1360065098024,-0.9212036,3.3009796,8.981735
1360065098087,-0.9212036,3.3009796,8.981735
1360065098150,-0.9979706,3.3777466,9.135269
1360065098213,-0.9212036,3.3009796,8.904968
1360065098286,-0.9979706,3.3009796,8.904968
1360065098340,-0.9979706,3.3009796,8.981735
1360065098405,-0.9212036,3.3777466,8.981735
1360065098470,-0.9979706,3.3009796,9.135269
1360065098532,-1.0747375,3.3009796,8.904968
1360065098615,-0.9979706,3.3777466,8.828201
1360065098659,-0.9979706,3.3009796,8.981735
1360065098725,-0.9212036,3.3009796,8.981735
1360065098790,-0.9979706,3.3777466,8.904968
1360065098852,-0.9979706,3.3777466,8.828201
1360065098933,-1.0747375,3.3009796,9.135269
1360065098977,-0.9979706,3.4545135,9.058502
1360065099043,-0.9979706,3.3777466,8.904968
1360065099107,-0.9979706,3.3777466,8.904968
1360065099171,-0.9979706,3.3777466,8.981735
1360065099243,-0.9979706,3.3777466,8.981735
1360065099295,-1.0747375,3.3009796,8.981735
1360065099361,-1.0747375,3.3009796,8.981735
1360065099426,-0.9212036,3.3009796,9.058502
1360065099488,-0.9979706,3.3009796,9.058502
1360065099558,-0.9212036,3.3777466,8.904968
1360065099614,-0.9979706,3.3009796,9.058502
1360065099681,-0.9979706,3.3009796,9.058502
1360065099741,-1.0747375,3.3777466,8.904968
1360065099804,-0.9212036,3.3777466,8.904968
1360065099879,-0.9212036,3.3777466,8.904968
