1360064958678,67.8483,-27.771557,-4.205108
1360064958881,68.746155,-27.584738,-3.603278
1360064959079,69.06119,-27.469843,-3.3277853
1360064959292,69.2764,-27.267984,-3.079631
1360064959480,69.70166,-26.932571,-3.0955424
1360064959683,69.99548,-26.59854,-3.2136478
1360064959884,70.160126,-26.679686,-3.1235719
1360064960081,70.268005,-26.754366,-3.1783218
1360064960280,70.63757,-26.693615,-3.3017895
1360064960484,70.78735,-26.67227,-3.3498378
1360064960680,70.7041,-26.649763,-3.3704195
1360064960879,70.75635,-26.40114,-3.7910326
1360064961081,70.091,-26.621857,-3.8411782
1360064961280,70.24603,-26.390728,-3.8292236
1360064961493,70.05975,-26.139843,-4.45936
1360064961678,69.58032,-25.94901,-5.651548
1360064961881,69.62607,-25.851107,-4.589477
1360064962158,69.754486,-25.306965,-3.0636194
1360064962277,69.43994,-25.678204,-2.9833179
1360064962493,69.50632,-25.793282,-2.7759306
1360064962682,69.80655,-25.617107,-2.6597445
1360064962884,70.185974,-25.281885,-2.5393376
1360064963096,70.961945,-24.699957,-2.546796
1360064963277,71.58212,-23.869537,-2.291181
1360064963479,72.296265,-22.252962,-1.1745025
1360064963684,73.129364,-20.340778,-0.1580559
1360064963877,71.080536,-19.241076,0.06433954
1360064964083,65.94885,-19.408201,-1.4924036
1360064964280,61.45758,-21.435333,-3.2651324
1360064964480,58.498505,-22.887486,-2.5404425
1360064964714,54.727234,-21.151924,-2.7509072
1360064964877,49.930847,-18.597275,-2.4721806
1360064965079,48.57724,-19.913029,0.50558996
1360064965283,50.78836,-24.866995,4.9946556
1360064965482,52.27722,-21.61095,4.7336764
1360064965681,42.964294,-20.109386,3.8998456
1360064965882,29.185364,-19.938972,1.7241769
1360064966082,17.10495,-22.223492,0.61086595
1360064966287,9.970947,-24.388353,-0.05184712
1360064966482,9.450104,-23.795454,-3.1856964
1360064966681,18.508514,-19.561619,-3.1338775
1360064966890,25.84903,-19.807812,-1.2790662
1360064967079,32.98828,-21.142344,3.285002
1360064967278,36.433044,-22.215153,4.174765
1360064967479,33.718536,-18.717499,3.1563666
1360064967685,26.676727,-16.028889,1.4251968
1360064967897,14.454102,-17.22012,-0.07033154
1360064968094,5.7168884,-21.08741,-0.007964108
1360064968280,4.851959,-22.998264,-0.20830202
1360064968481,17.78595,-22.14875,-2.2649221
1360064968879,69.16809,-15.015362,-1.0731571
1360064969078,91.40741,-15.433566,0.26585412
1360064969280,111.095,-16.076437,2.120521
1360064969488,127.14191,-13.885179,4.842459
1360064969679,137.18811,-11.65181,4.67082
1360064969882,138.35764,-12.518635,1.1308352
1360064970094,137.84631,-14.687622,-2.9324539
1360064970279,138.26917,-19.194382,-3.128091
1360064970479,142.35028,-17.685102,-2.0859401
1360064970682,149.36542,-17.25962,-2.3528194
1360064970882,155.8291,-19.16878,0.010963734
1360064971117,163.74768,-23.263767,3.391649
1360064971279,167.0398,-23.156452,3.6391654
1360064971479,162.77759,-21.125122,3.5581746
1360064971684,154.88489,-19.947372,0.8852481
1360064971882,148.10059,-21.407345,-1.4613361
1360064972086,145.9656,-22.506144,-1.8326571
1360064972296,145.82898,-18.933138,-2.7165477
1360064972479,147.35834,-15.604717,-4.0965104
1360064972716,149.35059,-15.120967,-2.509297
1360064972879,153.43726,-17.924582,-0.42131168
1360064973079,153.49243,-21.539133,0.02497544
1360064973284,146.6499,-18.173935,0.035800014
1360064973482,136.24942,-14.528533,-0.48732492
1360064973677,120.463776,-14.250562,-1.4757812
1360064973878,109.17914,-16.421381,-4.5337853
1360064974080,102.55817,-13.672451,-5.1569066
1360064974284,98.638245,-12.423158,-5.968625
1360064974487,98.641174,-11.960169,-3.8390255
1360064974680,106.736176,-13.914591,-0.6507407
1360064974879,114.12244,-15.255076,-1.165001
1360064975080,112.6926,-17.241184,-0.36192048
1360064975279,102.4754,-16.607677,0.92549676
1360064975481,87.87579,-16.01526,-0.5904496
1360064975680,78.04648,-17.091734,-2.2211783
1360064975881,77.095,-18.633787,-5.402728
1360064976079,76.537994,-19.634663,-5.3976965
1360064976278,82.66287,-15.9653425,-4.653996
1360064976496,93.16354,-13.127314,-3.2847536
1360064976682,107.75546,-14.9828415,-2.0735955
1360064976878,119.03284,-14.047857,-2.078034
1360064977082,121.15265,-15.608539,-2.1218343
1360064977283,115.24963,-16.693296,-0.96371305
1360064977479,99.7901,-16.0175,-1.0764832
1360064977682,78.85788,-15.194224,-2.4207745
1360064977879,64.01355,-18.446598,-2.0040424
1360064978087,61.78543,-21.390686,-3.1325197
1360064978280,63.673645,-20.071941,-3.1122582
1360064978479,62.1131,-17.67453,-3.3077474
1360064978720,62.687683,-18.16812,-3.4375916
1360064978882,65.12967,-19.52703,-1.6776069
1360064979080,69.42853,-23.250563,0.33620775
1360064979280,68.24478,-21.793934,1.2769532
1360064979477,56.6019,-20.013529,1.7157489
1360064979699,38.98642,-19.360146,0.73818076
1360064979878,25.16919,-22.82906,-0.4230013
1360064980077,21.832123,-26.896494,-1.2798547
1360064980280,20.310394,-24.709814,-1.2177058
1360064980482,22.955963,-20.962189,-2.0985737
1360064980679,28.857422,-19.847832,-0.48204502
1360064980880,37.17276,-22.346922,2.2800074
1360064981079,44.082306,-24.314564,1.8353373
1360064981283,47.13269,-21.951574,1.4874066
1360064981481,40.922485,-18.970945,-0.36126775
1360064981684,31.873047,-20.204473,-1.2965087
1360064981928,27.354858,-21.467274,-3.1405122
1360064982078,29.380615,-21.528784,-3.552457
1360064982280,35.651306,-19.404976,-3.6385071
1360064982482,43.68155,-17.412354,-1.947424
1360064982681,52.60898,-19.769033,-0.41051495
1360064982879,62.929413,-21.217167,-0.092343345
1360064983082,71.35968,-18.168955,0.68868494
1360064983279,76.10217,-15.53788,1.073638
1360064983522,77.344604,-16.17469,-0.9772357
1360064983677,78.55249,-17.752802,-3.2343445
1360064983877,79.84235,-18.769175,-3.7928312
1360064984079,80.81146,-18.216547,-4.1116333
1360064984280,84.761536,-16.997753,-4.040787
1360064984481,89.7832,-18.495636,-1.9411739
1360064984681,96.33984,-19.869083,-0.07858562
1360064984881,101.69156,-19.543873,0.9866141
1360064985114,102.8761,-17.892326,0.7024078
1360064985280,100.168396,-17.437994,-1.4010439
1360064985478,98.32269,-20.835379,-3.7047546
1360064985681,101.11102,-22.472824,-5.1347303
1360064985878,108.0838,-20.711092,-5.203847
1360064986079,117.690735,-17.059742,-3.770137
1360064986280,131.28955,-15.033644,-2.3722918
1360064986477,148.12427,-17.396019,-0.47550833
1360064986740,162.5481,-19.169123,0.5341206
1360064986880,168.77606,-18.394264,2.3134396
1360064987079,168.51947,-18.114622,3.4970288
1360064987282,165.33154,-16.226612,2.0399292
1360064987479,160.02612,-17.569986,-1.7307112
1360064987743,156.25189,-20.56049,-4.587927
1360064987877,154.2221,-20.073107,-4.3401356
1360064988087,154.10071,-17.512716,-4.4944243
1360064988281,155.48212,-16.836731,-3.1116817
1360064988483,159.48456,-20.849937,-0.37594613
1360064988732,164.18213,-23.35804,0.70672965
1360064988879,163.37982,-21.405466,2.3959446
1360064989077,156.7395,-21.202902,3.3284972
1360064989279,148.31018,-20.08316,2.5942285
1360064989478,139.05457,-20.940868,-0.028088301
1360064989698,129.52026,-21.42383,-2.86769
1360064989881,121.815094,-20.684298,-4.0946007
1360064990080,112.49808,-19.202282,-5.412897
1360064990280,106.016846,-17.298388,-5.979309
1360064990481,102.92798,-16.405794,-5.1436563
1360064990679,103.22366,-18.925842,-3.0873022
1360064991079,107.038086,-20.19865,-2.0629485
1360064991311,101.14697,-19.864077,-1.8262656
1360064991476,93.18536,-18.445244,-1.9244663
1360064991678,85.45337,-19.77763,-3.250788
1360064991880,80.81598,-19.30777,-4.969943
1360064992076,74.34454,-19.755695,-7.7600946
1360064992310,67.23822,-19.102648,-8.62012
1360064992480,62.84146,-17.759155,-8.212769
1360064992679,62.055542,-16.374018,-6.1718297
1360064992881,63.557465,-20.87465,-5.345329
1360064993078,64.56879,-24.624332,-5.169561
1360064993277,64.35672,-22.71811,-2.884951
1360064993481,60.414215,-21.170809,-1.0615728
1360064993677,53.847717,-20.278898,-1.8318499
1360064993932,48.14023,-23.073917,-2.8198369
1360064994078,46.70041,-25.891062,-3.066094
1360064994299,49.59488,-24.205902,-3.4819257
1360064994476,55.986664,-20.110065,-3.4295902
1360064994678,62.062622,-18.23845,-2.8938708
1360064994876,65.278046,-21.185608,-1.4132309
1360064995077,68.80298,-23.006548,1.2615627
1360064995276,71.069305,-21.418554,1.4970763
1360064995476,65.65143,-19.913162,2.5781317
1360064995678,57.578735,-18.164131,1.9114219
1360064995878,49.776337,-19.945839,-0.315167
1360064996078,43.9823,-21.264688,-2.6845202
1360064996278,39.447784,-23.024904,-3.130818
1360064996477,36.361115,-21.88544,-4.6687455
1360064996681,36.358093,-19.621672,-4.4763
1360064996881,36.68445,-21.598629,-2.1002183
1360064997080,39.141632,-22.316372,1.0232726
1360064997280,41.204987,-23.729872,-0.37506717
1360064997481,39.431976,-21.202179,-3.3294904
1360064997680,36.45227,-21.682817,-4.9551353
1360064997879,37.676025,-25.771551,-7.3231854
1360064998080,36.51013,-26.822199,-8.929769
1360064998279,45.5784,-27.872408,-3.255569
1360064998482,53.174957,-26.976145,-4.90963
1360064998676,66.095825,-25.805706,-2.5096667
1360064998877,84.26959,-24.018074,-1.5012321
1360064999076,101.967285,-20.6563,-1.3225889
1360064999294,122.85141,-17.79936,-2.6099133
1360064999489,138.2157,-16.73882,0.16155466
1360064999678,150.51105,-17.037859,2.672435
1360064999878,156.72217,-16.802544,1.5491682
1360065000077,159.20367,-19.46166,-0.7280642
1360065000279,158.5252,-21.400034,-3.1173651
1360065000480,160.12756,-21.62087,-3.0194814
1360065000677,164.03064,-19.932467,-3.5805216
1360065000909,168.54895,-18.13342,-2.7776926
1360065001078,169.35297,-20.44142,-0.7258133
1360065001279,169.24683,-22.117462,1.2656976
1360065001480,167.1159,-22.77136,2.241666
1360065001680,161.28967,-21.162312,2.077722
1360065001888,153.0694,-18.351639,1.4364657
1360065002082,145.49042,-17.311134,-1.0888698
1360065002279,140.00815,-19.882454,-3.6609998
1360065002479,133.83249,-19.859816,-5.409115
1360065002679,128.72995,-19.538515,-6.465297
1360065002879,125.04889,-17.613144,-7.6286235
1360065003079,123.66312,-16.73038,-6.996913
1360065003276,125.370544,-20.000368,-4.6288705
1360065003519,128.22632,-22.350813,-3.6587603
1360065003676,128.35986,-21.916174,-3.161676
1360065003876,123.30545,-20.942,-2.1064763
1360065004078,116.125275,-18.965109,-2.9871156
1360065004278,108.35318,-20.231945,-5.024646
1360065004477,100.9433,-21.559368,-6.954023
1360065004681,96.770874,-20.522646,-6.4753027
1360065004878,94.385376,-18.579872,-6.2708898
1360065005083,95.142334,-16.166067,-5.389812
1360065005280,97.80521,-18.04747,-3.75818
1360065005476,100.778595,-20.138409,-3.492227
1360065005680,102.42633,-20.168276,-3.6552486
1360065005881,100.63104,-18.263113,-2.783498
1360065006089,95.05545,-16.122316,-2.245019
1360065006279,83.69879,-17.597435,-3.0861218
1360065006477,69.33371,-19.138927,-2.8576388
1360065006678,58.05899,-19.6536,-1.8407854
1360065006878,48.85724,-17.17844,-2.6859682
1360065007076,43.560394,-16.440037,-1.9020423
1360065007278,42.505066,-20.653904,1.3900253
1360065007479,44.50119,-25.516956,3.3313427
1360065007882,39.901733,-21.747154,4.0672235
1360065008076,36.474884,-21.293362,1.5944946
1360065008281,36.035828,-23.316858,-2.5659125
1360065008480,34.13748,-24.826311,-5.158346
1360065008681,32.74402,-24.021235,-4.6726384
1360065008879,35.476593,-21.381327,-3.9841263
1360065009077,40.577454,-19.661425,-2.7265592
1360065009281,48.953125,-22.16295,-1.2628297
1360065009476,56.866028,-23.299166,-1.4051936
1360065009678,60.866486,-19.411203,0.1870536
1360065009880,62.95926,-16.942797,0.6853737
1360065010081,64.91022,-17.395794,-1.2600397
1360065010317,69.35458,-17.143305,-2.3167295
1360065010477,75.65393,-17.967924,-2.6638515
1360065010676,81.75458,-17.76082,-4.383547
1360065010877,87.49255,-16.091806,-5.034816
1360065011080,91.634796,-16.89028,-4.401323
1360065011307,97.394226,-18.309946,-2.434503
1360065011477,103.58301,-19.333817,-1.8629909
1360065011676,105.204346,-18.081406,-1.0928863
1360065011881,104.23984,-16.275198,-1.0463672
1360065012080,102.23743,-16.426134,-1.7823393
1360065012307,103.65643,-17.240921,-1.9156804
1360065012481,104.235016,-19.508224,-2.42797
1360065012677,108.490265,-18.686563,-2.5091083
1360065012881,117.10953,-16.971056,-2.3561254
1360065013076,128.03186,-16.767689,-1.1983838
1360065013330,139.5462,-17.14062,-0.13768947
1360065013476,152.80261,-18.968,-0.07537627
1360065013683,161.39856,-17.5884,1.3184946
1360065013879,163.04187,-14.821312,1.1758612
1360065014077,160.47156,-14.820183,-0.94877684
1360065014299,159.9024,-15.439889,-3.4540277
1360065014490,159.54688,-17.120478,-3.870542
1360065014678,161.43866,-16.080296,-4.442467
1360065014903,163.44177,-15.656634,-4.0400095
1360065015078,166.72119,-19.149235,-2.3145225
1360065015278,170.30188,-21.145666,-1.9296875
1360065015480,170.05518,-20.531164,-0.68383586
1360065015681,165.01135,-19.465845,0.4493214
1360065015897,159.32007,-18.21514,-0.2687845
1360065016083,155.22028,-18.648373,-2.9003947
1360065016279,152.2898,-17.861216,-5.8428025
1360065016482,150.41199,-19.556923,-5.146176
1360065016678,155.15161,-17.054968,-4.692427
1360065016878,159.54742,-15.828143,-4.52563
1360065017084,163.63403,-18.785965,-2.823062
1360065017277,167.03442,-21.119795,-1.5444198
1360065017485,167.26794,-20.839855,-0.4250378
1360065017679,160.9867,-19.989882,0.2706539
1360065017876,150.95648,-18.495306,-0.23395425
1360065018081,138.16559,-20.487936,-2.4291553
1360065018280,127.405334,-21.284138,-3.15333
1360065018476,117.28433,-21.192501,-1.8825892
1360065018680,107.490814,-19.776918,-3.5177052
1360065018880,100.42703,-19.06661,-3.8596504
1360065019124,98.49432,-19.272594,-1.3234515
1360065019277,101.288055,-20.419064,1.5084243
1360065019479,104.174835,-24.031916,-0.62351733
1360065019678,99.61426,-21.94166,-0.7142847
1360065019876,88.13193,-19.597294,-1.4591663
1360065020079,72.078,-21.182405,-1.5368341
1360065020281,63.761963,-23.894676,-1.4692211
1360065020476,61.863007,-23.198313,-0.95651084
1360065020723,58.651215,-20.781649,-3.2344742
1360065020877,57.937775,-19.161564,-3.2529929
1360065021076,58.6893,-20.708935,0.32012835
1360065021279,64.97235,-22.387499,2.893487
1360065021479,66.01544,-23.74299,1.9347806
1360065021696,58.55905,-21.832644,3.4744647
1360065021878,47.529663,-20.351496,3.025988
1360065022076,36.833282,-20.477274,0.9990785
1360065022277,29.54126,-21.374117,-0.6568413
1360065022479,25.223572,-23.688858,-1.1585298
1360065022676,25.596558,-21.952757,-1.3242403
1360065022877,30.011963,-19.069904,-0.7387528
1360065023076,37.347107,-20.13813,-0.4982118
1360065023307,45.490692,-21.673977,-0.052408047
1360065023508,50.983276,-22.795076,1.3286883
1360065023678,47.669067,-20.62508,3.1159866
1360065023881,40.448914,-18.67473,2.3559153
1360065024080,33.84143,-19.471174,0.04979849
1360065024306,29.867065,-20.462482,-1.6463991
1360065024476,26.155304,-23.518856,-3.5112133
1360065024676,30.211578,-22.43151,-4.453311
1360065024878,39.33087,-19.413567,-3.0596626
1360065025077,48.49951,-19.199097,-1.4376013
1360065025281,59.353912,-20.498411,0.53865033
1360065025479,70.588745,-20.218279,1.2885453
1360065025677,79.8533,-18.0431,3.8306117
1360065025930,85.49963,-16.667814,5.0116744
1360065026077,84.631836,-15.065349,2.5593746
1360065026278,78.51001,-17.337343,-0.2692462
1360065026481,77.45709,-19.183905,-0.25504524
1360065026677,81.10846,-20.24753,0.6683637
1360065026890,86.67078,-19.097164,-0.73374283
1360065027078,94.55786,-15.789588,0.45097303
1360065027279,101.48151,-18.315863,1.4605285
1360065027481,107.58023,-20.221617,1.3430502
1360065027677,112.44229,-17.929272,2.183206
1360065027878,112.8949,-16.498423,2.6839914
1360065028079,109.1702,-15.529895,1.0268228
1360065028279,105.38446,-18.029243,-1.8381824
1360065028478,106.93796,-20.644663,-2.9696045
1360065028680,115.51276,-19.456448,-1.9096373
1360065028893,126.91431,-16.943764,-1.0259982
1360065029078,140.30621,-14.68057,-0.99301624
1360065029276,150.38489,-15.805645,-0.8318438
1360065029477,160.54419,-17.51676,1.7311289
1360065029676,167.50043,-18.879501,2.7827818
1360065029877,173.12238,-16.555044,0.5480955
1360065030076,175.67395,-20.959684,-0.37981978
1360065030278,171.8764,-24.400686,-1.7127122
1360065030479,167.75433,-26.163963,-3.2932906
1360065030676,164.54315,-25.949148,-3.3385441
1360065030879,161.50409,-21.96336,-3.5220468
1360065031080,163.16663,-20.446932,-3.1349373
1360065031324,166.22833,-21.467743,-1.4335047
1360065031476,171.44238,-22.478916,-0.25259656
1360065031678,174.49286,-21.756144,-0.2426109
1360065031879,172.81769,-19.417347,-0.3401887
1360065032082,168.09814,-18.656115,-2.4707344
1360065032290,158.95557,-19.756485,-5.520253
1360065032477,145.33148,-21.561083,-7.632179
1360065032679,133.96136,-21.717186,-6.4199915
1360065032880,122.01538,-19.699703,-7.0790524
1360065033080,112.98392,-18.227863,-6.8197427
1360065033276,109.33487,-19.979797,-3.6533728
1360065033481,111.13788,-22.287462,-1.7064797
1360065033677,109.33942,-23.83572,-2.291483
1360065033898,101.612305,-23.20636,-1.1483692
1360065034079,92.97351,-21.132635,-1.873632
1360065034278,86.68622,-22.06638,-4.035985
1360065034478,82.31894,-22.997517,-5.2117076
1360065034680,79.0126,-22.650991,-4.769108
1360065034886,76.49451,-20.429903,-4.942261
1360065035080,75.40863,-19.424911,-4.652449
1360065035278,77.50882,-21.899849,-3.3297522
1360065035501,81.649414,-24.380354,-2.553561
1360065035681,82.16464,-24.12263,-2.2359748
1360065035877,78.87015,-22.404902,-2.1843941
1360065036079,72.87756,-21.024693,-3.1247742
1360065036276,67.8042,-21.980843,-4.3618064
1360065036510,62.91977,-23.69852,-5.8066773
1360065036678,59.781586,-23.197353,-4.9511356
1360065036876,59.980103,-20.765648,-5.1865945
1360065037079,61.28003,-19.50915,-5.15696
1360065037280,61.53238,-21.923864,-3.4176128
1360065037489,61.470795,-23.769314,-0.18762563
1360065037678,61.580994,-24.23926,0.7042
1360065037883,57.742615,-23.225342,0.70006657
1360065038127,50.079895,-20.879543,0.30163196
1360065038280,42.20166,-21.80966,-1.0145572
1360065038476,36.480072,-22.343557,-1.9655143
1360065038683,31.659912,-24.386211,-1.5929328
1360065038876,29.983368,-22.51285,-2.740258
1360065039130,31.636383,-20.069681,-2.453231
1360065039277,36.6976,-20.847473,0.5102624
1360065039476,45.461548,-22.384233,1.9890791
1360065039676,52.177765,-21.970175,2.0559447
1360065039880,52.03656,-19.446741,3.3819807
1360065040099,48.22821,-17.57772,2.7755964
1360065040277,43.297485,-19.479925,0.28582454
1360065040476,42.642334,-20.658012,-1.7124933
1360065040677,47.39319,-21.646938,-2.3099558
1360065040880,51.38327,-20.464052,-3.4748886
1360065041082,57.94211,-17.625776,-3.325281
1360065041281,68.48822,-16.526676,-1.9002736
1360065041477,82.476715,-19.14608,-1.7669965
1360065041700,92.522736,-20.723557,-1.9371024
1360065041880,99.352325,-17.296904,0.11705416
1360065042076,103.93335,-14.909942,0.12075954
1360065042277,105.507996,-14.173767,-0.78367937
1360065042479,108.816284,-15.821612,-1.7117404
1360065042680,114.458496,-18.602503,-2.6108236
1360065042876,121.03024,-17.627594,-3.118422
1360065043077,130.41486,-15.413008,-2.5580292
1360065043316,139.47467,-15.5950365,-1.4885067
1360065043478,149.2998,-17.056627,0.3825135
1360065043676,155.21613,-18.384111,-0.6441628
1360065043877,158.15363,-17.086262,0.40032923
1360065044077,157.44739,-14.643469,1.5635562
1360065044277,154.49799,-12.53967,0.77492577
1360065044481,152.21722,-14.901296,-1.4827907
1360065044676,150.69196,-17.603918,-5.280543
1360065044929,152.30359,-16.987398,-4.964721
1360065045076,159.58722,-13.803165,-4.011874
1360065045275,165.87604,-12.896464,-3.3227484
1360065045476,169.6709,-15.726463,-1.9759911
1360065045675,171.73376,-19.073843,-0.4879186
1360065045917,174.276,-17.889078,1.7709793
1360065046078,168.4823,-15.519779,3.7338283
1360065046280,160.75171,-14.297896,2.8815033
1360065046479,155.8612,-16.072245,-0.19831042
1360065046680,153.7013,-16.805954,-3.8700526
1360065046911,153.0523,-18.889158,-5.57597
1360065047075,150.09955,-17.755928,-6.1135635
1360065047278,150.23856,-16.905779,-6.108375
1360065047479,152.82318,-18.086748,-4.6967664
1360065047675,156.62518,-20.82748,-2.3491051
1360065047876,157.6629,-22.78665,-1.7744379
1360065048075,153.06732,-20.605894,-0.6938685
1360065048276,142.28033,-18.632128,-0.0688765
1360065048524,128.815,-17.956104,-0.037008528
1360065048677,117.7984,-18.992517,-2.3491023
1360065048875,110.500946,-19.101828,-5.299048
1360065049075,105.28314,-19.571108,-6.1004086
1360065049282,99.32544,-18.189962,-6.2102222
1360065049509,94.92163,-17.195318,-5.6558948
1360065049877,99.51138,-20.257174,-1.26562
1360065050081,103.18689,-21.53871,-1.1807791
1360065050280,99.10571,-18.510777,1.6193777
1360065050475,93.187256,-16.984447,1.4267563
1360065050677,89.64139,-16.470602,-0.36052626
1360065050875,87.998474,-18.978392,-2.7309017
1360065051077,88.632416,-22.170797,-5.2575665
1360065051277,90.71106,-20.486956,-4.768102
1360065051475,95.17987,-17.258001,-6.20718
1360065051677,100.44217,-15.231866,-6.5480266
1360065051878,104.59589,-15.985219,-5.388465
1360065052075,109.91681,-17.804522,-3.4825985
1360065052277,111.78583,-20.432943,-3.092257
1360065052480,109.23981,-18.708338,-1.2603569
1360065052682,101.81775,-16.708052,0.3776806
1360065052876,94.135376,-16.404749,-0.090318196
1360065053087,89.430756,-16.714111,-2.07897
1360065053309,89.67383,-17.373255,-4.5144944
1360065053476,94.413086,-16.876688,-5.837703
1360065053675,96.45325,-16.367264,-5.5253882
1360065053878,101.95596,-14.589718,-5.3636675
1360065054075,110.13196,-13.997329,-5.35719
1360065054275,119.92798,-15.767094,-4.287131
1360065054475,129.72794,-14.903433,-3.6408486
1360065054675,134.15042,-15.393586,-2.9465017
1360065054885,131.58316,-15.494258,-1.4995248
1360065055076,127.25772,-16.033928,0.6923069
1360065055275,123.11142,-14.789952,-0.040781785
1360065055507,115.779144,-16.013708,-3.997295
1360065055675,106.98917,-17.474289,-6.6441374
1360065055877,100.3515,-19.070175,-6.8225
1360065056076,95.1705,-18.580557,-7.6111684
1360065056275,93.18692,-17.207033,-7.94668
1360065056475,94.5755,-16.365892,-6.1352506
1360065056675,99.8627,-18.74535,-3.77501
1360065056876,104.67282,-20.96869,-2.1845129
1360065057088,105.96951,-20.001486,-1.1534758
1360065057280,100.06067,-18.68093,-0.4071365
1360065057478,90.513,-17.22887,-0.7913624
1360065057728,81.3107,-17.873625,-2.8097773
1360065057876,73.95456,-19.901417,-3.5724027
1360065058078,69.76398,-22.115593,-2.52105
1360065058279,65.947205,-21.141375,-4.734662
1360065058478,63.762695,-17.353266,-4.6341166
1360065058677,62.397095,-18.112844,-2.2603204
1360065058878,64.33923,-19.750555,0.32029998
1360065059077,62.812317,-22.572361,1.2867843
1360065059276,56.44229,-20.738182,2.4188411
1360065059477,47.824463,-19.72478,1.3058621
1360065059675,39.78308,-22.05727,-0.14631093
1360065059875,37.2388,-24.853512,-0.8378482
1360065060075,39.001343,-24.653708,0.3086398
1360065060278,40.188538,-22.25401,-0.28270608
1360065060476,45.84192,-19.448885,-0.37177408
1360065060676,52.263275,-20.126938,0.58908606
1360065060878,58.66458,-20.800783,1.6594172
1360065061278,57.253143,-19.84542,3.3277774
1360065061478,50.2977,-17.534,2.4791417
1360065061679,43.045135,-19.133657,-0.23878326
1360065061879,39.709717,-20.421762,-1.3559994
1360065062078,37.656677,-21.888803,0.4708243
1360065062278,37.053528,-21.546804,-0.22852765
1360065062477,40.166626,-20.546415,-1.6426038
1360065062676,43.785828,-22.96545,-1.7309123
1360065062942,49.73227,-25.898,0.4800151
1360065063075,55.236816,-25.272408,-1.8789232
1360065063278,57.703064,-22.3172,-1.1796416
1360065063479,52.650513,-19.478361,-1.2231624
1360065063676,45.29187,-19.944237,-3.0716543
1360065063887,39.02112,-22.69491,-3.7039068
1360065064075,37.499146,-23.783659,-3.2717922
1360065064282,38.743805,-22.565767,-3.3301122
1360065064527,43.585266,-21.127901,-3.2718365
1360065064679,51.60733,-19.479578,-2.907744
1360065064877,59.55597,-21.46667,-1.6430582
1360065065078,68.89929,-22.585548,-0.9512329
1360065065275,76.79141,-21.874088,0.0030539485
1360065065479,81.22858,-19.680807,0.64800584
1360065065679,80.868225,-17.191837,-0.66577494
1360065065880,76.75424,-18.782217,-3.1761572
1360065066081,77.86273,-20.218899,-3.6985633
1360065066277,81.072174,-21.581835,-4.2479305
1360065066514,85.5697,-20.927008,-4.8704925
1360065066676,90.93671,-18.749893,-4.076189
1360065066878,98.18503,-18.520885,-1.7839853
1360065067077,106.788635,-18.420284,0.44855678
1360065067278,113.122955,-19.458033,0.62490463
1360065067477,115.158875,-18.371014,0.87999684
1360065067680,111.012146,-14.46485,-1.0668223
1360065067875,101.26538,-17.131363,-2.942812
1360065068121,98.14807,-19.6685,-3.1903317
1360065068276,97.309814,-20.912205,-2.5943348
1360065068480,96.89035,-19.836775,-4.4827194
1360065068678,98.61023,-17.46668,-3.5230665
1360065068876,102.013916,-18.884045,-1.1971204
1360065069078,105.88974,-19.598846,0.7910652
1360065069281,107.186646,-20.70101,0.30463642
1360065069475,104.124084,-19.666039,0.028603125
1360065069699,97.64526,-18.790367,-1.5435892
1360065069876,90.04724,-21.065598,-4.419574
1360065070077,87.859314,-21.656576,-6.7136354
1360065070276,87.092865,-19.700064,-5.645209
1360065070479,88.96112,-18.483995,-6.9641833
1360065070682,92.85956,-16.963217,-8.31169
1360065070879,99.11676,-17.922194,-5.130859
1360065071076,108.23074,-19.677149,-1.6184517
1360065071288,116.09235,-22.18839,-0.300166
1360065071482,117.63934,-21.986753,0.5368915
1360065071678,112.004974,-20.489656,0.37537196
1360065071879,102.272705,-19.655544,-2.122762
1360065072076,95.785065,-20.305792,-3.7974694
1360065072279,91.66196,-20.674051,-5.737708
1360065072478,87.95532,-22.414974,-6.0465603
1360065072675,91.036316,-21.693562,-5.8859515
1360065072934,99.36606,-20.49421,-5.475548
1360065073079,113.36734,-20.682081,-3.787426
1360065073275,125.82892,-19.455141,-2.027918
1360065073475,142.34943,-19.449556,0.035694145
1360065073676,157.02917,-17.247051,1.891331
1360065073876,162.65479,-14.901413,0.58951133
1360065074077,158.23804,-16.617397,-3.318288
1360065074276,154.38568,-18.22205,-4.3110447
1360065074478,157.59119,-20.613459,-3.8964224
1360065074681,164.21564,-18.940649,-4.071035
1360065075079,179.01715,-18.40305,-2.0847425
1360065075276,182.52303,-20.820364,0.41330352
1360065075479,185.68687,-20.529665,1.9544007
1360065075675,184.10562,-19.072712,2.6968539
1360065075905,179.53802,-17.35042,1.9897727
1360065076078,173.66711,-18.72807,-2.2052093
1360065076275,170.93481,-21.43349,-2.8868341
1360065076475,166.32013,-19.958845,-2.2680755
1360065076683,164.52399,-14.400686,-7.406873
1360065076875,165.14917,-11.721056,-7.4721866
1360065077077,167.80884,-11.575657,-4.9528418
1360065077275,171.60278,-13.256299,-3.342671
1360065077477,176.86377,-15.9535,-1.6433798
1360065077679,182.05424,-17.876442,-1.5187211
1360065077901,184.7982,-17.81786,-1.2211809
1360065078077,181.9918,-17.517918,-2.220901
1360065078277,175.49109,-18.936157,-4.6768317
1360065078478,172.21265,-19.016607,-4.5105143
1360065078677,170.54321,-20.36309,-4.5292544
1360065078880,172.85437,-20.203686,-5.281486
1360065079075,178.53723,-18.114292,-4.8132544
1360065079275,184.43495,-19.122824,-2.8799016
1360065079478,190.308,-20.885777,-0.20758325
1360065079675,192.20268,-22.593943,-0.3849643
1360065079877,190.06555,-20.647615,0.18467456
1360065080079,183.98888,-18.747923,-0.6923888
1360065080275,176.28052,-19.101057,-3.2185585
1360065080478,172.34369,-18.877495,-4.032216
1360065080678,169.01611,-19.312834,-3.6869144
1360065080885,168.36737,-19.351114,-4.7683973
1360065081076,171.88647,-17.56473,-4.7330065
1360065081277,179.14716,-17.55863,-2.1479619
1360065081502,185.6539,-19.93728,1.5490819
1360065081676,190.38687,-22.195877,1.4781733
1360065081879,189.07878,-20.890184,2.1769216
1360065082078,182.8851,-19.772379,1.355417
1360065082275,177.06213,-19.048918,0.21044886
1360065082504,173.8988,-17.793991,-0.8440259
1360065082681,170.96472,-16.067852,-1.7557753
1360065082875,168.71484,-19.837189,-1.8874918
1360065083081,173.30542,-18.455101,-2.5131962
1360065083275,178.84863,-16.630194,-2.0126913
1360065083478,184.6771,-18.919264,-0.18035467
1360065083681,189.5148,-20.587976,1.7052324
1360065083880,193.0321,-19.996552,1.4114321
1360065084132,189.30368,-17.412685,0.9805142
1360065084275,180.92128,-14.547991,-0.5608732
1360065084475,174.69562,-16.417793,-1.66116
1360065084677,172.83832,-19.854952,-2.738525
1360065084875,171.49011,-21.084948,-1.9145036
1360065085100,172.6936,-18.337889,-2.2655945
1360065085276,178.67474,-15.771761,-1.9675316
1360065085478,185.42929,-18.527369,-1.185107
1360065085680,189.57935,-21.239368,-1.7065201
1360065085882,191.81227,-19.43317,-1.4689807
1360065086078,186.7395,-17.642027,0.686921
1360065086483,174.09766,-19.967543,-1.582448
1360065086879,170.94183,-21.296867,-1.9894404
1360065087077,172.00159,-21.410421,-1.6601951
1360065087280,175.08203,-19.50305,-2.0712466
1360065087477,179.71265,-20.988077,-0.93720865
1360065087675,184.28375,-21.408762,1.7169309
1360065087877,186.08434,-22.900063,1.2319591
1360065088075,184.75778,-21.596504,1.7563127
1360065088278,179.17871,-19.233965,0.9572433
1360065088479,172.49493,-20.31969,-1.6527544
1360065088684,169.393,-21.812626,-2.745014
1360065088875,169.31342,-22.760487,-3.3057697
1360065089077,170.91602,-22.26094,-4.7917013
1360065089309,175.55975,-19.485962,-5.8520555
1360065089476,180.47618,-19.218555,-4.846845
1360065089674,186.35329,-20.220154,-1.8909196
1360065089875,191.27757,-23.169006,-1.3812875
1360065090079,193.81302,-20.920334,-1.0493078
1360065090277,187.35718,-18.122982,-0.23993222
1360065090479,175.60205,-18.352388,-1.9998839
1360065090681,164.66425,-21.605843,-2.2529345
1360065090940,161.82037,-24.628038,-3.4410942
1360065091080,162.46301,-24.86429,-4.0899
1360065091275,169.66986,-19.35018,-4.239406
1360065091480,177.57056,-18.212532,-3.1060822
1360065091678,182.41188,-20.437155,-0.9559229
1360065091909,185.76405,-21.963516,-0.13225244
1360065092079,188.1007,-20.765732,1.5334411
1360065092277,182.4062,-17.588928,1.8028015
1360065092479,172.0896,-18.105398,-1.4099932
1360065092678,164.22833,-23.523594,-1.3934064
1360065092894,160.22437,-27.885487,-3.9547126
1360065093075,163.28381,-26.290033,-5.474625
1360065093275,170.16089,-24.290598,-5.469792
1360065093474,176.48889,-24.605621,-5.9800096
1360065093678,178.80823,-23.827473,-6.217052
1360065093879,177.82904,-23.050606,-6.3302817
1360065094077,175.98889,-23.39893,-4.6022277
1360065094275,174.29333,-22.414291,-4.271352
1360065094474,173.94861,-22.37578,-4.3305554
1360065094676,173.7915,-22.742027,-4.4550233
1360065094876,173.81696,-21.987623,-5.440343
1360065095080,173.16467,-21.43995,-5.4482555
1360065095274,173.2984,-20.993073,-5.262979
1360065095475,173.8269,-20.608116,-5.3088045
1360065095675,174.1164,-20.413,-5.4216824
1360065095875,173.77539,-20.636303,-5.5235314
1360065096104,173.698,-20.62109,-5.559385
1360065096279,173.73505,-20.455828,-5.836843
1360065096474,173.39221,-20.491781,-5.797458
1360065096676,172.98755,-20.798748,-5.5852203
1360065096875,172.76337,-20.780293,-5.44258
1360065097077,172.48065,-20.92829,-5.20642
1360065097286,172.0802,-20.959757,-4.94781
1360065097476,171.71582,-21.009043,-5.0063467
1360065097684,171.56018,-20.81117,-5.0002236
1360065097877,171.44165,-20.981272,-5.7483444
1360065098078,171.34845,-20.90948,-5.809105
1360065098280,171.20264,-20.985998,-5.957878
1360065098477,171.44073,-20.972534,-5.985818
1360065098677,171.54163,-20.860727,-6.038097
1360065098876,171.60974,-20.838118,-6.118668
1360065099077,171.6283,-20.846365,-6.1807404
1360065099277,171.62305,-20.804983,-6.2799873
1360065099477,171.66711,-20.719358,-6.217867
1360065099680,171.4762,-20.737448,-6.1597238
1360065099881,171.30469,-20.856174,-6.0092897
