1359001342206	1359001342206	190.73819	-22.864765	-1.8580328	3
1359001342266	1359001342266	190.60594	-21.63696	-1.2259315	3
1359001342316	1359001342316	189.51494	-20.915707	0.065407924	3
1359001342366	1359001342366	185.98167	-19.321205	2.8086722	3
1359001342426	1359001342426	173.54385	-12.505144	10.200078	3
1359001342476	1359001342476	164.36581	-8.3981695	13.745166	3
1359001342526	1359001342526	156.84492	-5.4740815	15.504526	3
1359001342586	1359001342586	149.57289	-3.5728166	16.12031	3
1359001342646	1359001342646	143.52115	-3.1952398	15.905531	3
1359001342706	1359001342706	138.36163	-3.4167342	15.346971	3
1359001342756	1359001342756	134.4761	-4.3592362	14.756564	3
1359001342816	1359001342816	130.41507	-5.85228	13.956441	3
1359001342876	1359001342876	126.72708	-7.6734385	12.596182	3
1359001342937	1359001342937	123.341354	-9.917295	10.703703	3
1359001342987	1359001342987	120.51895	-12.124474	9.230062	3
1359001343046	1359001343046	116.91677	-15.127542	7.182605	3
1359001343096	1359001343096	113.508415	-17.603172	5.494762	3
1359001343156	1359001343156	109.115295	-21.132841	3.4187174	3
1359001343207	1359001343207	105.78332	-23.989986	2.2081163	3
1359001343266	1359001343266	102.09712	-27.033447	0.630936	3
1359001343316	1359001343316	101.96615	-25.046776	0.17263073	3
1359001343376	1359001343376	100.47916	-23.458187	-0.8944171	3
1359001343436	1359001343436	99.083755	-21.902855	-0.9097494	3
1359001343486	1359001343546	98.203735	-21.063643	-0.26819688	3
1359001343606	1359001343606	93.705	-22.687702	1.1992295	3
1359001343656	1359001343776	92.31189	-23.918247	1.4372267	3
1359001343826	1359001343826	89.744255	-24.41443	3.417635	3
1359001343876	1359001343876	89.57428	-23.739206	5.1520844	3
1359001343936	1359001343936	90.36453	-23.204111	7.367888	3
1359001343986	1359001343986	92.074486	-22.070229	8.7735815	3
1359001344046	1359001344046	95.233925	-22.737106	8.976967	3
1359001344106	1359001344106	99.271484	-20.117212	7.5822787	3
1359001344156	1359001344156	100.83406	-19.49628	6.1072264	3
1359001344216	1359001344216	100.297615	-22.15411	4.489399	3
1359001344276	1359001344276	100.566956	-25.679295	2.701239	3
1359001344336	1359001344396	100.641304	-27.630005	1.6229811	3
1359001344456	1359001344456	95.91545	-28.968266	-0.69393164	3
1359001344506	1359001344506	93.53444	-28.574135	-2.3480067	3
1359001344566	1359001344566	90.553925	-31.038528	-3.3756423	3
1359001344616	1359001344616	89.30762	-32.429703	-1.7323419	3
1359001344676	1359001344676	90.673904	-27.80988	0.050650984	3
1359001344726	1359001344786	90.62193	-23.422323	-0.9289207	3
1359001344836	1359001344836	85.23349	-26.907845	0.68646836	3
1359001344896	1359001344946	84.20946	-28.540533	1.0230519	3
1359001345006	1359001345006	87.0448	-26.415895	-0.25353405	3
1359001345067	1359001345067	89.30216	-23.61154	-0.8683211	3
1359001345127	1359001345127	91.51726	-21.373045	-0.7734033	3
1359001345186	1359001345246	92.49793	-22.630966	-0.79523635	3
1359001345307	1359001345307	93.13549	-24.63586	-1.0343978	3
1359001345366	1359001345366	92.4408	-27.17747	-1.6647085	3
1359001345416	1359001345416	91.762825	-29.270916	-2.2998676	3
1359001345477	1359001345535	91.3684	-30.589418	-2.4141877	3
1359001345586	1359001345586	89.615746	-28.734331	-2.6079023	3
1359001345636	1359001345695	89.55094	-30.38368	-2.4445617	3
1359001345746	1359001345746	90.91402	-27.022669	-2.6137059	3
1359001345796	1359001345796	91.132545	-26.109095	-1.7291734	3
1359001345846	1359001345846	89.1845	-27.352932	-0.7080217	3
1359001345906	1359001345906	87.48007	-30.831726	-0.044831656	3
1359001345956	1359001346016	85.66967	-32.687725	-1.4260123	3
1359001346067	1359001346067	86.478584	-31.791033	-2.2451103	3
1359001346126	1359001346126	87.52138	-30.36556	-1.6415145	3
1359001346186	1359001346186	89.52969	-30.795452	-0.7629247	3
1359001346246	1359001346246	92.909935	-29.9207	-0.79036677	3
1359001346296	1359001346346	94.925224	-26.08561	-1.0345796	3
1359001346396	1359001346396	94.96329	-28.558352	-0.68193716	3
1359001346456	1359001346456	95.35334	-30.610546	-1.3002988	3
1359001346516	1359001346676	95.40517	-32.254898	-1.3745009	3
1359001346726	1359001346726	93.8645	-34.4387	-2.2299657	3
1359001346786	1359001346786	95.06467	-30.772972	-3.0311239	3
1359001346846	1359001346846	94.70959	-29.743923	-2.5159638	3
1359001346906	1359001346906	92.71994	-30.830223	-1.29987	3
1359001346966	1359001346966	91.62544	-33.96172	-0.9990256	3
1359001347016	1359001347076	91.05635	-35.208393	-1.3128396	3
1359001347126	1359001347186	92.849434	-33.444405	-0.75064903	3
1359001347236	1359001347236	95.974815	-33.6625	0.6505092	3
1359001347296	1359001347296	97.54665	-32.061954	0.75339824	3
1359001347346	1359001347396	98.730865	-29.149948	0.5289416	3
1359001347446	1359001347446	98.46276	-30.379068	-0.80232584	3
1359001347506	1359001347506	97.669205	-32.823986	-2.222139	3
1359001347556	1359001347606	96.74363	-34.723995	-2.6003907	3
1359001347666	1359001347716	95.47035	-33.92466	-3.6222677	3
1359001347769	1359001347769	93.98772	-35.57277	-4.112051	3
1359001347826	1359001347826	94.83115	-32.193535	-4.612918	3
1359001347886	1359001347886	94.81906	-28.034502	-5.132986	3
1359001347936	1359001347936	92.8664	-28.212982	-3.9197927	3
1359001347986	1359001347986	91.05251	-29.243904	-2.693651	3
1359001348036	1359001348216	90.199455	-30.806843	-2.390214	3
1359001348266	1359001348266	91.582085	-29.553223	-1.1357853	3
1359001348316	1359001348316	93.43545	-30.981848	-0.68200713	3
1359001348376	1359001348376	96.24576	-27.768156	-1.2606633	3
1359001348426	1359001348486	97.17865	-24.93065	-1.703264	3
1359001348546	1359001348546	95.534485	-28.200941	-3.3341627	3
1359001348606	1359001348606	95.197464	-29.89898	-3.3663204	3
1359001348656	1359001348766	94.497345	-31.35193	-2.8490663	3
1359001348826	1359001348826	90.45154	-32.213	-2.7261212	3
1359001348886	1359001348886	91.06532	-31.366806	-2.7475605	3
1359001348946	1359001348946	91.9961	-27.153048	-2.3689039	3
1359001349006	1359001349056	90.57216	-25.691427	-1.4458132	3
1359001349116	1359001349116	86.2222	-29.201677	-0.04343232	3
1359001349166	1359001349216	85.58336	-30.548552	0.05510768	3
1359001349266	1359001349266	86.92127	-28.794422	0.3475401	3
1359001349326	1359001349326	87.25421	-28.447039	1.2506667	3
1359001349386	1359001349386	87.97944	-30.55319	1.7991515	3
1359001349436	1359001349436	89.93888	-29.53532	1.5244594	3
1359001349497	1359001349556	91.79895	-24.819208	0.789594	3
1359001349616	1359001349616	90.60293	-27.189333	-0.29735786	3
1359001349676	1359001349676	89.9956	-29.5435	-0.5815219	3
1359001349727	1359001349846	89.093735	-31.275057	-0.44877025	3
1359001349906	1359001349906	85.65444	-32.67421	-1.1246575	3
1359001349956	1359001349956	85.648	-33.282856	-2.245325	3
1359001350016	1359001350016	87.25109	-27.640026	-3.4893491	3
1359001350076	1359001350126	88.113144	-24.583092	-3.252366	3
1359001350176	1359001350176	82.70608	-26.932455	-1.8135756	3
1359001350236	1359001350296	81.30305	-28.825777	-1.573297	3
1359001350347	1359001350347	82.62088	-26.931684	-1.7992965	3
1359001350406	1359001350406	83.11057	-24.874748	-0.90457237	3
1359001350456	1359001350456	84.34841	-25.93217	0.09504641	3
1359001350506	1359001350506	86.52175	-28.230742	0.28043163	3
1359001350566	1359001350566	90.145454	-25.835476	0.2866753	3
1359001350616	1359001350616	91.81882	-23.754011	0.33802542	3
1359001350676	1359001350676	92.555145	-26.345377	0.2363781	3
1359001350726	1359001350726	93.25861	-29.022804	-0.694351	3
1359001350786	1359001350786	93.84241	-31.09345	-1.3950094	3
1359001350846	1359001350896	94.12975	-32.340786	-1.8142372	3
1359001350956	1359001350956	93.77623	-32.874588	-2.7768562	3
1359001351006	1359001351006	93.702774	-35.83531	-3.183825	3
1359001351066	1359001351066	94.91096	-33.70067	-2.990593	3
1359001351126	1359001351126	96.515526	-30.670876	-2.608955	3
1359001351186	1359001351186	94.75139	-30.210602	-1.7934273	3
1359001351236	1359001351236	93.222755	-32.592247	-1.0573697	3
1359001351286	1359001351346	92.444565	-34.728935	-1.0451125	3
1359001351396	1359001351396	94.08914	-32.91567	-1.1341674	3
1359001351446	1359001351496	94.39413	-31.215048	-0.5445963	3
1359001351546	1359001351546	97.49248	-33.46021	0.47715572	3
1359001351606	1359001351606	100.18335	-30.735233	-0.19718796	3
1359001351656	1359001351716	101.122955	-27.515379	-0.5977207	3
1359001351776	1359001351826	100.20104	-30.082123	-1.8505659	3
1359001351876	1359001351986	99.299805	-31.74214	-1.8583608	3
1359001352036	1359001352036	95.48265	-34.681236	-2.4002175	3
1359001352096	1359001352096	94.880936	-35.69714	-1.8708545	3
1359001352146	1359001352146	96.61957	-30.360708	-1.6636925	3
1359001352206	1359001352256	97.35012	-28.164644	-1.9156919	3
1359001352316	1359001352436	93.68485	-31.6815	-1.0872488	3
1359001352486	1359001352486	95.000114	-29.99799	-1.0463997	3
1359001352546	1359001352546	96.13219	-29.33774	-0.15602733	3
1359001352596	1359001352596	98.33709	-32.20703	0.548213	3
1359001352646	1359001352646	99.87279	-34.319496	0.3956811	3
1359001352706	1359001352760	100.370575	-29.647463	-0.2258869	3
1359001352806	1359001352806	99.27573	-30.905968	-0.35947174	3
1359001352866	1359001352866	98.70271	-33.433067	-1.5224968	3
1359001352916	1359001352916	98.38177	-34.664272	-1.8822366	3
1359001352976	1359001352976	97.49112	-35.51448	-1.3945225	3
1359001353026	1359001353086	97.259186	-34.465923	-0.66452396	3
1359001353146	1359001353146	95.628	-37.625137	-1.7322836	3
1359001353206	1359001353206	96.7222	-34.412342	-2.1871169	3
1359001353256	1359001353256	96.92707	-31.985153	-2.7770214	3
1359001353316	1359001353316	93.7288	-32.691975	-2.622369	3
1359001353366	1359001353366	91.78227	-35.053684	-1.4013273	3
1359001353426	1359001353476	89.86182	-38.24907	-1.3214582	3
1359001353536	1359001353536	89.95746	-36.80654	-0.8315823	3
1359001353586	1359001353586	90.56479	-35.511482	-1.1161406	3
1359001353646	1359001353646	91.51166	-34.31038	-0.8364684	3
1359001353706	1359001353706	93.17023	-34.752304	0.18366241	3
1359001353756	1359001353816	95.05096	-31.81424	0.3800857	3
1359001353876	1359001353876	94.78305	-32.923298	0.2784286	3
1359001353926	1359001353926	94.22689	-35.17685	-0.8696752	3
1359001353976	1359001353976	93.62199	-37.149994	-1.5610398	3
1359001354036	1359001354036	92.85677	-38.40009	-1.9411284	3
1359001354096	1359001354096	92.23073	-37.271572	-1.9629946	3
1359001354146	1359001354146	91.502846	-35.974503	-1.8876828	3
1359001354206	1359001354206	90.71129	-37.145954	-2.121031	3
1359001354266	1359001354266	91.4032	-37.26065	-1.311586	3
1359001354316	1359001354316	92.68342	-32.835274	-1.8487406	3
1359001354376	1359001354428	92.57166	-30.31837	-2.412954	3
1359001354476	1359001354476	89.828064	-31.728079	-0.83515847	3
1359001354536	1359001354536	89.08826	-32.605755	-0.5762198	3
1359001354596	1359001354596	89.3775	-32.519016	0.3401318	3
1359001354646	1359001354646	89.25567	-31.511707	0.851855	3
1359001354706	1359001354816	89.19452	-29.484068	2.285253	3
1359001354876	1359001354876	93.86055	-28.179502	1.8466351	3
1359001354926	1359001354926	94.149635	-27.304497	1.3664438	3
1359001354986	1359001354986	93.904335	-28.129656	1.2985096	3
1359001355036	1359001355036	93.771164	-29.827106	0.6062051	3
1359001355086	1359001355086	93.22014	-31.421854	0.26259607	3
1359001355146	1359001355206	92.199165	-33.468475	-0.098686025	3
1359001355266	1359001355266	89.40704	-32.19715	-0.4081943	3
1359001355326	1359001355326	88.22985	-34.359783	-0.9603098	3
1359001355376	1359001355376	87.94675	-31.583921	-0.71938634	3
1359001355436	1359001355436	88.324974	-27.855343	-1.5934274	3
1359001355496	1359001355496	86.4123	-27.368383	-2.515335	3
1359001355556	1359001355556	83.73778	-30.24679	-1.4342238	3
1359001355616	1359001355736	81.895966	-32.179398	-1.3351289	3
1359001355796	1359001355796	84.435295	-30.485037	-0.8441471	3
1359001355856	1359001355856	87.34147	-31.249016	2.0365684	3
1359001355906	1359001355906	90.950806	-33.119846	4.3341756	3
1359001355966	1359001355966	92.985695	-29.6354	2.4148908	3
1359001356016	1359001356016	92.94724	-30.41232	1.3073004	3
1359001356066	1359001356066	92.23801	-32.354027	0.14823063	3
1359001356126	1359001356186	92.42229	-34.517776	-0.84741485	3
1359001356236	1359001356236	94.6963	-33.223164	-0.65558445	3
1359001356296	1359001356296	95.631096	-30.266157	0.55959946	3
1359001356346	1359001356346	94.64211	-28.748007	-0.6829523	3
1359001356396	1359001356396	93.56812	-31.16259	-1.6998162	3
1359001356456	1359001356456	93.19156	-29.34321	-1.5559461	3
1359001356516	1359001356516	94.21943	-24.727125	-2.0976143	3
1359001356576	1359001356576	92.7676	-23.81862	-1.9596748	3
1359001356626	1359001356626	90.62221	-25.188402	-1.6525849	3
1359001356677	1359001356677	89.114784	-28.429874	-1.5466819	3
1359001356727	1359001356786	88.05018	-29.967646	-1.9033875	3
1359001356846	1359001356846	89.07955	-28.617561	-1.8076077	3
1359001356906	1359001356966	90.96288	-27.302834	-0.80545104	3
1359001357016	1359001357076	95.04076	-24.889708	-0.95773786	3
1359001357126	1359001357126	95.281105	-26.14054	-2.13073	3
1359001357176	1359001357176	94.91727	-27.747452	-3.197036	3
1359001357226	1359001357226	94.49117	-29.160528	-3.4280543	3
1359001357286	1359001357346	93.7053	-30.29744	-3.2766693	3
1359001357396	1359001357396	92.60884	-28.39891	-3.3110423	3
1359001357456	1359001357456	91.88666	-30.375134	-3.4722965	3
1359001357506	1359001357506	92.11381	-29.032795	-3.38224	3
1359001357566	1359001357616	93.067696	-25.326712	-3.2718244	3
1359001357676	1359001357676	88.05468	-29.166029	-2.2918417	3
1359001357736	1359001357786	86.27004	-32.31287	-1.2165514	3
1359001357847	1359001357847	87.16431	-31.400702	-0.3356049	3
1359001357906	1359001357906	88.0826	-29.003647	0.39452255	3
1359001357966	1359001357966	89.15542	-28.648916	1.7341946	3
1359001358016	1359001358016	90.7543	-29.854479	2.4613435	3
1359001358076	1359001358076	93.57109	-27.1566	1.9662592	3
1359001358136	1359001358186	94.77736	-25.205147	1.6183674	3
1359001358246	1359001358246	93.74408	-29.12908	0.052989468	3
1359001358296	1359001358356	93.70705	-30.354177	-0.74366367	3
1359001358406	1359001358456	93.1844	-29.34926	-1.2549186	3
1359001358516	1359001358516	92.45499	-31.471998	-2.4793437	3
1359001358566	1359001358566	92.11831	-33.690964	-2.7596538	3
1359001358626	1359001358626	92.32491	-29.525795	-2.8044887	3
1359001358676	1359001358676	91.562935	-28.351416	-2.8036995	3
1359001358736	1359001358736	88.716805	-29.85871	-2.0267434	3
1359001358786	1359001358786	87.23152	-31.835129	-0.8939596	3
1359001358846	1359001358846	86.47879	-33.571503	-0.03068633	3
1359001358906	1359001358906	87.48714	-33.36928	0.9403782	3
1359001358966	1359001358966	89.05636	-31.79463	1.3769928	3
1359001359026	1359001359026	90.2153	-31.470995	2.2797725	3
1359001359086	1359001359146	92.04963	-32.33211	3.2597194	3
1359001359206	1359001359206	97.013054	-28.618912	3.7109313	3
1359001359256	1359001359256	97.41175	-29.467865	3.6394267	3
1359001359306	1359001359306	97.48226	-31.02266	2.437806	3
1359001359366	1359001359366	97.29994	-33.307205	1.276183	3
1359001359416	1359001359526	96.46151	-34.35262	0.79059565	3
1359001359591	1359001359591	91.96031	-34.108723	-0.275326	3
1359001359636	1359001359636	90.91146	-36.144653	-0.5223852	3
1359001359696	1359001359696	91.039154	-32.303383	-0.5486143	3
1359001359756	1359001359756	91.159515	-26.501263	-0.80160683	3
1359001359816	1359001359816	88.50965	-27.552013	0.24204552	3
1359001359866	1359001359866	86.117584	-29.01708	0.9673159	3
1359001359926	1359001359976	85.77168	-30.399506	1.8515289	3
1359001360036	1359001360036	87.19068	-29.33155	2.3198457	3
1359001360096	1359001360096	87.65515	-27.779919	3.0885694	3
1359001360156	1359001360156	88.53675	-27.651068	4.391703	3
1359001360206	1359001360256	89.64071	-29.453314	5.083828	3
1359001360306	1359001360366	93.29717	-26.740194	4.6505833	3
1359001360426	1359001360426	93.832245	-28.74245	4.18399	3
1359001360476	1359001360476	94.06246	-29.952578	3.0560834	3
1359001360536	1359001360587	93.87227	-31.449532	2.6254256	3
1359001360646	1359001360646	91.49861	-31.601768	1.7845635	3
1359001360706	1359001360706	89.63965	-32.756603	1.1292366	3
1359001360757	1359001360757	88.46409	-35.329063	0.61003107	3
1359001360816	1359001360816	89.03284	-31.923052	0.5580131	3
1359001360866	1359001360866	88.7872	-29.90104	0.2531857	3
1359001360916	1359001360916	86.50364	-30.906889	1.121931	3
1359001360966	1359001360966	84.21564	-32.185757	2.0099509	3
1359001361026	1359001361086	83.12443	-34.345955	2.6589854	3
1359001361136	1359001361136	83.76002	-32.121693	2.333936	3
1359001361196	1359001361196	83.96274	-29.890255	3.404748	3
1359001361246	1359001361320	84.913376	-28.466906	4.6543546	3
1359001361356	1359001361356	88.931076	-28.581879	5.2277346	3
1359001361416	1359001361416	91.30852	-25.476225	4.739252	3
1359001361476	1359001361476	91.85755	-24.362753	4.6194005	3
1359001361526	1359001361526	91.79266	-25.876646	3.9550974	3
1359001361586	1359001361586	91.39384	-28.232111	2.7429097	3
1359001361636	1359001361636	91.09084	-30.200323	2.1848001	3
1359001361696	1359001361756	91.34233	-31.409292	1.5752838	3
1359001361816	1359001361816	90.32866	-32.24768	0.46863812	3
1359001361876	1359001361876	90.753204	-34.329346	-0.39139	3
1359001361926	1359001361926	91.81624	-31.921713	-0.430434	3
1359001361976	1359001362026	92.85897	-29.165749	0.20282714	3
1359001362086	1359001362086	90.5588	-30.042133	1.8972702	3
1359001362136	1359001362136	89.4718	-32.40549	2.5629413	3
1359001362186	1359001362246	89.15732	-33.435116	2.6451397	3
1359001362306	1359001362306	90.2542	-31.8673	3.6117907	3
1359001362366	1359001362366	91.345955	-30.97263	4.948794	3
1359001362426	1359001362476	93.2309	-28.961496	4.7123494	3
1359001362536	1359001362536	99.60435	-26.684841	3.1238143	3
1359001362586	1359001362586	102.55115	-24.928225	2.9337454	3
1359001362647	1359001362647	104.01349	-25.628725	1.9420257	3
1359001362696	1359001362696	104.59218	-27.718006	0.72426355	3
1359001362746	1359001362746	104.643036	-29.674925	-0.38561147	3
1359001362806	1359001362806	104.22055	-31.25047	-1.4907297	3
1359001362866	1359001362866	102.687706	-33.45902	-2.37719	3
1359001362926	1359001362926	100.94931	-36.351612	-3.5700064	3
1359001362976	1359001362976	99.89335	-37.57533	-4.678339	3
1359001363026	1359001363026	99.41603	-38.707855	-5.673342	3
1359001363080	1359001363080	99.93609	-37.967594	-6.7452226	3
1359001363136	1359001363136	102.90373	-34.960434	-6.3445296	3
1359001363186	1359001363186	105.679955	-31.085318	-5.958006	3
1359001363246	1359001363296	107.11065	-30.141258	-6.3948374	3
1359001363356	1359001363356	107.16539	-29.876286	-7.244082	3
1359001363416	1359001363416	110.120995	-28.395044	-6.4587193	3
1359001363467	1359001363467	113.26042	-26.825125	-5.245843	3
1359001363529	1359001363529	116.93513	-26.222576	-3.5621753	3
1359001363576	1359001363576	120.00364	-25.470467	-2.7466488	3
1359001363626	1359001363626	123.46908	-23.384314	-1.5641667	3
1359001363676	1359001363676	127.8993	-22.347038	-0.26723382	3
1359001363726	1359001363726	132.56888	-20.929745	0.06363603	3
1359001363776	1359001363776	137.18463	-19.862404	0.9622233	3
1359001363836	1359001363836	142.51544	-19.481434	1.5856991	3
1359001363896	1359001363896	147.86127	-19.18694	1.9243094	3
1359001363956	1359001363956	154.12274	-20.104685	3.2656865	3
1359001364016	1359001364016	160.78375	-19.327734	4.578901	3
1359001364066	1359001364066	166.23676	-19.560526	5.192665	3
1359001364116	1359001364116	171.22177	-20.748894	5.085806	3
1359001364176	1359001364176	177.46486	-22.445206	5.031217	3
1359001364226	1359001364226	182.08928	-22.640905	5.0589156	3
1359001364286	1359001364286	186.21425	-23.60929	4.5115786	3
1359001364336	1359001364336	188.98982	-24.665564	3.6910622	3
1359001364386	1359001364386	191.40292	-25.193317	2.8069816	3
1359001364446	1359001364446	193.26047	-25.80574	1.5018878	3
1359001364506	1359001364506	194.0043	-26.681854	-0.09327331	3
1359001364556	1359001364556	194.50052	-27.881952	-1.173557	3
1359001364606	1359001364606	194.43927	-28.568521	-2.1929047	3
1359001364666	1359001364666	192.92299	-29.43002	-3.4688756	3
1359001364726	1359001364786	191.69655	-27.154104	-4.219483	3
1359001364846	1359001364846	188.20796	-25.911848	-4.38169	3
1359001364896	1359001364896	187.10197	-25.18661	-3.4615676	3
1359001364946	1359001364946	186.51358	-23.61345	-2.3771744	3
1359001365006	1359001365066	184.73901	-23.969711	-1.354921	3
1359001365127	1359001365176	183.12352	-24.099566	-0.33755094	3
1359001365236	1359001365236	182.25014	-23.998665	0.84955424	3
1359001365287	1359001365287	182.16284	-23.050854	1.8384058	3
1359001365346	1359001365346	182.79106	-21.367958	4.01617	3
1359001365396	1359001365396	183.74318	-20.334152	5.4773374	3
1359001365456	1359001365456	186.10567	-22.251383	6.632687	3
1359001365506	1359001365566	188.22836	-21.43273	6.474288	3
1359001365626	1359001365626	189.85536	-21.434181	4.3189263	3
1359001365686	1359001365736	191.31354	-21.57475	2.6223974	3
1359001365796	1359001365846	191.65494	-20.931963	1.8222687	3
1359001365906	1359001365906	190.36093	-19.451149	0.47501916	3
1359001365966	1359001365966	187.81866	-21.001204	-1.2367996	3
1359001366016	1359001366016	186.00804	-20.092913	-0.7312087	3
1359001366067	1359001366116	185.05026	-17.24305	-0.03180243	3
1359001366177	1359001366177	180.68295	-19.255898	0.46282262	3
1359001366236	1359001366236	180.04149	-21.699106	2.2743602	3
1359001366296	1359001366296	180.57422	-22.52207	2.9344723	3
1359001366356	1359001366406	181.96252	-22.252882	4.1062827	3
1359001366466	1359001366466	182.37517	-22.658968	5.040265	3
1359001366516	1359001366576	183.23486	-23.871338	5.235116	3
1359001366636	1359001366686	186.33301	-22.831303	4.3888702	3
1359001366736	1359001366736	187.9162	-23.88114	3.33944	3
1359001366796	1359001366796	189.20367	-25.55769	1.8302485	3
1359001366846	1359001366896	190.31	-26.85955	1.3446292	3
1359001366946	1359001366946	189.60208	-26.30917	0.23013422	3
1359001367006	1359001367006	187.68906	-25.083704	-0.86283195	3
1359001367056	1359001367056	186.23048	-26.202963	-2.1745758	3
1359001367117	1359001367117	184.64514	-24.650728	-3.4210775	3
1359001367176	1359001367176	182.6797	-21.61145	-4.3740354	3
1359001367236	1359001367236	179.22499	-21.674295	-4.2068686	3
1359001367296	1359001367296	177.01556	-23.001375	-2.6258724	3
1359001367356	1359001367356	176.94977	-24.540928	-0.7731032	3
1359001367416	1359001367416	178.15747	-24.2438	0.47433615	3
1359001367476	1359001367476	178.56808	-23.770576	1.7035412	3
1359001367536	1359001367536	179.27505	-23.150402	3.5325463	3
1359001367596	1359001367596	180.4651	-23.730534	5.3483357	3
1359001367656	1359001367656	183.16974	-24.32455	6.590792	3
1359001367706	1359001367756	184.83583	-21.450756	6.6301746	3
1359001367816	1359001367816	186.42538	-21.461256	5.182668	3
1359001367867	1359001367867	187.84184	-22.739399	3.9538438	3
1359001367917	1359001367917	189.05478	-23.946014	3.4017885	3
1359001367976	1359001368029	189.55148	-24.343931	2.5896268	3
1359001368086	1359001368086	187.47125	-23.475985	0.08374049	3
1359001368146	1359001368146	185.95251	-25.417109	-1.3595846	3
1359001368196	1359001368196	185.22327	-23.528189	-1.3612267	3
1359001368246	1359001368246	184.73657	-21.34627	-1.1811339	3
1359001368306	1359001368306	182.15512	-22.759695	-1.6348954	3
1359001368357	1359001368357	179.7991	-24.301949	-0.94956213	3
1359001368416	1359001368476	179.22575	-26.272087	0.4038316	3
1359001368536	1359001368536	180.97507	-25.365637	1.0153444	3
1359001368586	1359001368586	181.3771	-23.331377	1.7017424	3
1359001368646	1359001368646	182.07858	-22.000578	3.4508789	3
1359001368706	1359001368756	183.77652	-23.554127	4.7126493	3
1359001368816	1359001368866	188.71986	-22.296936	4.699143	3
1359001368916	1359001368916	191.13947	-22.401285	2.963534	3
1359001368966	1359001369016	192.5094	-22.895369	1.6684386	3
1359001369076	1359001369076	194.3723	-24.213673	0.98208535	3
1359001369136	1359001369136	193.59259	-23.143427	-0.1383902	3
1359001369196	1359001369196	191.71979	-24.125456	-1.3840356	3
1359001369256	1359001369256	190.2968	-23.68531	-2.1879325	3
1359001369316	1359001369376	188.89261	-20.013872	-2.8251112	3
1359001369426	1359001369426	183.85007	-22.138418	-2.0517433	3
1359001369488	1359001369488	182.70953	-24.989813	-0.33244646	3
1359001369546	1359001369546	183.25865	-26.08759	1.1925625	3
1359001369606	1359001369606	184.60648	-25.315386	2.1908123	3
1359001369660	1359001369660	185.256	-24.021677	2.7804446	3
1359001369716	1359001369716	186.37267	-22.229277	4.2071605	3
1359001369779	1359001369779	187.56438	-22.775148	5.10856	3
1359001369826	1359001369826	191.7873	-22.803278	5.4987035	3
1359001369876	1359001369926	193.8726	-21.057194	5.3008337	3
1359001369986	1359001369986	194.75114	-22.023176	3.522318	3
1359001370046	1359001370166	196.15947	-23.030022	1.8930594	3
1359001370216	1359001370216	196.69627	-21.33897	1.7514099	3
1359001370276	1359001370276	195.27345	-20.948542	0.6721154	3
1359001370336	1359001370336	193.57603	-22.189972	-0.10145012	3
1359001370396	1359001370456	192.62074	-17.693653	0.39403522	3
1359001370516	1359001370516	188.54214	-19.070904	0.8745234	3
1359001370576	1359001370576	187.72151	-22.831615	1.9915466	3
1359001370626	1359001370736	188.36394	-24.668913	2.7612288	3
1359001370796	1359001370796	189.75772	-23.042362	4.283895	3
1359001370846	1359001370846	190.2069	-24.027372	5.5018353	3
1359001370906	1359001370906	191.82143	-26.313814	6.2517157	3
1359001370966	1359001371016	194.29176	-23.990175	7.2693844	3
1359001371076	1359001371076	195.13475	-25.99295	6.618095	3
1359001371137	1359001371137	196.72308	-27.639011	5.0604663	3
1359001371198	1359001371198	197.0243	-27.900455	3.9441895	3
1359001371256	1359001371256	195.54976	-28.241495	2.7090545	3
1359001371316	1359001371316	193.51686	-26.6797	1.4592845	3
1359001371366	1359001371366	191.0474	-24.498167	0.5394678	3
1359001371416	1359001371466	188.20972	-25.096	-0.8960519	3
1359001371526	1359001371526	183.9209	-21.877098	-0.6331312	3
1359001371586	1359001371586	180.81548	-22.708996	-0.35838085	3
1359001371636	1359001371636	178.86392	-24.265291	0.860506	3
1359001371697	1359001371816	178.1268	-26.08352	1.9125111	3
1359001371876	1359001371876	177.85802	-26.783766	2.960616	3
1359001371926	1359001371926	178.39267	-26.915483	4.3991127	3
1359001371986	1359001371986	180.30013	-27.844105	5.617263	3
1359001372036	1359001372036	182.73553	-29.25874	6.3309135	3
1359001372096	1359001372146	185.44023	-28.02944	6.4539804	3
1359001372196	1359001372196	186.41147	-29.861496	4.581226	3
1359001372256	1359001372256	187.51486	-31.613708	2.2259235	3
1359001372316	1359001372316	187.7325	-30.891834	0.067711085	3
1359001372376	1359001372376	186.11786	-30.437956	-1.3051248	3
1359001372436	1359001372436	184.47289	-30.871496	-2.3246696	3
1359001372486	1359001372486	183.85065	-31.830921	-2.6919653	3
1359001372546	1359001372546	182.60408	-33.241844	-3.0573766	3
1359001372596	1359001372596	181.90216	-34.052666	-2.5340872	3
1359001372656	1359001372656	180.33623	-32.99273	-2.6339161	3
1359001372706	1359001372706	180.00555	-30.0899	-1.9275483	3
1359001372766	1359001372766	178.79065	-27.766651	-1.9485561	3
1359001372816	1359001372876	177.81546	-28.771835	-1.9151256	3
1359001372926	1359001372926	176.67972	-29.670034	-0.32984808	3
1359001372986	1359001372986	177.35805	-28.470472	0.23673946	3
1359001373046	1359001373046	178.1334	-29.381363	-0.051034488	3
1359001373097	1359001373097	178.88878	-30.218689	-0.7487738	3
1359001373156	1359001373156	179.75388	-32.34323	-1.3903061	3
1359001373216	1359001373216	180.98279	-32.86741	-2.489382	3
1359001373276	1359001373276	182.89597	-32.957275	-3.7973847	3
1359001373326	1359001373376	183.58534	-32.097046	-4.8013873	3
1359001373436	1359001373436	186.87204	-29.855328	-5.1045756	3
1359001373486	1359001373536	188.7142	-29.510794	-4.2448277	3
1359001373586	1359001373696	192.22636	-30.871826	-2.4782789	3
1359001373746	1359001373856	194.23991	-31.329288	-1.3989003	3
1359001373916	1359001374196	194.47966	-30.40405	-0.83328104	3
1359001374256	1359001374256	192.4511	-29.53628	-1.2199588	3
1359001374316	1359001374316	192.96532	-28.480719	-1.976014	3
1359001374366	1359001374416	192.6363	-27.476841	-2.923505	3
1359001374476	1359001374536	193.26283	-26.527311	-2.8971884	3
1359001374596	1359001374816	193.11806	-25.386751	-3.6767683	3
1359001374876	1359001374876	195.00821	-27.14616	-2.5516992	3
1359001374936	1359001375036	196.30807	-28.982267	-1.0911255	3
1359001375096	1359001375147	196.39653	-27.653193	-1.8181986	3
