1359001342407	1359001342407	-33.719997	-18.24	-30.06	3
1359001342428	1359001342428	-33.899998	-18.24	-29.76	3
1359001342448	1359001342448	-34.2	-18.18	-29.699999	3
1359001342468	1359001342468	-34.2	-18.06	-29.88	3
1359001342488	1359001342488	-34.14	-17.76	-29.76	3
1359001342509	1359001342528	-34.32	-17.699999	-29.519999	3
1359001342549	1359001342549	-34.2	-17.52	-29.64	3
1359001342569	1359001342569	-34.26	-17.52	-29.58	3
1359001342589	1359001342589	-34.44	-17.279999	-29.519999	3
1359001342613	1359001342613	-34.559998	-17.46	-29.519999	3
1359001342631	1359001342631	-34.559998	-17.4	-29.519999	3
1359001342651	1359001342651	-34.739998	-17.58	-29.34	3
1359001342671	1359001342671	-34.8	-17.4	-29.4	3
1359001342691	1359001342691	-34.98	-17.279999	-29.34	3
1359001342711	1359001342711	-35.219997	-17.34	-29.16	3
1359001342731	1359001342731	-35.28	-17.22	-28.92	3
1359001342751	1359001342751	-35.219997	-17.279999	-28.68	3
1359001342772	1359001342772	-35.16	-17.039999	-28.439999	3
1359001342792	1359001342792	-35.1	-17.039999	-28.439999	3
1359001342812	1359001342812	-34.98	-16.859999	-28.439999	3
1359001342832	1359001342832	-35.04	-16.98	-28.32	3
1359001342852	1359001342852	-35.04	-17.1	-28.199999	3
1359001342872	1359001342872	-34.98	-17.279999	-28.019999	3
1359001342893	1359001342893	-34.86	-17.46	-28.019999	3
1359001342913	1359001342913	-34.739998	-17.46	-28.26	3
1359001342934	1359001342934	-34.68	-17.52	-28.32	3
1359001342957	1359001342957	-34.86	-17.699999	-27.96	3
1359001342974	1359001342974	-34.92	-18.06	-28.14	3
1359001342994	1359001342994	-34.739998	-18.359999	-28.08	3
1359001343015	1359001343015	-34.739998	-18.359999	-28.14	3
1359001343035	1359001343035	-34.739998	-18.48	-28.08	3
1359001343056	1359001343056	-34.739998	-18.539999	-28.199999	3
1359001343076	1359001343076	-34.559998	-18.84	-28.38	3
1359001343096	1359001343096	-34.44	-19.08	-28.56	3
1359001343117	1359001343117	-34.02	-19.14	-28.859999	3
1359001343137	1359001343137	-33.899998	-19.26	-28.74	3
1359001343158	1359001343158	-33.78	-19.08	-29.22	3
1359001343177	1359001343177	-33.42	-19.08	-29.46	3
1359001343198	1359001343198	-33.059998	-19.08	-29.939999	3
1359001343218	1359001343218	-32.7	-19.199999	-30.119999	3
1359001343238	1359001343238	-32.399998	-19.199999	-30.06	3
1359001343258	1359001343258	-32.16	-19.38	-30.3	3
1359001343278	1359001343278	-31.98	-19.439999	-30.539999	3
1359001343298	1359001343298	-31.8	-19.38	-30.84	3
1359001343319	1359001343319	-31.679998	-19.26	-30.599998	3
1359001343338	1359001343338	-31.8	-19.38	-30.66	3
1359001343359	1359001343359	-31.619999	-19.14	-30.72	3
1359001343379	1359001343379	-31.74	-18.84	-30.9	3
1359001343399	1359001343399	-31.8	-18.48	-31.08	3
1359001343419	1359001343419	-31.859999	-18.06	-31.32	3
1359001343440	1359001343440	-31.92	-17.58	-31.439999	3
1359001343460	1359001343460	-31.859999	-17.34	-31.679998	3
1359001343480	1359001343480	-31.859999	-16.98	-31.98	3
1359001343500	1359001343500	-31.92	-16.74	-32.219997	3
1359001343520	1359001343520	-32.04	-16.26	-32.28	3
1359001343541	1359001343541	-32.16	-15.96	-32.28	3
1359001343561	1359001343561	-32.399998	-15.66	-32.34	3
1359001343581	1359001343581	-32.64	-15.179999	-32.46	3
1359001343601	1359001343601	-33.059998	-14.94	-32.28	3
1359001343621	1359001343621	-33.42	-14.5199995	-32.219997	3
1359001343641	1359001343641	-33.899998	-14.219999	-32.16	3
1359001343662	1359001343662	-34.2	-13.86	-32.04	3
1359001343682	1359001343682	-34.38	-13.74	-32.1	3
1359001343702	1359001343702	-34.559998	-13.44	-32.28	3
1359001343725	1359001343725	-34.559998	-13.139999	-32.219997	3
1359001343744	1359001343744	-34.5	-13.08	-32.04	3
1359001343764	1359001343764	-34.32	-12.9	-31.98	3
1359001343784	1359001343784	-34.32	-12.719999	-31.98	3
1359001343805	1359001343805	-34.2	-12.599999	-31.859999	3
1359001343825	1359001343825	-34.32	-12.36	-31.98	3
1359001343846	1359001343846	-34.68	-12.12	-31.859999	3
1359001343865	1359001343865	-34.86	-11.82	-31.619999	3
1359001343886	1359001343886	-35.399998	-11.759999	-31.5	3
1359001343906	1359001343906	-35.88	-11.7	-30.96	3
1359001343927	1359001343927	-36.36	-11.5199995	-30.84	3
1359001343947	1359001343947	-36.66	-11.46	-30.539999	3
1359001343967	1359001343967	-36.96	-11.5199995	-30.359999	3
1359001343987	1359001343987	-37.32	-11.58	-29.76	3
1359001344007	1359001344007	-37.62	-11.82	-29.46	3
1359001344027	1359001344027	-38.04	-12.36	-28.98	3
1359001344047	1359001344047	-37.98	-12.9	-28.619999	3
1359001344067	1359001344067	-38.16	-13.559999	-28.32	3
1359001344087	1359001344087	-38.04	-14.28	-28.08	3
1359001344108	1359001344108	-37.8	-15.059999	-27.9	3
1359001344128	1359001344128	-37.68	-15.719999	-27.72	3
1359001344148	1359001344148	-37.26	-16.26	-27.9	3
1359001344168	1359001344168	-36.719997	-16.68	-27.84	3
1359001344188	1359001344188	-36.239998	-17.16	-28.26	3
1359001344208	1359001344208	-35.94	-17.46	-28.32	3
1359001344229	1359001344229	-35.34	-17.76	-28.68	3
1359001344249	1359001344249	-34.86	-18.06	-28.859999	3
1359001344269	1359001344269	-34.62	-18.359999	-28.98	3
1359001344289	1359001344289	-34.14	-18.84	-29.099998	3
1359001344310	1359001344310	-33.78	-19.02	-29.039999	3
1359001344330	1359001344330	-33.42	-19.5	-29.22	3
1359001344350	1359001344350	-32.94	-19.859999	-29.039999	3
1359001344370	1359001344370	-32.64	-20.279999	-29.16	3
1359001344390	1359001344390	-32.399998	-20.46	-29.22	3
1359001344411	1359001344411	-32.399998	-20.699999	-29.34	3
1359001344431	1359001344431	-32.28	-20.699999	-29.22	3
1359001344451	1359001344451	-32.219997	-20.52	-29.4	3
1359001344472	1359001344472	-32.219997	-20.699999	-29.58	3
1359001344492	1359001344492	-32.1	-20.34	-29.76	3
1359001344512	1359001344512	-32.219997	-20.1	-30.3	3
1359001344532	1359001344532	-31.92	-19.74	-30.779999	3
1359001344552	1359001344552	-31.74	-19.5	-31.14	3
1359001344572	1359001344572	-31.38	-19.199999	-31.32	3
1359001344592	1359001344592	-31.32	-19.02	-31.8	3
1359001344613	1359001344613	-31.56	-18.9	-31.92	3
1359001344633	1359001344633	-31.56	-18.66	-32.04	3
1359001344653	1359001344653	-31.859999	-18.6	-32.1	3
1359001344673	1359001344673	-31.92	-18.359999	-32.04	3
1359001344693	1359001344693	-32.46	-17.94	-32.1	3
1359001344714	1359001344714	-32.7	-17.46	-32.219997	3
1359001344734	1359001344734	-33.12	-16.859999	-32.399998	3
1359001344754	1359001344754	-33.239998	-16.02	-32.579998	3
1359001344774	1359001344774	-33.12	-15.42	-32.94	3
1359001344794	1359001344794	-33.059998	-14.94	-33.3	3
1359001344814	1359001344814	-33.059998	-14.4	-33.719997	3
1359001344835	1359001344835	-33.12	-13.92	-33.899998	3
1359001344855	1359001344855	-33.0	-13.559999	-34.079998	3
1359001344875	1359001344875	-33.059998	-13.2	-34.079998	3
1359001344895	1359001344895	-33.12	-13.139999	-34.079998	3
1359001344915	1359001344915	-33.059998	-13.08	-34.02	3
1359001344936	1359001344936	-33.059998	-13.0199995	-33.78	3
1359001344956	1359001344956	-33.18	-13.0199995	-33.54	3
1359001344977	1359001344977	-33.0	-13.08	-33.18	3
1359001344997	1359001344997	-33.059998	-13.32	-33.18	3
1359001345017	1359001345017	-33.0	-13.5	-33.0	3
1359001345037	1359001345037	-32.88	-13.62	-33.059998	3
1359001345057	1359001345057	-32.52	-13.74	-33.0	3
1359001345077	1359001345077	-32.52	-14.04	-33.42	3
1359001345103	1359001345103	-32.399998	-14.28	-33.6	3
1359001345117	1359001345117	-32.28	-14.16	-33.66	3
1359001345137	1359001345137	-32.399998	-14.04	-34.079998	3
1359001345161	1359001345161	-32.219997	-14.04	-34.02	3
1359001345179	1359001345179	-32.04	-14.28	-33.899998	3
1359001345200	1359001345200	-32.04	-14.7	-33.719997	3
1359001345220	1359001345220	-32.16	-14.759999	-33.54	3
1359001345242	1359001345242	-32.1	-14.88	-33.239998	3
1359001345261	1359001345261	-31.859999	-15.12	-33.0	3
1359001345282	1359001345282	-31.74	-15.719999	-33.12	3
1359001345302	1359001345302	-31.679998	-16.02	-32.82	3
1359001345321	1359001345321	-31.439999	-16.26	-32.7	3
1359001345343	1359001345343	-31.439999	-16.5	-32.76	3
1359001345362	1359001345362	-31.199999	-16.5	-32.579998	3
1359001345383	1359001345383	-30.96	-17.1	-32.579998	3
1359001345403	1359001345403	-30.96	-17.46	-32.399998	3
1359001345425	1359001345425	-30.9	-17.699999	-32.28	3
1359001345444	1359001345444	-31.019999	-17.94	-31.859999	3
1359001345467	1359001345467	-30.72	-18.3	-31.8	3
1359001345485	1359001345485	-30.779999	-18.779999	-32.1	3
1359001345507	1359001345507	-30.72	-18.72	-31.98	3
1359001345527	1359001345527	-30.72	-19.08	-32.219997	3
1359001345548	1359001345548	-30.779999	-18.96	-32.399998	3
1359001345567	1359001345567	-30.779999	-18.9	-32.52	3
1359001345587	1359001345587	-30.84	-18.539999	-32.579998	3
1359001345609	1359001345609	-30.779999	-18.24	-32.88	3
1359001345629	1359001345629	-30.96	-18.42	-32.7	3
1359001345649	1359001345649	-30.9	-18.359999	-32.34	3
1359001345668	1359001345668	-31.08	-18.48	-32.16	3
1359001345688	1359001345688	-31.199999	-18.539999	-32.04	3
1359001345709	1359001345709	-31.32	-18.66	-31.74	3
1359001345729	1359001345729	-31.199999	-18.9	-31.8	3
1359001345750	1359001345750	-31.199999	-19.26	-31.98	3
1359001345770	1359001345770	-31.199999	-19.38	-31.98	3
1359001345790	1359001345790	-31.08	-19.26	-32.16	3
1359001345811	1359001345811	-31.32	-19.02	-32.399998	3
1359001345831	1359001345831	-31.38	-19.08	-32.64	3
1359001345851	1359001345851	-31.74	-18.9	-32.7	3
1359001345871	1359001345871	-31.859999	-18.66	-32.82	3
1359001345891	1359001345891	-32.28	-18.539999	-32.82	3
1359001345911	1359001345911	-32.7	-18.6	-32.579998	3
1359001345931	1359001345931	-33.0	-18.6	-32.64	3
1359001345951	1359001345951	-33.3	-18.6	-32.82	3
1359001345972	1359001345972	-33.48	-18.72	-32.88	3
1359001345992	1359001345992	-33.48	-18.6	-33.18	3
1359001346012	1359001346012	-33.48	-18.3	-33.3	3
1359001346032	1359001346032	-33.239998	-18.18	-33.42	3
1359001346052	1359001346052	-33.18	-18.24	-33.42	3
1359001346073	1359001346073	-33.12	-18.0	-33.54	3
1359001346093	1359001346093	-32.88	-17.76	-33.6	3
1359001346113	1359001346113	-32.88	-17.64	-33.54	3
1359001346133	1359001346133	-32.76	-17.64	-33.48	3
1359001346153	1359001346153	-32.579998	-17.76	-33.239998	3
1359001346173	1359001346173	-32.28	-18.42	-33.059998	3
1359001346193	1359001346193	-32.28	-18.84	-32.94	3
1359001346214	1359001346214	-32.04	-19.14	-32.88	3
1359001346234	1359001346234	-31.859999	-19.619999	-32.7	3
1359001346254	1359001346254	-31.859999	-20.279999	-32.64	3
1359001346274	1359001346274	-31.619999	-20.52	-32.64	3
1359001346294	1359001346294	-31.56	-20.88	-32.46	3
1359001346315	1359001346315	-31.5	-21.0	-32.399998	3
1359001346335	1359001346335	-31.56	-20.82	-32.52	3
1359001346355	1359001346355	-31.74	-20.699999	-32.7	3
1359001346375	1359001346375	-31.92	-20.64	-32.7	3
1359001346395	1359001346395	-31.98	-20.46	-32.76	3
1359001346416	1359001346416	-32.1	-20.34	-32.52	3
1359001346436	1359001346436	-32.1	-20.64	-32.28	3
1359001346457	1359001346457	-32.219997	-20.939999	-32.34	3
1359001346476	1359001346476	-32.52	-21.119999	-31.98	3
1359001346496	1359001346496	-32.64	-21.6	-31.619999	3
1359001346517	1359001346517	-32.52	-21.9	-31.439999	3
1359001346537	1359001346537	-32.579998	-22.08	-31.14	3
1359001346557	1359001346557	-32.52	-22.38	-30.9	3
1359001346577	1359001346577	-32.64	-22.68	-30.779999	3
1359001346597	1359001346597	-32.7	-22.74	-30.779999	3
1359001346617	1359001346617	-32.82	-22.74	-30.42	3
1359001346637	1359001346637	-32.76	-22.8	-30.48	3
1359001346657	1359001346657	-32.64	-22.68	-30.48	3
1359001346678	1359001346678	-32.7	-22.8	-30.42	3
1359001346698	1359001346698	-32.52	-23.16	-30.24	3
1359001346718	1359001346718	-32.579998	-23.22	-30.119999	3
1359001346738	1359001346738	-32.579998	-23.1	-30.06	3
1359001346758	1359001346758	-32.76	-23.1	-29.88	3
1359001346778	1359001346778	-32.52	-23.1	-30.3	3
1359001346799	1359001346799	-32.28	-23.34	-30.359999	3
1359001346819	1359001346819	-32.219997	-23.4	-30.42	3
1359001346839	1359001346839	-32.399998	-23.279999	-30.48	3
1359001346859	1359001346859	-32.399998	-22.8	-30.96	3
1359001346879	1359001346879	-32.28	-22.38	-31.38	3
1359001346899	1359001346899	-32.16	-22.02	-31.74	3
1359001346920	1359001346920	-32.04	-21.779999	-31.98	3
1359001346940	1359001346940	-32.219997	-21.6	-31.98	3
1359001346960	1359001346960	-32.34	-21.3	-32.04	3
1359001346980	1359001346980	-32.52	-21.06	-32.16	3
1359001347000	1359001347000	-32.399998	-20.82	-32.16	3
1359001347020	1359001347020	-32.579998	-21.0	-32.04	3
1359001347040	1359001347040	-32.82	-21.18	-31.8	3
1359001347061	1359001347061	-32.94	-21.3	-31.74	3
1359001347081	1359001347081	-33.12	-21.3	-31.439999	3
1359001347101	1359001347101	-33.059998	-21.24	-31.199999	3
1359001347121	1359001347121	-33.18	-21.3	-31.019999	3
1359001347141	1359001347141	-33.36	-21.42	-30.9	3
1359001347161	1359001347161	-33.48	-21.48	-30.84	3
1359001347182	1359001347182	-33.48	-21.48	-30.66	3
1359001347202	1359001347202	-33.48	-21.72	-30.3	3
1359001347222	1359001347222	-33.36	-22.08	-29.939999	3
1359001347242	1359001347242	-33.3	-22.38	-29.64	3
1359001347263	1359001347263	-33.36	-22.859999	-29.34	3
1359001347283	1359001347283	-33.48	-23.1	-29.099998	3
1359001347303	1359001347303	-33.059998	-23.22	-28.92	3
1359001347323	1359001347323	-32.94	-23.519999	-28.619999	3
1359001347343	1359001347343	-32.64	-23.58	-28.68	3
1359001347363	1359001347363	-32.52	-23.519999	-28.859999	3
1359001347383	1359001347383	-32.46	-23.46	-28.98	3
1359001347404	1359001347404	-32.34	-23.279999	-29.34	3
1359001347424	1359001347424	-32.219997	-23.039999	-29.64	3
1359001347444	1359001347444	-31.859999	-22.98	-29.82	3
1359001347464	1359001347464	-31.859999	-22.92	-29.939999	3
1359001347484	1359001347484	-31.679998	-22.8	-30.179998	3
1359001347505	1359001347505	-31.439999	-22.92	-30.3	3
1359001347525	1359001347525	-31.14	-22.92	-30.359999	3
1359001347545	1359001347545	-30.779999	-23.1	-30.42	3
1359001347565	1359001347565	-30.3	-23.4	-30.179998	3
1359001347586	1359001347586	-30.06	-23.76	-30.3	3
1359001347605	1359001347605	-29.88	-23.88	-30.48	3
1359001347626	1359001347626	-29.58	-24.06	-30.48	3
1359001347646	1359001347646	-29.519999	-24.48	-30.3	3
1359001347667	1359001347667	-29.58	-24.539999	-30.42	3
1359001347686	1359001347686	-29.58	-24.539999	-30.179998	3
1359001347707	1359001347707	-29.76	-24.359999	-30.179998	3
1359001347739	1359001347740	-29.76	-24.359999	-30.48	3
1359001347751	1359001347751	-29.88	-23.939999	-30.3	3
1359001347770	1359001347770	-29.88	-23.88	-29.88	3
1359001347790	1359001347790	-29.82	-23.64	-29.82	3
1359001347810	1359001347810	-29.939999	-23.46	-29.82	3
1359001347830	1359001347830	-30.0	-23.1	-29.64	3
1359001347850	1359001347850	-30.0	-23.039999	-29.939999	3
1359001347870	1359001347870	-29.76	-22.68	-30.24	3
1359001347890	1359001347890	-29.64	-22.32	-30.599998	3
1359001347910	1359001347910	-29.279999	-21.96	-31.019999	3
1359001347931	1359001347931	-29.4	-21.3	-31.92	3
1359001347951	1359001347951	-29.519999	-20.64	-32.28	3
1359001347971	1359001347971	-29.58	-19.92	-32.94	3
1359001347991	1359001347991	-29.46	-19.38	-33.3	3
1359001348012	1359001348012	-29.699999	-18.9	-33.36	3
1359001348032	1359001348032	-30.119999	-18.539999	-33.36	3
1359001348052	1359001348052	-30.599998	-18.06	-33.18	3
1359001348072	1359001348072	-31.08	-17.76	-33.059998	3
1359001348092	1359001348092	-31.199999	-17.76	-32.7	3
1359001348112	1359001348112	-31.26	-17.88	-32.76	3
1359001348132	1359001348132	-31.199999	-17.94	-32.46	3
1359001348153	1359001348153	-31.5	-18.119999	-32.16	3
1359001348173	1359001348173	-31.32	-18.18	-32.219997	3
1359001348193	1359001348193	-31.08	-18.119999	-32.16	3
1359001348213	1359001348213	-30.84	-18.3	-32.16	3
1359001348234	1359001348234	-30.84	-18.24	-31.98	3
1359001348254	1359001348254	-30.539999	-18.119999	-31.679998	3
1359001348274	1359001348274	-30.599998	-18.3	-31.5	3
1359001348294	1359001348294	-30.72	-18.6	-31.14	3
1359001348315	1359001348315	-30.599998	-18.779999	-30.9	3
1359001348335	1359001348335	-30.66	-19.02	-30.42	3
1359001348355	1359001348355	-30.66	-19.38	-30.24	3
1359001348375	1359001348375	-30.66	-19.38	-30.119999	3
1359001348395	1359001348395	-30.42	-19.859999	-30.06	3
1359001348415	1359001348435	-30.42	-20.1	-30.24	3
1359001348456	1359001348456	-30.179998	-19.98	-30.42	3
1359001348476	1359001348476	-29.88	-19.5	-31.019999	3
1359001348496	1359001348496	-29.82	-19.38	-31.26	3
1359001348516	1359001348516	-29.82	-19.14	-31.26	3
1359001348537	1359001348537	-29.519999	-18.96	-31.38	3
1359001348557	1359001348557	-29.4	-18.66	-31.439999	3
1359001348577	1359001348577	-29.34	-18.539999	-31.32	3
1359001348597	1359001348597	-29.16	-18.6	-31.32	3
1359001348617	1359001348617	-29.279999	-18.779999	-31.199999	3
1359001348637	1359001348637	-29.22	-19.26	-30.72	3
1359001348657	1359001348657	-29.099998	-19.619999	-30.599998	3
1359001348677	1359001348677	-29.099998	-19.92	-30.599998	3
1359001348698	1359001348698	-29.279999	-20.16	-30.3	3
1359001348718	1359001348718	-29.519999	-20.279999	-30.0	3
1359001348738	1359001348738	-29.519999	-20.22	-30.0	3
1359001348758	1359001348758	-29.699999	-19.98	-30.0	3
1359001348778	1359001348778	-29.76	-19.74	-29.82	3
1359001348798	1359001348798	-30.06	-19.38	-29.82	3
1359001348819	1359001348819	-30.179998	-18.779999	-29.88	3
1359001348839	1359001348839	-30.179998	-18.42	-29.699999	3
1359001348859	1359001348859	-30.24	-18.359999	-29.699999	3
1359001348879	1359001348879	-30.539999	-18.24	-30.0	3
1359001348900	1359001348900	-30.72	-18.18	-29.939999	3
1359001348920	1359001348920	-30.66	-18.0	-29.88	3
1359001348940	1359001348940	-30.599998	-17.88	-29.939999	3
1359001348960	1359001348960	-30.599998	-17.699999	-30.179998	3
1359001348980	1359001348980	-30.599998	-17.58	-30.24	3
1359001349000	1359001349000	-30.48	-17.1	-30.599998	3
1359001349021	1359001349021	-30.599998	-16.44	-30.779999	3
1359001349041	1359001349041	-30.42	-15.839999	-30.84	3
1359001349061	1359001349061	-30.359999	-15.12	-31.199999	3
1359001349081	1359001349081	-30.66	-14.46	-31.14	3
1359001349101	1359001349101	-30.84	-13.98	-31.199999	3
1359001349122	1359001349122	-30.9	-13.559999	-31.14	3
1359001349142	1359001349142	-31.14	-13.139999	-31.08	3
1359001349162	1359001349162	-31.38	-13.08	-31.26	3
1359001349182	1359001349182	-31.5	-12.96	-31.26	3
1359001349202	1359001349202	-31.619999	-13.2	-31.14	3
1359001349222	1359001349222	-31.679998	-13.44	-30.9	3
1359001349243	1359001349243	-31.56	-13.74	-30.9	3
1359001349263	1359001349263	-31.5	-13.799999	-30.9	3
1359001349283	1359001349283	-31.74	-13.98	-31.08	3
1359001349303	1359001349303	-31.859999	-14.099999	-31.14	3
1359001349323	1359001349323	-31.859999	-14.28	-30.66	3
1359001349344	1359001349344	-32.1	-14.46	-30.599998	3
1359001349364	1359001349364	-32.04	-14.4	-30.48	3
1359001349384	1359001349384	-32.28	-14.58	-30.42	3
1359001349404	1359001349404	-32.28	-14.88	-30.179998	3
1359001349427	1359001349427	-32.399998	-15.0	-30.0	3
1359001349446	1359001349446	-32.219997	-15.24	-29.519999	3
1359001349466	1359001349466	-31.98	-15.719999	-29.58	3
1359001349486	1359001349486	-31.92	-15.719999	-29.82	3
1359001349507	1359001349507	-31.679998	-15.9	-29.88	3
1359001349527	1359001349527	-31.619999	-15.839999	-30.0	3
1359001349547	1359001349547	-31.199999	-15.719999	-30.119999	3
1359001349567	1359001349567	-31.199999	-15.42	-30.3	3
1359001349587	1359001349587	-31.32	-15.299999	-30.539999	3
1359001349607	1359001349607	-31.14	-15.299999	-30.779999	3
1359001349627	1359001349627	-31.019999	-15.059999	-30.779999	3
1359001349647	1359001349647	-30.84	-15.179999	-30.84	3
1359001349668	1359001349668	-30.599998	-15.12	-30.84	3
1359001349688	1359001349688	-30.599998	-15.36	-30.72	3
1359001349708	1359001349708	-30.539999	-15.54	-30.66	3
1359001349729	1359001349729	-30.48	-15.839999	-30.779999	3
1359001349749	1359001349749	-30.179998	-16.02	-30.599998	3
1359001349769	1359001349769	-30.3	-16.08	-30.48	3
1359001349789	1359001349789	-30.359999	-16.14	-30.24	3
1359001349809	1359001349809	-30.3	-16.08	-30.179998	3
1359001349829	1359001349829	-30.48	-16.08	-30.06	3
1359001349849	1359001349849	-30.539999	-16.02	-30.179998	3
1359001349869	1359001349869	-30.48	-16.08	-30.179998	3
1359001349889	1359001349889	-30.42	-16.08	-30.06	3
1359001349910	1359001349910	-30.3	-16.32	-30.06	3
1359001349930	1359001349930	-30.3	-16.56	-30.119999	3
1359001349950	1359001349950	-30.179998	-16.8	-30.24	3
1359001349970	1359001349970	-30.0	-17.039999	-30.119999	3
1359001349991	1359001349991	-29.76	-17.34	-30.359999	3
1359001350011	1359001350011	-29.519999	-17.34	-30.539999	3
1359001350031	1359001350031	-29.4	-17.1	-30.84	3
1359001350051	1359001350051	-29.039999	-16.74	-31.14	3
1359001350071	1359001350071	-28.859999	-16.44	-31.679998	3
1359001350091	1359001350091	-28.619999	-15.839999	-32.04	3
1359001350112	1359001350112	-28.619999	-15.059999	-32.579998	3
1359001350132	1359001350132	-28.74	-14.58	-33.059998	3
1359001350152	1359001350152	-28.8	-13.799999	-33.42	3
1359001350172	1359001350172	-28.8	-13.38	-33.66	3
1359001350192	1359001350192	-28.98	-13.0199995	-33.78	3
1359001350213	1359001350213	-29.22	-12.599999	-33.899998	3
1359001350233	1359001350233	-29.34	-12.3	-34.02	3
1359001350253	1359001350253	-29.64	-12.12	-34.079998	3
1359001350273	1359001350273	-29.64	-12.179999	-33.96	3
1359001350293	1359001350293	-29.64	-12.24	-33.96	3
1359001350313	1359001350313	-29.939999	-12.42	-33.84	3
1359001350334	1359001350334	-30.179998	-12.54	-33.78	3
1359001350354	1359001350354	-30.3	-12.48	-33.84	3
1359001350374	1359001350374	-30.599998	-12.48	-33.6	3
1359001350394	1359001350394	-30.84	-12.3	-33.54	3
1359001350415	1359001350415	-30.84	-12.24	-33.36	3
1359001350435	1359001350435	-31.199999	-12.24	-33.239998	3
1359001350455	1359001350455	-31.38	-12.36	-32.76	3
1359001350475	1359001350475	-31.439999	-12.719999	-32.46	3
1359001350495	1359001350495	-31.5	-12.9	-32.1	3
1359001350516	1359001350516	-31.679998	-13.679999	-31.74	3
1359001350536	1359001350536	-31.439999	-14.4	-31.679998	3
1359001350556	1359001350556	-31.38	-15.299999	-31.32	3
1359001350577	1359001350577	-31.32	-15.96	-31.26	3
1359001350597	1359001350597	-31.019999	-16.619999	-31.08	3
1359001350617	1359001350617	-30.9	-17.039999	-31.14	3
1359001350637	1359001350637	-30.599998	-17.34	-31.14	3
1359001350657	1359001350657	-30.42	-17.88	-31.08	3
1359001350678	1359001350678	-30.3	-18.18	-30.779999	3
1359001350697	1359001350697	-30.24	-18.42	-30.539999	3
1359001350718	1359001350718	-30.119999	-18.66	-30.24	3
1359001350738	1359001350738	-30.06	-19.08	-29.939999	3
1359001350760	1359001350760	-29.939999	-19.5	-29.82	3
1359001350779	1359001350779	-30.0	-20.1	-29.58	3
1359001350800	1359001350800	-30.119999	-20.46	-29.099998	3
1359001350820	1359001350820	-30.0	-20.88	-28.68	3
1359001350840	1359001350840	-29.76	-21.359999	-28.74	3
1359001350860	1359001350860	-29.58	-21.72	-28.5	3
1359001350880	1359001350880	-29.519999	-22.08	-28.619999	3
1359001350900	1359001350900	-29.46	-22.32	-28.199999	3
1359001350921	1359001350921	-29.4	-22.32	-28.14	3
1359001350941	1359001350941	-29.279999	-22.32	-28.14	3
1359001350961	1359001350961	-29.22	-22.68	-27.96	3
1359001350981	1359001350981	-29.279999	-22.859999	-27.72	3
1359001351001	1359001351001	-29.22	-22.8	-27.359999	3
1359001351021	1359001351021	-29.34	-23.1	-27.42	3
1359001351042	1359001351042	-29.519999	-23.34	-27.06	3
1359001351062	1359001351062	-29.46	-23.46	-26.88	3
1359001351086	1359001351086	-29.58	-23.699999	-26.64	3
1359001351103	1359001351103	-29.46	-23.88	-26.64	3
1359001351123	1359001351123	-29.279999	-23.64	-26.76	3
1359001351143	1359001351143	-29.4	-23.519999	-27.3	3
1359001351163	1359001351163	-29.519999	-23.22	-27.599998	3
1359001351183	1359001351183	-29.699999	-22.74	-27.66	3
1359001351203	1359001351203	-29.76	-22.38	-27.72	3
1359001351224	1359001351224	-30.0	-22.08	-28.199999	3
1359001351244	1359001351244	-29.88	-21.84	-28.26	3
1359001351264	1359001351264	-30.179998	-21.42	-28.08	3
1359001351285	1359001351285	-30.42	-21.06	-28.199999	3
1359001351306	1359001351306	-30.599998	-20.88	-27.84	3
1359001351326	1359001351326	-30.779999	-20.88	-27.779999	3
1359001351347	1359001351347	-30.779999	-21.0	-27.72	3
1359001351367	1359001351367	-30.72	-21.0	-27.779999	3
1359001351387	1359001351387	-30.599998	-20.939999	-27.539999	3
1359001351407	1359001351407	-31.019999	-21.06	-27.599998	3
1359001351428	1359001351428	-31.08	-21.06	-27.779999	3
1359001351448	1359001351448	-31.199999	-21.24	-27.779999	3
1359001351467	1359001351467	-31.199999	-21.119999	-27.9	3
1359001351487	1359001351487	-31.32	-21.18	-27.84	3
1359001351508	1359001351508	-31.32	-21.18	-27.9	3
1359001351528	1359001351528	-31.5	-21.3	-27.779999	3
1359001351548	1359001351548	-31.5	-21.6	-27.48	3
1359001351568	1359001351568	-31.26	-21.84	-27.359999	3
1359001351588	1359001351588	-31.26	-22.08	-27.06	3
1359001351608	1359001351608	-30.9	-22.14	-27.06	3
1359001351628	1359001351628	-30.539999	-22.38	-27.06	3
1359001351649	1359001351649	-30.24	-22.56	-27.24	3
1359001351669	1359001351669	-29.76	-22.74	-27.119999	3
1359001351689	1359001351689	-29.46	-22.439999	-27.539999	3
1359001351709	1359001351709	-29.4	-22.14	-28.019999	3
1359001351729	1359001351729	-29.16	-21.9	-28.199999	3
1359001351749	1359001351749	-28.98	-21.66	-28.56	3
1359001351769	1359001351769	-28.8	-21.48	-28.56	3
1359001351790	1359001351790	-28.74	-21.48	-28.56	3
1359001351810	1359001351810	-28.619999	-21.48	-28.56	3
1359001351830	1359001351830	-28.859999	-21.3	-28.8	3
1359001351850	1359001351850	-28.859999	-21.42	-28.56	3
1359001351870	1359001351870	-28.74	-21.6	-28.439999	3
1359001351890	1359001351890	-28.619999	-21.72	-28.439999	3
1359001351911	1359001351911	-28.68	-22.02	-28.32	3
1359001351931	1359001351931	-28.859999	-22.32	-28.38	3
1359001351951	1359001351951	-28.859999	-22.199999	-28.439999	3
1359001351971	1359001351971	-28.98	-22.26	-28.26	3
1359001351991	1359001351991	-29.16	-22.199999	-28.08	3
1359001352011	1359001352011	-29.46	-22.32	-28.019999	3
1359001352032	1359001352032	-29.699999	-22.32	-27.9	3
1359001352052	1359001352052	-30.0	-22.38	-27.42	3
1359001352072	1359001352072	-30.119999	-22.439999	-27.359999	3
1359001352092	1359001352092	-30.539999	-22.38	-27.18	3
1359001352112	1359001352112	-30.72	-22.32	-26.939999	3
1359001352132	1359001352132	-30.96	-22.199999	-27.06	3
1359001352153	1359001352153	-31.019999	-22.32	-27.359999	3
1359001352173	1359001352173	-31.019999	-22.08	-27.599998	3
1359001352193	1359001352193	-30.96	-21.84	-27.9	3
1359001352213	1359001352213	-30.84	-21.42	-28.619999	3
1359001352233	1359001352233	-30.72	-21.0	-29.039999	3
1359001352255	1359001352255	-30.72	-20.64	-29.58	3
1359001352274	1359001352274	-30.539999	-20.52	-29.939999	3
1359001352294	1359001352294	-30.48	-20.279999	-30.119999	3
1359001352314	1359001352314	-30.539999	-19.92	-30.179998	3
1359001352334	1359001352334	-30.42	-19.74	-30.119999	3
1359001352354	1359001352354	-30.48	-19.5	-30.06	3
1359001352375	1359001352375	-30.66	-19.619999	-30.06	3
1359001352395	1359001352395	-30.599998	-19.56	-29.64	3
1359001352415	1359001352415	-30.359999	-19.92	-29.58	3
1359001352435	1359001352435	-30.599998	-19.98	-29.58	3
1359001352455	1359001352455	-30.48	-20.16	-29.58	3
1359001352476	1359001352476	-30.48	-20.279999	-29.519999	3
1359001352496	1359001352496	-30.48	-20.46	-29.58	3
1359001352516	1359001352516	-30.599998	-20.52	-29.64	3
1359001352536	1359001352536	-30.599998	-20.52	-29.519999	3
1359001352556	1359001352556	-30.779999	-20.64	-29.82	3
1359001352576	1359001352576	-31.019999	-20.64	-29.58	3
1359001352597	1359001352597	-31.019999	-20.939999	-29.039999	3
1359001352617	1359001352617	-31.199999	-21.42	-28.439999	3
1359001352637	1359001352637	-31.199999	-21.9	-27.96	3
1359001352657	1359001352657	-31.14	-22.439999	-27.48	3
1359001352677	1359001352677	-30.84	-22.8	-26.939999	3
1359001352697	1359001352697	-30.779999	-23.1	-26.64	3
1359001352717	1359001352717	-30.66	-23.34	-26.22	3
1359001352738	1359001352738	-30.48	-23.46	-26.22	3
1359001352761	1359001352761	-30.48	-23.4	-26.46	3
1359001352781	1359001352781	-30.3	-23.039999	-26.76	3
1359001352800	1359001352800	-30.0	-22.74	-26.88	3
1359001352820	1359001352820	-30.179998	-22.5	-26.88	3
1359001352840	1359001352840	-30.359999	-22.56	-27.24	3
1359001352861	1359001352861	-30.24	-22.5	-27.48	3
1359001352881	1359001352881	-30.119999	-22.38	-27.539999	3
1359001352901	1359001352901	-29.939999	-22.38	-27.48	3
1359001352921	1359001352921	-29.76	-22.5	-27.42	3
1359001352941	1359001352941	-29.64	-22.56	-27.359999	3
1359001352962	1359001352962	-29.699999	-22.619999	-27.48	3
1359001352982	1359001352982	-29.46	-22.74	-27.72	3
1359001353002	1359001353002	-29.46	-22.68	-27.359999	3
1359001353023	1359001353023	-29.519999	-22.619999	-27.06	3
1359001353042	1359001353042	-29.58	-22.68	-27.06	3
1359001353062	1359001353062	-29.82	-22.56	-27.06	3
1359001353083	1359001353083	-29.82	-22.5	-26.939999	3
1359001353103	1359001353103	-30.0	-22.56	-26.76	3
1359001353123	1359001353123	-29.939999	-22.56	-26.4	3
1359001353143	1359001353143	-30.119999	-22.8	-26.16	3
1359001353163	1359001353163	-29.939999	-22.859999	-26.279999	3
1359001353183	1359001353183	-30.179998	-22.98	-26.099998	3
1359001353203	1359001353203	-30.119999	-23.039999	-26.039999	3
1359001353224	1359001353224	-29.939999	-23.1	-26.039999	3
1359001353244	1359001353244	-30.0	-23.1	-26.22	3
1359001353264	1359001353264	-29.76	-22.92	-26.46	3
1359001353284	1359001353284	-29.82	-22.859999	-26.699999	3
1359001353305	1359001353305	-29.519999	-22.38	-27.06	3
1359001353325	1359001353325	-29.58	-21.96	-27.359999	3
1359001353345	1359001353345	-29.34	-21.539999	-27.779999	3
1359001353366	1359001353366	-29.34	-21.24	-27.84	3
1359001353386	1359001353386	-29.4	-21.119999	-27.96	3
1359001353406	1359001353406	-29.279999	-20.88	-28.08	3
1359001353427	1359001353427	-29.519999	-20.82	-28.14	3
1359001353446	1359001353446	-29.64	-20.52	-28.32	3
1359001353467	1359001353467	-30.0	-20.34	-28.26	3
1359001353487	1359001353487	-30.179998	-20.1	-28.019999	3
1359001353507	1359001353507	-30.42	-20.22	-28.019999	3
1359001353527	1359001353527	-30.48	-20.1	-28.08	3
1359001353547	1359001353547	-30.599998	-19.74	-27.96	3
1359001353567	1359001353567	-30.9	-19.56	-27.9	3
1359001353587	1359001353587	-30.84	-19.32	-27.9	3
1359001353608	1359001353608	-30.779999	-19.14	-27.72	3
1359001353628	1359001353628	-30.66	-18.96	-27.72	3
1359001353648	1359001353648	-30.48	-18.96	-27.779999	3
1359001353668	1359001353668	-30.3	-18.9	-27.48	3
1359001353688	1359001353688	-30.24	-19.02	-27.359999	3
1359001353708	1359001353708	-30.119999	-19.26	-27.18	3
1359001353728	1359001353728	-29.76	-19.14	-27.06	3
1359001353749	1359001353749	-29.699999	-19.32	-27.0	3
1359001353769	1359001353769	-29.58	-19.439999	-27.0	3
1359001353789	1359001353789	-29.34	-19.56	-27.06	3
1359001353809	1359001353809	-29.4	-19.56	-27.06	3
1359001353829	1359001353829	-29.34	-19.619999	-27.359999	3
1359001353849	1359001353849	-29.34	-19.5	-27.48	3
1359001353870	1359001353870	-29.279999	-19.619999	-27.359999	3
1359001353890	1359001353890	-29.34	-19.92	-27.48	3
1359001353910	1359001353910	-29.34	-19.98	-27.24	3
1359001353930	1359001353930	-29.34	-20.22	-27.359999	3
1359001353950	1359001353950	-29.46	-20.46	-27.18	3
1359001353971	1359001353971	-29.039999	-20.699999	-27.06	3
1359001353991	1359001353991	-28.859999	-20.939999	-26.699999	3
1359001354011	1359001354011	-28.619999	-21.119999	-26.58	3
1359001354031	1359001354031	-28.439999	-21.0	-26.699999	3
1359001354051	1359001354051	-28.08	-20.939999	-26.699999	3
1359001354071	1359001354071	-28.019999	-20.939999	-26.88	3
1359001354091	1359001354091	-27.9	-20.76	-26.699999	3
1359001354111	1359001354111	-27.84	-20.699999	-26.939999	3
1359001354132	1359001354132	-28.08	-20.34	-27.119999	3
1359001354152	1359001354152	-28.38	-20.16	-27.42	3
1359001354172	1359001354172	-28.56	-19.92	-27.72	3
1359001354192	1359001354192	-28.619999	-20.22	-27.72	3
1359001354212	1359001354212	-28.74	-20.279999	-27.599998	3
1359001354232	1359001354232	-28.74	-20.46	-27.42	3
1359001354253	1359001354253	-28.859999	-20.52	-27.18	3
1359001354273	1359001354273	-28.92	-20.34	-26.88	3
1359001354293	1359001354293	-29.039999	-20.699999	-26.82	3
1359001354313	1359001354313	-28.8	-20.88	-26.46	3
1359001354333	1359001354333	-28.74	-20.82	-26.34	3
1359001354353	1359001354353	-28.68	-20.34	-26.58	3
1359001354373	1359001354373	-28.619999	-19.92	-26.82	3
1359001354394	1359001354394	-28.56	-19.38	-27.18	3
1359001354414	1359001354414	-28.38	-18.9	-27.779999	3
1359001354435	1359001354435	-28.26	-18.359999	-28.199999	3
1359001354455	1359001354455	-28.14	-17.76	-28.439999	3
1359001354475	1359001354475	-28.199999	-17.279999	-28.98	3
1359001354495	1359001354495	-28.08	-16.859999	-29.16	3
1359001354515	1359001354515	-28.14	-16.5	-29.099998	3
1359001354535	1359001354535	-28.26	-16.26	-29.039999	3
1359001354555	1359001354555	-28.5	-15.9	-28.98	3
1359001354575	1359001354575	-28.68	-15.9	-28.859999	3
1359001354595	1359001354595	-29.099998	-16.08	-28.5	3
1359001354616	1359001354616	-29.46	-16.14	-28.14	3
1359001354636	1359001354636	-29.64	-15.9	-27.84	3
1359001354656	1359001354656	-30.06	-15.9	-27.84	3
1359001354676	1359001354676	-30.48	-15.9	-27.72	3
1359001354696	1359001354696	-30.779999	-15.66	-27.599998	3
1359001354717	1359001354717	-31.08	-15.78	-27.42	3
1359001354736	1359001354736	-31.199999	-15.48	-27.359999	3
1359001354757	1359001354757	-31.199999	-15.299999	-27.599998	3
1359001354777	1359001354777	-31.26	-15.179999	-27.72	3
1359001354797	1359001354797	-31.32	-15.24	-27.599998	3
1359001354817	1359001354817	-31.32	-15.299999	-27.42	3
1359001354837	1359001354837	-31.08	-15.42	-27.18	3
1359001354857	1359001354857	-30.9	-15.78	-27.3	3
1359001354878	1359001354878	-30.66	-15.9	-27.42	3
1359001354898	1359001354898	-30.539999	-16.199999	-27.359999	3
1359001354918	1359001354918	-30.359999	-16.32	-27.24	3
1359001354938	1359001354938	-30.179998	-16.5	-27.359999	3
1359001354958	1359001354958	-29.88	-16.5	-27.66	3
1359001354978	1359001354978	-29.519999	-16.44	-27.9	3
1359001354999	1359001354999	-29.279999	-16.619999	-28.32	3
1359001355019	1359001355019	-29.279999	-16.56	-28.38	3
1359001355039	1359001355039	-28.98	-16.619999	-28.5	3
1359001355059	1359001355059	-28.92	-16.74	-28.619999	3
1359001355079	1359001355079	-28.68	-17.16	-28.68	3
1359001355099	1359001355099	-28.38	-17.279999	-28.74	3
1359001355119	1359001355119	-28.199999	-17.52	-28.68	3
1359001355140	1359001355140	-28.14	-18.06	-28.68	3
1359001355160	1359001355160	-28.019999	-18.119999	-28.439999	3
1359001355180	1359001355180	-27.9	-18.3	-28.439999	3
1359001355205	1359001355205	-28.019999	-18.66	-28.14	3
1359001355225	1359001355225	-27.9	-18.66	-28.14	3
1359001355244	1359001355244	-28.019999	-18.3	-28.199999	3
1359001355264	1359001355264	-28.26	-18.06	-28.199999	3
1359001355285	1359001355285	-28.32	-18.06	-28.08	3
1359001355305	1359001355305	-28.439999	-17.82	-28.14	3
1359001355325	1359001355325	-28.56	-17.699999	-28.439999	3
1359001355346	1359001355346	-28.8	-17.58	-28.439999	3
1359001355366	1359001355366	-28.98	-17.1	-28.74	3
1359001355386	1359001355386	-29.279999	-17.1	-28.98	3
1359001355406	1359001355406	-29.34	-16.98	-29.22	3
1359001355426	1359001355426	-29.34	-16.74	-29.58	3
1359001355447	1359001355447	-29.46	-16.38	-29.939999	3
1359001355467	1359001355467	-29.46	-15.9	-30.3	3
1359001355487	1359001355487	-29.46	-15.66	-30.599998	3
1359001355508	1359001355508	-29.22	-15.24	-31.199999	3
1359001355528	1359001355528	-29.039999	-14.94	-31.56	3
1359001355548	1359001355548	-28.74	-14.46	-31.92	3
1359001355568	1359001355568	-28.56	-14.34	-32.28	3
1359001355588	1359001355588	-28.5	-14.34	-32.399998	3
1359001355608	1359001355608	-28.26	-14.34	-32.52	3
1359001355629	1359001355629	-28.199999	-14.4	-32.46	3
1359001355649	1359001355649	-28.199999	-14.34	-32.579998	3
1359001355669	1359001355669	-28.26	-14.46	-32.46	3
1359001355689	1359001355689	-28.199999	-14.46	-32.34	3
1359001355709	1359001355709	-28.26	-14.82	-32.04	3
1359001355729	1359001355729	-28.38	-14.94	-31.859999	3
1359001355750	1359001355750	-28.56	-14.94	-31.92	3
1359001355770	1359001355770	-28.619999	-15.0	-31.859999	3
1359001355790	1359001355790	-28.68	-15.0	-31.98	3
1359001355810	1359001355810	-28.8	-15.059999	-31.92	3
1359001355830	1359001355830	-28.859999	-15.42	-31.8	3
1359001355850	1359001355850	-28.98	-15.9	-31.56	3
1359001355870	1359001355870	-29.519999	-16.32	-31.199999	3
1359001355891	1359001355891	-29.88	-16.68	-30.539999	3
1359001355911	1359001355911	-30.179998	-17.279999	-29.699999	3
1359001355931	1359001355931	-30.66	-17.76	-28.98	3
1359001355951	1359001355951	-31.32	-18.359999	-28.08	3
1359001355971	1359001355971	-31.439999	-18.9	-27.599998	3
1359001355991	1359001355991	-31.859999	-19.38	-27.119999	3
1359001356012	1359001356012	-32.1	-19.68	-26.88	3
1359001356032	1359001356032	-31.98	-19.68	-27.0	3
1359001356052	1359001356052	-31.859999	-19.92	-27.24	3
1359001356085	1359001356085	-31.56	-20.16	-27.66	3
1359001356093	1359001356093	-31.32	-20.279999	-28.14	3
1359001356112	1359001356112	-31.08	-20.34	-28.5	3
1359001356132	1359001356132	-30.96	-20.58	-28.5	3
1359001356152	1359001356152	-30.599998	-20.64	-28.619999	3
1359001356173	1359001356173	-30.179998	-20.699999	-28.8	3
1359001356193	1359001356193	-29.88	-21.0	-28.8	3
1359001356213	1359001356213	-29.519999	-21.3	-29.039999	3
1359001356233	1359001356233	-29.58	-21.359999	-28.98	3
1359001356254	1359001356254	-29.519999	-21.72	-28.859999	3
1359001356274	1359001356274	-29.699999	-21.9	-28.859999	3
1359001356294	1359001356294	-30.0	-21.48	-29.039999	3
1359001356314	1359001356314	-30.119999	-21.359999	-29.22	3
1359001356334	1359001356334	-30.599998	-20.939999	-29.4	3
1359001356354	1359001356354	-30.84	-20.76	-29.64	3
1359001356374	1359001356374	-31.26	-20.58	-29.82	3
1359001356395	1359001356395	-31.38	-20.34	-30.0	3
1359001356415	1359001356415	-31.5	-19.92	-30.06	3
1359001356435	1359001356435	-31.439999	-19.68	-30.24	3
1359001356456	1359001356456	-31.439999	-19.68	-30.42	3
1359001356476	1359001356476	-31.32	-19.5	-30.84	3
1359001356496	1359001356496	-31.199999	-19.5	-30.9	3
1359001356517	1359001356517	-30.96	-19.08	-31.56	3
1359001356536	1359001356536	-30.9	-18.779999	-31.8	3
1359001356556	1359001356556	-30.779999	-18.3	-32.28	3
1359001356577	1359001356577	-30.599998	-17.88	-32.88	3
1359001356596	1359001356596	-30.66	-17.4	-33.36	3
1359001356617	1359001356617	-30.539999	-17.1	-33.719997	3
1359001356637	1359001356637	-30.539999	-16.8	-33.84	3
1359001356657	1359001356657	-30.599998	-16.68	-34.14	3
1359001356678	1359001356678	-30.84	-16.5	-33.899998	3
1359001356697	1359001356697	-30.9	-16.44	-33.84	3
1359001356717	1359001356717	-30.96	-16.44	-33.54	3
1359001356738	1359001356738	-31.019999	-16.5	-33.42	3
1359001356758	1359001356758	-30.96	-16.68	-33.3	3
1359001356778	1359001356778	-31.08	-16.74	-33.0	3
1359001356798	1359001356798	-31.32	-16.619999	-32.88	3
1359001356818	1359001356818	-31.32	-16.68	-32.82	3
1359001356839	1359001356839	-31.26	-16.619999	-32.88	3
1359001356859	1359001356859	-31.32	-16.56	-33.0	3
1359001356879	1359001356879	-31.439999	-16.619999	-33.12	3
1359001356899	1359001356899	-31.5	-16.859999	-33.059998	3
1359001356919	1359001356919	-31.5	-16.98	-32.88	3
1359001356940	1359001356940	-31.56	-17.16	-32.94	3
1359001356960	1359001356960	-31.439999	-17.34	-33.059998	3
1359001356980	1359001356980	-31.5	-17.46	-32.94	3
1359001357000	1359001357000	-31.38	-17.94	-32.88	3
1359001357020	1359001357020	-31.199999	-18.18	-32.7	3
1359001357041	1359001357041	-31.26	-18.48	-32.76	3
1359001357061	1359001357061	-31.14	-18.6	-32.94	3
1359001357081	1359001357081	-31.019999	-18.96	-33.3	3
1359001357101	1359001357101	-30.779999	-19.14	-33.3	3
1359001357121	1359001357121	-30.779999	-19.439999	-33.3	3
1359001357141	1359001357141	-30.599998	-19.56	-33.54	3
1359001357162	1359001357162	-30.599998	-19.619999	-33.42	3
1359001357186	1359001357186	-30.599998	-19.92	-33.54	3
1359001357204	1359001357204	-30.119999	-20.16	-33.54	3
1359001357224	1359001357224	-30.179998	-20.16	-33.3	3
1359001357244	1359001357244	-30.0	-20.279999	-32.94	3
1359001357264	1359001357264	-29.88	-20.46	-32.94	3
1359001357285	1359001357285	-29.699999	-20.52	-33.0	3
1359001357305	1359001357305	-29.519999	-20.88	-32.88	3
1359001357325	1359001357325	-29.34	-21.0	-33.0	3
1359001357345	1359001357345	-29.279999	-21.0	-33.18	3
1359001357366	1359001357366	-29.64	-20.76	-33.239998	3
1359001357386	1359001357386	-29.76	-20.46	-33.3	3
1359001357406	1359001357406	-30.119999	-20.279999	-33.66	3
1359001357426	1359001357426	-30.42	-20.16	-33.719997	3
1359001357446	1359001357446	-30.72	-20.16	-33.54	3
1359001357466	1359001357466	-31.08	-19.92	-33.42	3
1359001357486	1359001357486	-31.439999	-19.92	-33.12	3
1359001357507	1359001357507	-31.74	-19.619999	-32.94	3
1359001357527	1359001357546	-31.8	-19.68	-33.0	3
1359001357567	1359001357567	-31.8	-19.5	-32.76	3
1359001357587	1359001357587	-31.679998	-19.32	-33.0	3
1359001357607	1359001357607	-31.859999	-19.08	-33.0	3
1359001357627	1359001357627	-32.04	-18.6	-33.12	3
1359001357648	1359001357648	-32.16	-18.359999	-33.54	3
1359001357668	1359001357668	-32.1	-18.18	-33.54	3
1359001357688	1359001357688	-32.219997	-17.88	-33.66	3
1359001357708	1359001357708	-32.46	-18.0	-33.899998	3
1359001357728	1359001357728	-32.64	-17.88	-33.78	3
1359001357748	1359001357748	-33.0	-17.76	-33.719997	3
1359001357768	1359001357768	-33.18	-17.699999	-33.6	3
1359001357789	1359001357789	-33.239998	-17.699999	-33.66	3
1359001357809	1359001357809	-33.42	-17.699999	-33.54	3
1359001357841	1359001357841	-33.42	-17.64	-33.42	3
1359001357850	1359001357850	-33.84	-17.76	-33.12	3
1359001357870	1359001357870	-34.079998	-17.58	-32.76	3
1359001357890	1359001357890	-34.079998	-17.52	-32.7	3
1359001357910	1359001357910	-34.02	-17.34	-32.46	3
1359001357930	1359001357930	-34.14	-17.22	-32.34	3
1359001357950	1359001357950	-34.2	-17.22	-32.1	3
1359001357970	1359001357970	-34.32	-16.98	-31.8	3
1359001357990	1359001357990	-34.5	-17.039999	-31.56	3
1359001358010	1359001358010	-34.44	-17.1	-31.32	3
1359001358031	1359001358031	-34.44	-17.46	-31.019999	3
1359001358051	1359001358051	-34.559998	-17.82	-30.96	3
1359001358071	1359001358071	-34.62	-18.24	-30.779999	3
1359001358091	1359001358091	-34.44	-18.66	-30.66	3
1359001358111	1359001358111	-34.38	-19.08	-30.599998	3
1359001358131	1359001358131	-34.14	-19.38	-30.66	3
1359001358152	1359001358152	-33.96	-19.56	-30.779999	3
1359001358172	1359001358172	-33.84	-19.68	-30.9	3
1359001358192	1359001358192	-33.66	-19.5	-31.019999	3
1359001358212	1359001358212	-33.6	-19.439999	-31.199999	3
1359001358232	1359001358232	-33.36	-19.5	-31.5	3
1359001358252	1359001358252	-33.18	-19.26	-31.56	3
1359001358273	1359001358273	-32.94	-19.38	-31.92	3
1359001358293	1359001358293	-32.7	-19.56	-31.859999	3
1359001358313	1359001358313	-32.52	-19.56	-31.859999	3
1359001358333	1359001358333	-32.34	-19.74	-32.04	3
1359001358353	1359001358353	-32.219997	-19.92	-32.16	3
1359001358374	1359001358374	-32.219997	-19.92	-31.98	3
1359001358394	1359001358394	-32.16	-19.8	-31.8	3
1359001358414	1359001358414	-32.04	-19.859999	-31.859999	3
1359001358435	1359001358435	-32.04	-19.74	-31.619999	3
1359001358455	1359001358455	-32.1	-19.5	-31.8	3
1359001358475	1359001358475	-32.04	-19.5	-31.859999	3
1359001358495	1359001358495	-31.8	-19.56	-31.98	3
1359001358515	1359001358515	-31.5	-19.92	-31.8	3
1359001358535	1359001358535	-31.32	-20.279999	-31.8	3
1359001358556	1359001358556	-31.199999	-20.64	-31.619999	3
1359001358576	1359001358576	-31.14	-21.06	-31.26	3
1359001358596	1359001358596	-31.08	-21.359999	-31.08	3
1359001358616	1359001358616	-31.08	-21.6	-30.84	3
1359001358637	1359001358637	-31.08	-21.9	-30.66	3
1359001358657	1359001358657	-31.14	-21.779999	-30.48	3
1359001358677	1359001358677	-31.32	-21.359999	-30.779999	3
1359001358697	1359001358697	-31.38	-20.88	-30.96	3
1359001358717	1359001358717	-31.56	-20.34	-31.26	3
1359001358738	1359001358738	-31.74	-19.74	-31.56	3
1359001358760	1359001358760	-31.859999	-19.26	-31.679998	3
1359001358779	1359001358779	-31.679998	-18.84	-31.859999	3
1359001358800	1359001358800	-31.859999	-18.18	-32.04	3
1359001358820	1359001358820	-32.16	-17.82	-31.98	3
1359001358840	1359001358840	-32.219997	-17.52	-31.92	3
1359001358860	1359001358860	-32.46	-17.34	-31.56	3
1359001358880	1359001358880	-32.88	-17.16	-31.5	3
1359001358900	1359001358900	-32.94	-17.16	-31.5	3
1359001358920	1359001358920	-33.3	-16.98	-31.5	3
1359001358941	1359001358941	-33.78	-17.039999	-31.26	3
1359001358961	1359001358961	-34.079998	-17.1	-30.96	3
1359001358981	1359001358981	-34.14	-17.16	-30.72	3
1359001359001	1359001359001	-34.38	-17.16	-30.42	3
1359001359021	1359001359021	-34.68	-17.22	-30.42	3
1359001359041	1359001359041	-34.92	-17.46	-30.0	3
1359001359062	1359001359062	-35.219997	-17.699999	-29.76	3
1359001359082	1359001359082	-35.34	-18.119999	-29.4	3
1359001359102	1359001359102	-35.399998	-18.48	-29.16	3
1359001359122	1359001359122	-35.52	-18.84	-28.92	3
1359001359142	1359001359142	-35.579998	-19.199999	-28.619999	3
1359001359163	1359001359163	-35.64	-19.56	-28.32	3
1359001359183	1359001359183	-35.399998	-20.16	-28.14	3
1359001359203	1359001359203	-35.04	-20.46	-27.84	3
1359001359224	1359001359224	-34.92	-20.64	-27.66	3
1359001359243	1359001359243	-34.8	-20.88	-27.539999	3
1359001359264	1359001359264	-34.68	-21.06	-27.3	3
1359001359284	1359001359284	-34.559998	-21.24	-27.24	3
1359001359304	1359001359304	-34.44	-21.539999	-27.359999	3
1359001359324	1359001359324	-34.26	-21.66	-27.539999	3
1359001359345	1359001359345	-34.2	-21.66	-27.599998	3
1359001359365	1359001359365	-33.96	-21.9	-27.72	3
1359001359386	1359001359386	-34.02	-22.02	-27.72	3
1359001359406	1359001359406	-33.899998	-22.08	-27.779999	3
1359001359426	1359001359426	-33.66	-22.26	-27.96	3
1359001359446	1359001359446	-33.42	-22.14	-28.019999	3
1359001359466	1359001359466	-33.36	-22.08	-28.08	3
1359001359486	1359001359486	-33.3	-22.08	-28.08	3
1359001359506	1359001359506	-33.36	-21.96	-27.96	3
1359001359526	1359001359526	-33.42	-21.96	-27.96	3
1359001359547	1359001359547	-33.239998	-21.72	-28.26	3
1359001359567	1359001359567	-33.18	-21.48	-28.5	3
1359001359592	1359001359592	-33.18	-21.119999	-28.68	3
1359001359620	1359001359620	-33.48	-21.119999	-28.74	3
1359001359628	1359001359628	-33.54	-21.0	-28.859999	3
1359001359647	1359001359647	-33.6	-20.82	-28.92	3
1359001359668	1359001359668	-33.6	-20.64	-29.22	3
1359001359688	1359001359688	-33.66	-20.22	-29.699999	3
1359001359708	1359001359708	-33.66	-19.92	-29.88	3
1359001359728	1359001359728	-33.719997	-19.619999	-30.119999	3
1359001359748	1359001359748	-33.719997	-19.08	-30.599998	3
1359001359768	1359001359768	-33.36	-18.539999	-31.08	3
1359001359789	1359001359789	-33.239998	-17.88	-31.439999	3
1359001359809	1359001359809	-33.36	-16.98	-31.98	3
1359001359829	1359001359829	-33.239998	-16.08	-32.28	3
1359001359849	1359001359849	-33.059998	-15.54	-32.7	3
1359001359869	1359001359869	-33.239998	-14.82	-33.0	3
1359001359889	1359001359889	-33.36	-14.16	-33.18	3
1359001359910	1359001359910	-33.54	-13.679999	-33.3	3
1359001359930	1359001359930	-33.84	-13.259999	-33.42	3
1359001359950	1359001359950	-34.14	-12.96	-33.42	3
1359001359970	1359001359970	-34.32	-12.9	-33.12	3
1359001359990	1359001359990	-34.5	-13.08	-33.059998	3
1359001360010	1359001360010	-34.98	-12.96	-32.76	3
1359001360031	1359001360031	-35.219997	-13.2	-32.579998	3
1359001360051	1359001360051	-35.219997	-13.38	-32.28	3
1359001360071	1359001360071	-35.34	-13.44	-31.92	3
1359001360091	1359001360091	-35.7	-13.44	-31.92	3
1359001360111	1359001360111	-35.94	-13.38	-31.74	3
1359001360131	1359001360131	-36.18	-13.62	-31.56	3
1359001360151	1359001360151	-36.36	-13.679999	-31.439999	3
1359001360172	1359001360172	-36.36	-14.04	-31.14	3
1359001360192	1359001360192	-36.3	-14.28	-30.84	3
1359001360212	1359001360212	-36.54	-14.46	-30.42	3
1359001360232	1359001360232	-36.78	-14.759999	-30.179998	3
1359001360252	1359001360252	-36.54	-15.179999	-29.64	3
1359001360272	1359001360272	-36.239998	-15.78	-29.22	3
1359001360293	1359001360293	-36.0	-15.96	-29.099998	3
1359001360313	1359001360313	-35.82	-16.199999	-28.74	3
1359001360333	1359001360333	-35.7	-16.32	-28.56	3
1359001360353	1359001360353	-35.7	-16.5	-28.5	3
1359001360373	1359001360373	-35.52	-16.74	-28.619999	3
1359001360394	1359001360394	-35.28	-16.74	-28.32	3
1359001360414	1359001360414	-35.399998	-16.859999	-28.26	3
1359001360434	1359001360434	-35.28	-16.859999	-28.5	3
1359001360454	1359001360454	-35.219997	-17.1	-28.439999	3
1359001360474	1359001360474	-35.04	-17.34	-28.56	3
1359001360494	1359001360494	-34.92	-17.64	-28.74	3
1359001360515	1359001360515	-34.739998	-17.88	-28.619999	3
1359001360535	1359001360535	-34.68	-18.0	-28.38	3
1359001360555	1359001360555	-34.5	-18.42	-28.38	3
1359001360575	1359001360575	-34.26	-18.48	-28.439999	3
1359001360604	1359001360604	-34.26	-18.66	-28.32	3
1359001360624	1359001360624	-34.2	-18.779999	-28.439999	3
1359001360644	1359001360644	-34.079998	-18.779999	-28.38	3
1359001360665	1359001360665	-33.84	-18.66	-28.26	3
1359001360685	1359001360685	-33.719997	-18.42	-28.439999	3
1359001360705	1359001360705	-33.48	-18.42	-28.68	3
1359001360725	1359001360725	-33.239998	-18.3	-28.859999	3
1359001360746	1359001360746	-33.239998	-18.359999	-28.92	3
1359001360766	1359001360766	-33.059998	-18.42	-28.98	3
1359001360787	1359001360787	-33.059998	-18.42	-28.859999	3
1359001360806	1359001360806	-33.12	-18.359999	-28.92	3
1359001360826	1359001360826	-33.12	-18.359999	-29.039999	3
1359001360846	1359001360846	-33.0	-18.06	-29.039999	3
1359001360867	1359001360867	-33.059998	-17.94	-29.279999	3
1359001360887	1359001360887	-33.12	-17.64	-29.519999	3
1359001360907	1359001360907	-33.059998	-17.16	-29.64	3
1359001360927	1359001360927	-33.239998	-16.68	-29.64	3
1359001360947	1359001360947	-33.12	-16.14	-29.939999	3
1359001360968	1359001360968	-33.0	-15.719999	-30.06	3
1359001360987	1359001360987	-33.059998	-15.36	-30.3	3
1359001361008	1359001361008	-33.36	-15.299999	-30.179998	3
1359001361028	1359001361028	-33.36	-15.059999	-30.119999	3
1359001361049	1359001361049	-33.48	-14.88	-30.24	3
1359001361068	1359001361068	-33.48	-14.82	-30.24	3
1359001361088	1359001361088	-33.48	-14.639999	-30.3	3
1359001361108	1359001361108	-33.48	-14.5199995	-30.3	3
1359001361129	1359001361129	-33.54	-14.58	-30.24	3
1359001361149	1359001361149	-33.719997	-14.4	-30.119999	3
1359001361169	1359001361169	-33.719997	-13.98	-30.48	3
1359001361189	1359001361189	-33.66	-13.74	-30.599998	3
1359001361209	1359001361209	-33.899998	-13.2	-30.42	3
1359001361229	1359001361229	-34.14	-12.84	-30.42	3
1359001361250	1359001361250	-34.32	-12.48	-30.179998	3
1359001361270	1359001361270	-34.559998	-12.179999	-30.0	3
1359001361290	1359001361290	-34.98	-11.88	-29.82	3
1359001361322	1359001361322	-35.04	-11.94	-29.82	3
1359001361331	1359001361331	-35.219997	-12.179999	-29.099998	3
1359001361351	1359001361351	-35.399998	-12.48	-28.74	3
1359001361371	1359001361371	-35.219997	-13.08	-28.439999	3
1359001361391	1359001361391	-34.98	-13.74	-28.26	3
1359001361411	1359001361411	-34.739998	-14.219999	-28.26	3
1359001361431	1359001361431	-34.62	-14.639999	-28.26	3
1359001361451	1359001361451	-34.2	-14.94	-28.38	3
1359001361471	1359001361471	-34.079998	-14.88	-28.26	3
1359001361491	1359001361491	-33.899998	-15.0	-28.68	3
1359001361512	1359001361512	-33.96	-15.059999	-28.859999	3
1359001361532	1359001361532	-34.02	-15.059999	-29.099998	3
1359001361552	1359001361552	-34.14	-15.179999	-29.22	3
1359001361572	1359001361572	-33.96	-15.42	-29.279999	3
1359001361592	1359001361592	-33.96	-15.599999	-29.58	3
1359001361613	1359001361613	-34.079998	-15.78	-29.58	3
1359001361633	1359001361633	-33.78	-16.38	-29.64	3
1359001361653	1359001361653	-33.54	-16.74	-29.76	3
1359001361673	1359001361673	-33.12	-17.16	-29.82	3
1359001361693	1359001361693	-32.94	-17.64	-29.82	3
1359001361713	1359001361713	-32.76	-17.76	-29.88	3
1359001361734	1359001361734	-32.64	-18.06	-30.06	3
1359001361754	1359001361754	-32.46	-18.359999	-29.82	3
1359001361774	1359001361774	-32.219997	-18.779999	-29.939999	3
1359001361794	1359001361794	-32.16	-19.02	-30.06	3
1359001361814	1359001361814	-31.859999	-19.32	-29.939999	3
1359001361834	1359001361834	-31.619999	-19.74	-29.699999	3
1359001361855	1359001361855	-31.56	-20.039999	-29.46	3
1359001361875	1359001361875	-31.439999	-20.52	-29.279999	3
1359001361895	1359001361895	-31.5	-20.76	-28.74	3
1359001361915	1359001361915	-31.56	-20.88	-28.619999	3
1359001361935	1359001361935	-31.679998	-20.88	-28.32	3
1359001361956	1359001361956	-31.74	-21.0	-28.14	3
1359001361977	1359001361977	-32.1	-20.939999	-28.26	3
1359001361996	1359001361996	-32.579998	-20.76	-28.32	3
1359001362016	1359001362016	-32.52	-20.52	-28.5	3
1359001362037	1359001362037	-32.82	-20.1	-28.74	3
1359001362057	1359001362057	-33.059998	-19.74	-29.099998	3
1359001362077	1359001362077	-33.12	-19.56	-29.4	3
1359001362097	1359001362097	-33.3	-19.32	-29.46	3
1359001362117	1359001362117	-33.48	-19.14	-29.4	3
1359001362137	1359001362137	-33.54	-18.84	-29.16	3
1359001362157	1359001362157	-33.899998	-18.6	-29.16	3
1359001362178	1359001362178	-34.32	-18.42	-29.22	3
1359001362198	1359001362198	-34.2	-18.3	-29.279999	3
1359001362218	1359001362218	-34.14	-18.24	-29.16	3
1359001362238	1359001362238	-34.32	-18.18	-28.92	3
1359001362258	1359001362258	-34.44	-18.18	-28.8	3
1359001362278	1359001362278	-34.559998	-17.94	-28.92	3
1359001362299	1359001362299	-34.62	-18.0	-28.92	3
1359001362319	1359001362319	-34.44	-18.06	-28.8	3
1359001362339	1359001362339	-34.38	-17.94	-28.859999	3
1359001362359	1359001362359	-34.559998	-17.94	-28.439999	3
1359001362379	1359001362379	-34.559998	-17.88	-28.38	3
1359001362400	1359001362400	-34.5	-17.88	-28.38	3
1359001362420	1359001362420	-34.44	-17.88	-28.619999	3
1359001362440	1359001362440	-34.739998	-18.06	-28.56	3
1359001362460	1359001362460	-34.739998	-18.42	-28.5	3
1359001362480	1359001362480	-34.62	-18.66	-28.619999	3
1359001362500	1359001362500	-34.44	-19.199999	-28.5	3
1359001362520	1359001362520	-34.26	-19.68	-28.859999	3
1359001362541	1359001362541	-34.2	-20.34	-28.92	3
1359001362561	1359001362561	-33.78	-20.82	-28.98	3
1359001362581	1359001362581	-33.36	-21.18	-28.92	3
1359001362601	1359001362601	-32.88	-21.779999	-29.039999	3
1359001362621	1359001362621	-32.34	-22.199999	-29.099998	3
1359001362641	1359001362641	-32.1	-22.68	-29.22	3
1359001362661	1359001362661	-31.74	-22.98	-29.16	3
1359001362682	1359001362682	-31.439999	-23.34	-28.98	3
1359001362702	1359001362702	-31.08	-23.58	-28.74	3
1359001362722	1359001362722	-31.019999	-24.18	-28.56	3
1359001362742	1359001362742	-30.779999	-24.72	-28.5	3
1359001362762	1359001362762	-30.359999	-25.019999	-28.439999	3
1359001362782	1359001362782	-30.24	-25.56	-28.199999	3
1359001362802	1359001362802	-29.88	-25.92	-27.96	3
1359001362823	1359001362823	-29.64	-26.58	-27.72	3
1359001362843	1359001362843	-29.58	-26.88	-27.48	3
1359001362863	1359001362863	-29.46	-27.24	-27.42	3
1359001362883	1359001362883	-29.16	-27.48	-27.3	3
1359001362903	1359001362903	-29.16	-27.72	-27.119999	3
1359001362923	1359001362923	-29.099998	-27.9	-26.88	3
1359001362944	1359001362944	-28.92	-27.9	-26.88	3
1359001362964	1359001362964	-28.74	-28.08	-26.76	3
1359001362984	1359001362984	-28.619999	-28.08	-26.64	3
1359001363004	1359001363004	-28.32	-28.32	-26.76	3
1359001363024	1359001363024	-28.019999	-28.5	-26.88	3
1359001363044	1359001363044	-27.599998	-28.619999	-27.0	3
1359001363066	1359001363066	-27.3	-28.98	-26.82	3
1359001363085	1359001363085	-27.119999	-29.279999	-26.939999	3
1359001363105	1359001363105	-26.699999	-29.46	-26.939999	3
1359001363125	1359001363125	-26.46	-29.58	-27.0	3
1359001363145	1359001363145	-26.279999	-29.46	-27.119999	3
1359001363165	1359001363165	-26.099998	-29.279999	-27.18	3
1359001363186	1359001363186	-26.16	-29.279999	-27.24	3
1359001363206	1359001363206	-26.279999	-29.4	-27.42	3
1359001363226	1359001363226	-25.98	-29.279999	-27.539999	3
1359001363247	1359001363247	-25.74	-29.22	-27.42	3
1359001363266	1359001363266	-25.8	-29.22	-27.66	3
1359001363286	1359001363286	-25.74	-29.039999	-27.84	3
1359001363307	1359001363307	-25.619999	-29.279999	-28.08	3
1359001363328	1359001363328	-25.619999	-29.34	-28.199999	3
1359001363347	1359001363347	-25.32	-29.099998	-28.26	3
1359001363368	1359001363368	-25.199999	-28.859999	-28.199999	3
1359001363388	1359001363388	-25.26	-28.619999	-28.26	3
1359001363408	1359001363408	-25.14	-28.56	-28.439999	3
1359001363429	1359001363429	-25.019999	-28.38	-28.5	3
1359001363448	1359001363448	-24.9	-28.38	-28.439999	3
1359001363470	1359001363470	-24.84	-28.08	-28.199999	3
1359001363489	1359001363489	-24.66	-27.96	-28.019999	3
1359001363509	1359001363509	-24.6	-28.14	-27.779999	3
1359001363531	1359001363531	-24.72	-28.26	-27.539999	3
1359001363550	1359001363550	-24.72	-28.439999	-27.48	3
1359001363570	1359001363570	-24.84	-28.56	-27.3	3
1359001363590	1359001363590	-24.66	-28.859999	-27.0	3
1359001363611	1359001363611	-24.66	-29.099998	-26.76	3
1359001363630	1359001363630	-24.6	-29.34	-26.64	3
1359001363651	1359001363651	-24.6	-29.82	-26.519999	3
1359001363671	1359001363671	-24.539999	-30.06	-26.58	3
1359001363691	1359001363691	-24.119999	-30.42	-26.58	3
1359001363712	1359001363712	-23.82	-30.779999	-26.58	3
1359001363731	1359001363731	-23.34	-31.32	-26.4	3
1359001363751	1359001363751	-22.98	-31.679998	-26.4	3
1359001363772	1359001363772	-22.56	-31.98	-26.46	3
1359001363792	1359001363792	-21.9	-32.46	-26.4	3
1359001363812	1359001363812	-21.18	-32.76	-26.22	3
1359001363832	1359001363832	-20.52	-33.18	-25.92	3
1359001363852	1359001363852	-19.92	-33.719997	-25.92	3
1359001363872	1359001363872	-19.14	-34.079998	-25.74	3
1359001363893	1359001363893	-18.42	-34.5	-25.56	3
1359001363913	1359001363913	-17.64	-34.92	-25.38	3
1359001363933	1359001363933	-16.74	-35.399998	-24.9	3
1359001363953	1359001363953	-15.9	-35.94	-24.48	3
1359001363973	1359001363973	-15.059999	-36.54	-24.18	3
1359001363994	1359001363994	-14.099999	-37.14	-23.88	3
1359001364014	1359001364014	-13.0199995	-37.5	-23.64	3
1359001364034	1359001364034	-11.94	-37.92	-23.519999	3
1359001364054	1359001364054	-10.98	-38.16	-23.4	3
1359001364074	1359001364074	-9.719999	-38.46	-23.1	3
1359001364094	1359001364094	-8.639999	-38.76	-23.039999	3
1359001364115	1359001364115	-7.44	-39.12	-23.1	3
1359001364135	1359001364135	-6.06	-39.18	-23.039999	3
1359001364155	1359001364155	-4.8599997	-39.239998	-22.98	3
1359001364176	1359001364176	-3.72	-39.42	-22.74	3
1359001364195	1359001364195	-2.52	-39.66	-22.56	3
1359001364216	1359001364216	-1.38	-39.66	-22.26	3
1359001364236	1359001364236	-0.71999997	-39.6	-22.32	3
1359001364256	1359001364256	0.42	-39.78	-22.26	3
1359001364277	1359001364277	1.5	-39.78	-22.26	3
1359001364296	1359001364296	2.34	-39.84	-22.26	3
1359001364317	1359001364317	3.24	-39.719997	-22.26	3
1359001364337	1359001364337	4.14	-39.84	-22.08	3
1359001364357	1359001364357	4.8599997	-39.66	-22.02	3
1359001364377	1359001364377	5.7599998	-39.66	-21.96	3
1359001364397	1359001364397	6.6	-39.66	-21.84	3
1359001364417	1359001364417	7.02	-39.6	-21.779999	3
1359001364437	1359001364437	7.3199997	-39.239998	-21.72	3
1359001364458	1359001364458	7.7999997	-39.239998	-21.66	3
1359001364478	1359001364478	8.16	-39.36	-21.66	3
1359001364498	1359001364498	8.34	-39.059998	-21.66	3
1359001364518	1359001364518	8.58	-39.0	-21.6	3
1359001364538	1359001364538	8.76	-39.059998	-21.6	3
1359001364559	1359001364559	9.179999	-39.0	-21.48	3
1359001364579	1359001364579	9.42	-39.12	-21.359999	3
1359001364599	1359001364599	9.719999	-39.239998	-21.18	3
1359001364619	1359001364619	9.719999	-39.18	-21.0	3
1359001364639	1359001364639	9.9	-39.54	-20.76	3
1359001364659	1359001364659	9.9	-39.66	-20.58	3
1359001364680	1359001364680	9.719999	-39.78	-20.16	3
1359001364700	1359001364700	9.42	-39.78	-19.92	3
1359001364720	1359001364720	9.179999	-39.899998	-19.98	3
1359001364742	1359001364742	9.12	-39.6	-19.92	3
1359001364761	1359001364761	8.88	-39.78	-19.74	3
1359001364781	1359001364781	8.76	-39.96	-19.56	3
1359001364802	1359001364802	8.34	-39.719997	-19.14	3
1359001364822	1359001364822	8.28	-39.78	-18.96	3
1359001364842	1359001364842	7.9199996	-40.079998	-19.02	3
1359001364862	1359001364862	7.68	-40.379997	-18.9	3
1359001364882	1359001364882	7.14	-40.62	-18.48	3
1359001364902	1359001364902	6.54	-40.92	-18.119999	3
1359001364922	1359001364922	6.06	-41.04	-18.18	3
1359001364943	1359001364943	5.4	-41.04	-18.359999	3
1359001364963	1359001364963	5.04	-41.1	-18.84	3
1359001364983	1359001364983	4.44	-41.28	-19.08	3
1359001365003	1359001365003	3.9599998	-41.34	-19.08	3
1359001365023	1359001365023	3.36	-41.219997	-19.199999	3
1359001365043	1359001365043	2.9399998	-41.219997	-19.56	3
1359001365064	1359001365064	2.3999999	-41.04	-19.92	3
1359001365084	1359001365084	1.9799999	-41.219997	-20.1	3
1359001365104	1359001365104	1.68	-41.219997	-20.039999	3
1359001365125	1359001365125	1.0799999	-41.34	-20.16	3
1359001365146	1359001365146	0.65999997	-41.28	-20.22	3
1359001365166	1359001365166	0.48	-41.04	-20.52	3
1359001365186	1359001365186	0.24	-40.92	-20.64	3
1359001365207	1359001365207	0.12	-40.98	-20.699999	3
1359001365227	1359001365227	-0.12	-41.219997	-20.699999	3
1359001365247	1359001365247	-0.29999998	-40.98	-20.699999	3
1359001365267	1359001365267	-0.53999996	-40.92	-20.88	3
1359001365288	1359001365288	-0.59999996	-40.8	-20.939999	3
1359001365308	1359001365308	-0.59999996	-40.68	-21.0	3
1359001365328	1359001365328	-0.9	-40.8	-21.06	3
1359001365348	1359001365348	-0.9	-40.86	-21.359999	3
1359001365368	1359001365368	-1.26	-40.559998	-21.66	3
1359001365388	1359001365388	-1.26	-40.379997	-21.84	3
1359001365409	1359001365409	-1.56	-40.379997	-21.9	3
1359001365429	1359001365429	-1.74	-40.62	-21.66	3
1359001365449	1359001365449	-1.8	-40.739998	-21.539999	3
1359001365469	1359001365469	-1.8	-41.04	-21.42	3
1359001365489	1359001365489	-1.62	-41.04	-21.3	3
1359001365510	1359001365510	-1.26	-40.98	-20.939999	3
1359001365530	1359001365530	-0.59999996	-41.04	-20.939999	3
1359001365550	1359001365550	-0.06	-41.04	-20.939999	3
1359001365571	1359001365571	0.65999997	-41.04	-21.24	3
1359001365590	1359001365590	1.26	-40.68	-21.6	3
1359001365611	1359001365611	1.92	-40.44	-21.96	3
1359001365631	1359001365631	2.52	-40.14	-22.439999	3
1359001365651	1359001365651	3.06	-40.02	-22.68	3
1359001365671	1359001365671	3.36	-40.02	-23.039999	3
1359001365691	1359001365691	3.8999999	-39.84	-23.279999	3
1359001365711	1359001365711	4.3199997	-39.78	-23.46	3
1359001365731	1359001365731	4.74	-39.48	-23.519999	3
1359001365752	1359001365752	5.04	-39.36	-23.699999	3
1359001365772	1359001365772	5.46	-39.18	-24.0	3
1359001365792	1359001365792	5.7599998	-39.12	-24.119999	3
1359001365812	1359001365812	5.7599998	-38.879997	-24.3	3
1359001365832	1359001365832	6.06	-38.7	-24.359999	3
1359001365852	1359001365852	5.8199997	-38.579998	-24.48	3
1359001365873	1359001365873	5.94	-38.28	-24.66	3
1359001365893	1359001365893	5.8199997	-38.34	-24.84	3
1359001365913	1359001365913	5.7	-38.1	-25.019999	3
1359001365933	1359001365933	5.4	-38.04	-24.84	3
1359001365953	1359001365953	5.16	-37.98	-24.42	3
1359001365973	1359001365973	5.1	-38.1	-24.119999	3
1359001365994	1359001365994	4.8599997	-38.16	-24.0	3
1359001366014	1359001366014	4.5	-38.399998	-23.58	3
1359001366034	1359001366034	3.8999999	-38.7	-23.279999	3
1359001366055	1359001366055	3.3	-38.82	-23.039999	3
1359001366076	1359001366076	2.9399998	-39.239998	-22.859999	3
1359001366096	1359001366096	2.46	-39.6	-22.74	3
1359001366117	1359001366117	1.86	-39.66	-22.74	3
1359001366137	1359001366137	1.3199999	-39.6	-22.74	3
1359001366157	1359001366157	0.42	-39.719997	-22.619999	3
1359001366179	1359001366179	-0.12	-39.66	-22.68	3
1359001366197	1359001366197	-0.59999996	-39.84	-22.439999	3
1359001366218	1359001366218	-1.38	-39.899998	-22.26	3
1359001366238	1359001366238	-1.92	-40.02	-21.84	3
1359001366258	1359001366258	-2.6399999	-40.079998	-21.42	3
1359001366278	1359001366278	-3.1799998	-40.2	-21.3	3
1359001366298	1359001366298	-3.6599998	-40.559998	-21.119999	3
1359001366318	1359001366318	-3.8999999	-40.559998	-20.76	3
1359001366338	1359001366338	-4.02	-40.739998	-20.58	3
1359001366359	1359001366359	-4.14	-40.8	-20.4	3
1359001366379	1359001366379	-3.84	-40.62	-20.16	3
1359001366399	1359001366399	-3.78	-40.62	-20.279999	3
1359001366422	1359001366422	-3.48	-40.5	-20.22	3
1359001366440	1359001366440	-3.0	-40.5	-20.16	3
1359001366460	1359001366460	-2.58	-40.379997	-19.98	3
1359001366481	1359001366481	-2.1599998	-40.379997	-19.92	3
1359001366501	1359001366501	-1.9799999	-40.379997	-19.74	3
1359001366521	1359001366521	-1.68	-40.5	-19.619999	3
1359001366541	1359001366541	-1.26	-40.739998	-19.32	3
1359001366561	1359001366561	-0.9	-40.739998	-18.84	3
1359001366581	1359001366581	-0.48	-40.86	-18.66	3
1359001366602	1359001366602	-0.42	-40.739998	-18.539999	3
1359001366622	1359001366622	-0.12	-40.8	-18.539999	3
1359001366642	1359001366642	0.06	-40.62	-18.6	3
1359001366662	1359001366662	0.65999997	-40.68	-18.9	3
1359001366682	1359001366682	1.02	-40.379997	-19.32	3
1359001366702	1359001366702	1.38	-40.32	-19.619999	3
1359001366723	1359001366723	1.68	-40.26	-19.92	3
1359001366743	1359001366743	1.9799999	-40.079998	-20.22	3
1359001366763	1359001366763	2.52	-40.14	-20.34	3
1359001366783	1359001366783	2.8799999	-40.02	-20.34	3
1359001366804	1359001366804	3.3	-40.079998	-20.279999	3
1359001366824	1359001366824	3.72	-40.02	-20.22	3
1359001366844	1359001366844	4.02	-40.2	-20.039999	3
1359001366864	1359001366864	4.5	-40.2	-20.039999	3
1359001366885	1359001366885	4.74	-40.32	-19.8	3
1359001366906	1359001366906	5.1	-40.5	-19.8	3
1359001366926	1359001366926	5.1	-40.559998	-19.74	3
1359001366946	1359001366946	5.3399997	-40.62	-19.74	3
1359001366967	1359001366967	5.46	-40.62	-19.859999	3
1359001366987	1359001366987	5.3399997	-40.62	-19.8	3
1359001367008	1359001367008	5.2799997	-40.559998	-19.56	3
1359001367027	1359001367027	5.1	-40.559998	-19.439999	3
1359001367047	1359001367047	4.98	-40.62	-19.38	3
1359001367067	1359001367067	4.7999997	-40.739998	-18.96	3
1359001367088	1359001367088	4.8599997	-40.8	-18.66	3
1359001367108	1359001367108	4.62	-40.8	-18.6	3
1359001367128	1359001367128	4.44	-41.04	-18.359999	3
1359001367148	1359001367148	4.38	-41.04	-18.359999	3
1359001367168	1359001367168	4.38	-40.98	-18.42	3
1359001367188	1359001367188	4.2	-40.86	-18.48	3
1359001367208	1359001367208	3.8999999	-40.68	-18.72	3
1359001367229	1359001367229	3.48	-40.559998	-19.26	3
1359001367249	1359001367249	3.06	-40.44	-19.439999	3
1359001367269	1359001367269	2.34	-40.26	-19.68	3
1359001367289	1359001367289	1.56	-40.14	-19.92	3
1359001367309	1359001367309	0.9	-40.2	-19.8	3
1359001367330	1359001367330	0.06	-40.5	-19.98	3
1359001367350	1359001367350	-0.48	-40.68	-19.74	3
1359001367370	1359001367370	-0.96	-40.68	-19.619999	3
1359001367390	1359001367390	-1.3199999	-40.62	-19.56	3
1359001367410	1359001367410	-1.86	-40.739998	-19.56	3
1359001367431	1359001367431	-2.04	-40.8	-19.68	3
1359001367451	1359001367451	-2.1599998	-40.8	-19.439999	3
1359001367471	1359001367471	-2.58	-40.68	-19.32	3
1359001367491	1359001367491	-2.76	-40.62	-19.14	3
1359001367511	1359001367511	-3.0	-40.68	-19.14	3
1359001367531	1359001367531	-3.36	-40.5	-19.14	3
1359001367551	1359001367551	-3.6	-40.5	-19.14	3
1359001367572	1359001367572	-3.72	-40.32	-19.199999	3
1359001367592	1359001367592	-3.78	-40.5	-18.9	3
1359001367612	1359001367612	-3.78	-40.559998	-18.66	3
1359001367632	1359001367632	-3.6599998	-40.62	-18.66	3
1359001367653	1359001367653	-3.36	-40.86	-18.6	3
1359001367672	1359001367672	-3.12	-40.62	-18.6	3
1359001367692	1359001367692	-2.76	-40.739998	-18.779999	3
1359001367714	1359001367714	-2.28	-40.68	-18.779999	3
1359001367733	1359001367733	-1.8	-40.739998	-18.9	3
1359001367753	1359001367753	-1.4399999	-40.62	-19.08	3
1359001367773	1359001367773	-0.9	-40.739998	-19.439999	3
1359001367793	1359001367793	-0.48	-40.62	-19.74	3
1359001367814	1359001367814	-0.06	-40.26	-20.1	3
1359001367834	1359001367834	0.42	-40.2	-20.46	3
1359001367855	1359001367855	0.9	-40.079998	-20.4	3
1359001367876	1359001367876	1.5	-40.02	-20.52	3
1359001367896	1359001367896	1.9799999	-40.079998	-20.64	3
1359001367916	1359001367916	2.52	-40.02	-20.76	3
1359001367937	1359001367937	3.06	-39.899998	-20.82	3
1359001367957	1359001367957	3.72	-39.899998	-20.82	3
1359001367978	1359001367978	3.9599998	-39.899998	-20.699999	3
1359001367998	1359001367998	4.3199997	-39.78	-20.52	3
1359001368023	1359001368023	4.62	-39.899998	-20.46	3
1359001368040	1359001368040	4.7999997	-39.899998	-20.039999	3
1359001368059	1359001368059	4.98	-39.84	-19.859999	3
1359001368079	1359001368079	5.04	-39.54	-19.74	3
1359001368099	1359001368099	5.16	-39.42	-19.619999	3
1359001368119	1359001368119	4.98	-39.48	-19.14	3
1359001368139	1359001368139	5.04	-39.78	-18.779999	3
1359001368159	1359001368159	4.7999997	-39.96	-18.3	3
1359001368179	1359001368179	4.74	-39.899998	-18.119999	3
1359001368199	1359001368199	4.62	-40.079998	-18.24	3
1359001368220	1359001368220	4.3199997	-40.26	-18.06	3
1359001368240	1359001368240	4.14	-40.62	-18.0	3
1359001368260	1359001368260	3.84	-40.8	-17.76	3
1359001368280	1359001368280	3.6	-40.86	-17.88	3
1359001368300	1359001368300	3.3	-40.739998	-17.94	3
1359001368321	1359001368321	3.1799998	-40.739998	-17.94	3
1359001368341	1359001368341	2.46	-40.86	-17.94	3
1359001368361	1359001368361	2.04	-40.92	-17.82	3
1359001368381	1359001368381	1.68	-40.98	-17.58	3
1359001368401	1359001368401	1.0799999	-40.98	-17.34	3
1359001368421	1359001368421	0.65999997	-40.92	-17.1	3
1359001368442	1359001368442	0.17999999	-40.98	-16.98	3
1359001368462	1359001368462	-0.29999998	-40.98	-16.859999	3
1359001368483	1359001368483	-0.84	-41.04	-16.92	3
1359001368503	1359001368503	-0.9	-40.98	-16.8	3
1359001368523	1359001368523	-0.96	-40.98	-16.68	3
1359001368543	1359001368543	-0.84	-40.68	-16.8	3
1359001368563	1359001368563	-0.84	-40.559998	-17.16	3
1359001368584	1359001368584	-0.78	-40.5	-17.4	3
1359001368604	1359001368604	-0.9	-40.379997	-17.76	3
1359001368624	1359001368624	-0.65999997	-40.2	-18.18	3
1359001368644	1359001368644	-0.48	-40.14	-18.539999	3
1359001368665	1359001368665	-0.53999996	-40.079998	-18.779999	3
1359001368685	1359001368685	-0.59999996	-40.14	-18.96	3
1359001368705	1359001368705	-0.65999997	-40.14	-18.9	3
1359001368725	1359001368725	-0.35999998	-40.32	-18.539999	3
1359001368746	1359001368746	-0.06	-40.32	-18.48	3
1359001368766	1359001368766	0.42	-40.14	-18.06	3
1359001368786	1359001368786	0.84	-40.26	-17.94	3
1359001368806	1359001368806	1.5	-40.14	-17.82	3
1359001368826	1359001368826	2.22	-40.14	-18.0	3
1359001368847	1359001368847	3.06	-39.96	-18.3	3
1359001368867	1359001368867	3.6	-39.6	-18.72	3
1359001368887	1359001368887	4.02	-39.239998	-19.26	3
1359001368907	1359001368907	4.5	-39.059998	-19.619999	3
1359001368927	1359001368927	5.04	-38.94	-20.22	3
1359001368947	1359001368947	5.3399997	-38.52	-20.64	3
1359001368967	1359001368967	5.58	-38.16	-20.88	3
1359001368987	1359001368987	6.0	-37.86	-21.0	3
1359001369008	1359001369008	6.3599997	-37.559998	-21.119999	3
1359001369028	1359001369028	6.7799997	-37.38	-21.18	3
1359001369048	1359001369048	7.3799996	-37.079998	-20.939999	3
1359001369068	1359001369068	7.44	-36.899998	-20.76	3
1359001369089	1359001369089	7.74	-36.66	-20.52	3
1359001369109	1359001369109	7.9199996	-36.66	-20.34	3
1359001369129	1359001369129	8.099999	-36.6	-20.1	3
1359001369149	1359001369149	8.22	-36.42	-19.859999	3
1359001369169	1359001369169	8.16	-36.54	-19.68	3
1359001369190	1359001369190	8.099999	-36.719997	-19.38	3
1359001369210	1359001369210	7.8599997	-36.899998	-19.32	3
1359001369230	1359001369230	7.7999997	-37.079998	-19.14	3
1359001369250	1359001369250	7.5	-37.079998	-18.84	3
1359001369270	1359001369270	7.3799996	-37.2	-18.779999	3
1359001369290	1359001369290	7.08	-37.32	-18.6	3
1359001369311	1359001369311	6.72	-37.5	-18.6	3
1359001369331	1359001369331	6.42	-37.44	-18.42	3
1359001369351	1359001369351	6.12	-37.5	-18.779999	3
1359001369372	1359001369372	5.7	-37.38	-18.72	3
1359001369391	1359001369391	5.2799997	-37.32	-18.72	3
1359001369412	1359001369412	4.8599997	-37.5	-19.08	3
1359001369432	1359001369432	4.2599998	-37.38	-18.96	3
1359001369452	1359001369452	3.6	-37.559998	-19.08	3
1359001369472	1359001369472	2.8799999	-37.8	-18.66	3
1359001369493	1359001369493	2.22	-37.92	-18.72	3
1359001369512	1359001369513	1.5	-38.1	-18.24	3
1359001369533	1359001369533	0.96	-38.219997	-17.94	3
1359001369553	1359001369553	0.48	-38.28	-17.76	3
1359001369573	1359001369573	0.17999999	-38.34	-17.58	3
1359001369593	1359001369593	-0.24	-38.52	-17.4	3
1359001369613	1359001369613	-0.29999998	-38.46	-17.4	3
1359001369633	1359001369633	-0.24	-38.28	-17.52	3
1359001369661	1359001369661	-0.24	-38.34	-17.46	3
1359001369678	1359001369678	-0.24	-37.92	-17.52	3
1359001369698	1359001369698	-0.29999998	-37.68	-17.82	3
1359001369718	1359001369718	-0.06	-37.26	-18.119999	3
1359001369748	1359001369748	0.29999998	-36.899998	-18.48	3
1359001369780	1359001369780	0.59999996	-36.66	-18.6	3
1359001369790	1359001369790	0.84	-36.42	-18.72	3
1359001369810	1359001369810	1.0799999	-35.94	-18.72	3
1359001369830	1359001369830	1.56	-35.88	-19.08	3
1359001369851	1359001369851	2.28	-35.82	-19.32	3
1359001369871	1359001369871	3.12	-35.82	-19.199999	3
1359001369891	1359001369891	3.78	-35.64	-19.56	3
1359001369911	1359001369911	4.3199997	-35.64	-19.74	3
1359001369931	1359001369931	4.8599997	-35.28	-19.98	3
1359001369951	1359001369951	5.4	-35.04	-20.279999	3
1359001369972	1359001369972	5.7599998	-34.92	-20.46	3
1359001369992	1359001369992	5.94	-34.739998	-20.699999	3
1359001370012	1359001370012	6.18	-34.38	-20.82	3
1359001370032	1359001370032	6.3599997	-33.96	-20.939999	3
1359001370052	1359001370052	6.2999997	-33.84	-20.82	3
1359001370073	1359001370073	6.54	-33.42	-20.82	3
1359001370093	1359001370093	6.8399997	-33.6	-21.0	3
1359001370113	1359001370113	6.8999996	-33.48	-20.76	3
1359001370133	1359001370133	6.96	-33.3	-20.939999	3
1359001370153	1359001370153	7.14	-33.18	-20.88	3
1359001370173	1359001370173	7.02	-33.12	-20.939999	3
1359001370194	1359001370194	6.96	-32.94	-21.0	3
1359001370214	1359001370214	7.02	-32.76	-21.18	3
1359001370234	1359001370234	6.8999996	-32.52	-21.3	3
1359001370254	1359001370254	6.54	-32.34	-21.48	3
1359001370275	1359001370275	6.48	-32.219997	-21.6	3
1359001370296	1359001370296	6.54	-32.34	-21.48	3
1359001370316	1359001370316	6.24	-32.219997	-21.42	3
1359001370337	1359001370337	6.06	-32.1	-21.42	3
1359001370356	1359001370356	5.64	-32.28	-21.6	3
1359001370376	1359001370376	5.4	-32.28	-21.48	3
1359001370397	1359001370397	5.04	-32.399998	-21.6	3
1359001370417	1359001370417	4.8599997	-32.28	-21.42	3
1359001370437	1359001370437	4.62	-32.28	-21.48	3
1359001370458	1359001370458	4.2	-32.219997	-21.6	3
1359001370477	1359001370477	4.02	-32.28	-21.6	3
1359001370497	1359001370497	3.72	-32.219997	-21.48	3
1359001370518	1359001370518	3.3	-32.28	-21.24	3
1359001370538	1359001370538	2.8799999	-32.52	-21.0	3
1359001370558	1359001370558	2.46	-32.64	-20.64	3
1359001370578	1359001370578	1.92	-32.88	-20.46	3
1359001370598	1359001370598	1.38	-32.94	-20.039999	3
1359001370618	1359001370618	0.9	-32.94	-19.68	3
1359001370638	1359001370638	0.42	-33.18	-19.38	3
1359001370659	1359001370659	0.06	-33.42	-19.26	3
1359001370679	1359001370679	-0.12	-33.48	-19.08	3
1359001370699	1359001370699	-0.35999998	-33.42	-19.02	3
1359001370719	1359001370719	-0.35999998	-33.42	-18.779999	3
1359001370739	1359001370739	-0.35999998	-33.48	-18.66	3
1359001370760	1359001370760	-0.29999998	-33.54	-18.72	3
1359001370780	1359001370780	-0.12	-33.48	-18.84	3
1359001370800	1359001370800	-0.06	-33.42	-18.84	3
1359001370820	1359001370820	-0.12	-33.42	-18.779999	3
1359001370840	1359001370840	-0.06	-33.66	-18.6	3
1359001370870	1359001370870	0.17999999	-34.02	-18.24	3
1359001370889	1359001370889	0.24	-34.32	-17.88	3
1359001370909	1359001370909	0.24	-34.68	-17.52	3
1359001370930	1359001370930	0.17999999	-34.98	-17.279999	3
1359001370950	1359001370950	0.42	-35.28	-16.859999	3
1359001370970	1359001370970	0.35999998	-35.46	-16.68	3
1359001370990	1359001370990	0.65999997	-35.7	-16.44	3
1359001371010	1359001371010	0.96	-35.82	-16.44	3
1359001371030	1359001371030	1.02	-35.7	-16.859999	3
1359001371051	1359001371051	1.14	-35.82	-16.92	3
1359001371071	1359001371071	1.4399999	-35.579998	-17.16	3
1359001371091	1359001371091	1.8	-35.579998	-17.34	3
1359001371111	1359001371111	1.86	-35.82	-17.52	3
1359001371131	1359001371131	2.22	-36.0	-17.46	3
1359001371153	1359001371153	2.46	-36.12	-17.58	3
1359001371173	1359001371173	2.76	-36.12	-17.58	3
1359001371193	1359001371193	3.0	-36.18	-17.34	3
1359001371213	1359001371213	3.3	-36.3	-17.34	3
1359001371233	1359001371233	3.6	-36.54	-17.4	3
1359001371253	1359001371253	3.9599998	-36.719997	-17.22	3
1359001371273	1359001371273	4.08	-36.899998	-17.22	3
1359001371293	1359001371293	4.38	-37.079998	-17.46	3
1359001371314	1359001371314	4.44	-37.38	-17.52	3
1359001371334	1359001371334	4.5	-37.739998	-17.64	3
1359001371354	1359001371354	4.62	-38.04	-18.0	3
1359001371375	1359001371375	4.62	-38.16	-18.359999	3
1359001371395	1359001371395	4.38	-38.64	-18.359999	3
1359001371415	1359001371415	4.2	-39.059998	-18.6	3
1359001371435	1359001371435	3.8999999	-39.3	-18.6	3
1359001371455	1359001371455	3.4199998	-39.84	-18.48	3
1359001371488	1359001371488	3.06	-40.079998	-18.48	3
1359001371499	1359001371499	2.58	-40.44	-18.48	3
1359001371516	1359001371516	2.28	-40.8	-18.359999	3
1359001371536	1359001371536	1.68	-41.219997	-18.48	3
1359001371556	1359001371556	1.3199999	-41.46	-18.6	3
1359001371576	1359001371576	0.65999997	-41.64	-18.42	3
1359001371607	1359001371607	-0.29999998	-42.0	-18.539999	3
1359001371627	1359001371627	-0.65999997	-42.12	-18.6	3
1359001371647	1359001371647	-1.14	-42.42	-18.48	3
1359001371667	1359001371667	-1.8	-42.6	-18.24	3
1359001371687	1359001371687	-2.52	-42.899998	-17.94	3
1359001371707	1359001371707	-2.9399998	-43.14	-17.58	3
1359001371728	1359001371728	-3.4199998	-43.44	-17.58	3
1359001371748	1359001371748	-3.78	-43.739998	-17.46	3
1359001371768	1359001371768	-4.02	-43.92	-17.279999	3
1359001371788	1359001371788	-4.2599998	-44.1	-17.1	3
1359001371808	1359001371808	-4.44	-44.219997	-16.8	3
1359001371829	1359001371829	-4.44	-44.46	-16.8	3
1359001371849	1359001371849	-4.3199997	-44.579998	-16.8	3
1359001371869	1359001371869	-4.2599998	-44.7	-16.859999	3
1359001371889	1359001371889	-4.2	-44.7	-16.8	3
1359001371909	1359001371909	-3.9599998	-44.64	-16.68	3
1359001371929	1359001371929	-4.02	-44.82	-16.56	3
1359001371950	1359001371950	-3.78	-44.94	-16.38	3
1359001371970	1359001371970	-3.48	-45.18	-16.32	3
1359001371990	1359001371990	-3.36	-45.3	-16.14	3
1359001372010	1359001372010	-3.12	-45.36	-15.719999	3
1359001372030	1359001372030	-2.7	-45.6	-15.299999	3
1359001372050	1359001372050	-2.1	-45.84	-15.0	3
1359001372071	1359001372071	-1.62	-46.2	-14.759999	3
1359001372091	1359001372091	-0.84	-46.079998	-14.46	3
1359001372111	1359001372111	-0.35999998	-46.14	-14.5199995	3
1359001372131	1359001372131	0.06	-46.14	-14.4	3
1359001372151	1359001372151	0.71999997	-46.2	-14.219999	3
1359001372171	1359001372171	1.3199999	-46.32	-14.34	3
1359001372191	1359001372191	1.74	-46.32	-14.58	3
1359001372212	1359001372212	2.04	-46.2	-14.46	3
1359001372232	1359001372232	2.3999999	-46.079998	-14.4	3
1359001372252	1359001372252	2.8799999	-46.32	-14.58	3
1359001372272	1359001372272	3.4199998	-46.32	-14.58	3
1359001372293	1359001372293	3.9599998	-46.2	-14.759999	3
1359001372313	1359001372313	4.5	-46.079998	-14.94	3
1359001372333	1359001372333	4.98	-45.899998	-15.12	3
1359001372353	1359001372353	5.3399997	-45.78	-15.179999	3
1359001372373	1359001372373	5.7	-45.719997	-15.42	3
1359001372393	1359001372393	6.06	-45.6	-15.719999	3
1359001372414	1359001372414	6.0	-45.539997	-15.78	3
1359001372434	1359001372434	6.12	-45.66	-15.54	3
1359001372454	1359001372454	5.94	-45.899998	-15.36	3
1359001372474	1359001372474	5.7	-45.899998	-15.36	3
1359001372494	1359001372494	5.52	-46.14	-15.12	3
1359001372515	1359001372515	5.22	-46.32	-14.94	3
1359001372535	1359001372535	4.7999997	-46.379997	-14.58	3
1359001372555	1359001372555	4.38	-46.68	-14.04	3
1359001372575	1359001372575	3.9599998	-46.559998	-13.5	3
1359001372595	1359001372595	3.4199998	-46.62	-13.44	3
1359001372616	1359001372616	2.7	-46.62	-12.96	3
1359001372636	1359001372636	2.46	-46.739998	-12.36	3
1359001372657	1359001372657	1.9799999	-46.86	-11.759999	3
1359001372677	1359001372677	1.5	-46.8	-11.46	3
1359001372697	1359001372697	1.02	-46.92	-11.4	3
1359001372717	1359001372717	0.71999997	-46.86	-11.34	3
1359001372737	1359001372737	0.71999997	-47.16	-11.58	3
1359001372757	1359001372757	0.35999998	-47.1	-11.46	3
1359001372777	1359001372777	0.35999998	-47.16	-11.639999	3
1359001372797	1359001372797	-0.06	-47.16	-11.759999	3
1359001372818	1359001372818	-0.29999998	-47.16	-12.24	3
1359001372838	1359001372838	-0.59999996	-47.219997	-12.24	3
1359001372858	1359001372858	-0.53999996	-47.28	-12.48	3
1359001372878	1359001372878	-0.96	-47.28	-12.42	3
1359001372898	1359001372918	-1.5	-47.219997	-12.24	3
1359001372938	1359001372938	-1.74	-47.039997	-12.42	3
1359001372959	1359001372959	-1.86	-47.1	-12.9	3
1359001372979	1359001372979	-2.1599998	-47.039997	-12.9	3
1359001372999	1359001372999	-2.34	-46.98	-12.84	3
1359001373019	1359001373019	-2.46	-46.92	-12.599999	3
1359001373039	1359001373039	-2.1599998	-46.98	-12.78	3
1359001373059	1359001373059	-1.8	-46.92	-12.84	3
1359001373080	1359001373080	-1.56	-46.8	-12.9	3
1359001373101	1359001373101	-1.1999999	-46.98	-12.599999	3
1359001373120	1359001373120	-0.96	-46.86	-12.12	3
1359001373140	1359001373140	-0.35999998	-46.92	-11.82	3
1359001373160	1359001373160	0.12	-46.92	-11.58	3
1359001373181	1359001373181	0.53999996	-46.86	-11.28	3
1359001373201	1359001373201	1.02	-46.8	-10.92	3
1359001373221	1359001373221	1.5	-46.92	-10.679999	3
1359001373241	1359001373241	1.9799999	-46.98	-10.5	3
1359001373262	1359001373262	2.58	-46.8	-10.559999	3
1359001373281	1359001373281	3.3	-46.68	-10.8	3
1359001373301	1359001373301	3.8999999	-46.62	-10.74	3
1359001373323	1359001373323	4.74	-46.44	-10.92	3
1359001373343	1359001373343	5.4	-46.26	-11.16	3
1359001373362	1359001373362	5.8799996	-46.079998	-11.4	3
1359001373384	1359001373384	6.3599997	-45.78	-11.639999	3
1359001373404	1359001373404	6.8399997	-45.539997	-12.24	3
1359001373424	1359001373424	7.44	-45.42	-12.719999	3
1359001373444	1359001373444	7.74	-45.3	-13.139999	3
1359001373464	1359001373464	7.98	-44.879997	-13.74	3
1359001373484	1359001373484	8.28	-44.82	-14.28	3
1359001373504	1359001373504	8.46	-44.76	-14.639999	3
1359001373524	1359001373524	8.7	-44.64	-15.24	3
1359001373545	1359001373545	8.94	-44.7	-15.48	3
1359001373565	1359001373565	9.12	-44.7	-15.48	3
1359001373585	1359001373585	9.0	-44.579998	-15.299999	3
1359001373605	1359001373605	9.179999	-44.82	-15.179999	3
1359001373626	1359001373626	9.24	-45.0	-15.059999	3
1359001373646	1359001373646	9.48	-45.12	-15.059999	3
1359001373666	1359001373666	9.48	-45.239998	-14.94	3
1359001373686	1359001373686	9.66	-45.3	-14.7	3
1359001373706	1359001373706	9.48	-45.12	-14.759999	3
1359001373726	1359001373726	9.54	-45.18	-14.7	3
1359001373747	1359001373747	9.719999	-45.36	-14.759999	3
1359001373767	1359001373767	9.66	-45.18	-14.82	3
1359001373787	1359001373787	9.78	-45.0	-15.12	3
1359001373807	1359001373807	9.66	-44.82	-15.12	3
1359001373827	1359001373827	9.66	-44.64	-15.48	3
1359001373848	1359001373848	9.42	-44.46	-15.42	3
1359001373868	1359001373868	9.66	-44.52	-15.24	3
1359001373888	1359001373888	9.42	-44.28	-15.179999	3
1359001373908	1359001373908	9.48	-44.04	-15.299999	3
1359001373928	1359001373928	9.42	-43.98	-15.36	3
1359001373948	1359001373948	9.24	-44.04	-15.12	3
1359001373968	1359001373968	9.0	-43.98	-15.24	3
1359001373989	1359001373989	8.76	-44.219997	-14.94	3
1359001374009	1359001374009	8.58	-44.399998	-15.179999	3
1359001374029	1359001374029	8.46	-44.46	-15.48	3
1359001374049	1359001374049	8.58	-44.76	-15.42	3
1359001374069	1359001374069	8.34	-45.0	-15.299999	3
1359001374089	1359001374089	8.04	-45.12	-15.299999	3
1359001374110	1359001374110	7.9199996	-45.18	-15.24	3
1359001374130	1359001374130	7.8599997	-45.42	-15.12	3
1359001374150	1359001374150	7.98	-45.36	-15.299999	3
1359001374170	1359001374170	8.04	-45.36	-15.299999	3
1359001374191	1359001374191	8.099999	-45.48	-15.179999	3
1359001374211	1359001374211	7.9199996	-45.42	-15.36	3
1359001374231	1359001374231	7.98	-45.36	-15.54	3
1359001374251	1359001374271	8.04	-45.3	-15.66	3
1359001374291	1359001374291	8.099999	-45.12	-15.839999	3
1359001374313	1359001374313	8.16	-44.94	-16.02	3
1359001374332	1359001374332	8.22	-44.64	-16.38	3
1359001374354	1359001374354	8.099999	-44.28	-16.5	3
1359001374373	1359001374373	8.099999	-43.92	-16.56	3
1359001374393	1359001374394	8.16	-43.559998	-16.8	3
1359001374414	1359001374414	8.22	-43.32	-17.1	3
1359001374434	1359001374434	8.4	-42.84	-17.34	3
1359001374454	1359001374454	8.58	-42.66	-17.4	3
1359001374474	1359001374474	8.46	-42.42	-17.58	3
1359001374500	1359001374500	8.46	-42.3	-17.34	3
1359001374518	1359001374518	8.76	-42.239998	-17.699999	3
1359001374539	1359001374539	8.88	-42.3	-18.0	3
1359001374559	1359001374559	8.88	-42.18	-18.0	3
1359001374580	1359001374580	9.179999	-42.18	-18.0	3
1359001374599	1359001374599	9.3	-42.239998	-17.94	3
1359001374621	1359001374621	9.48	-42.3	-18.119999	3
1359001374640	1359001374640	9.599999	-42.48	-18.24	3
1359001374662	1359001374662	9.78	-42.48	-18.42	3
1359001374682	1359001374682	9.48	-42.6	-18.359999	3
1359001374702	1359001374702	9.599999	-42.54	-18.359999	3
1359001374722	1359001374722	9.84	-42.78	-18.48	3
1359001374742	1359001374742	9.719999	-42.899998	-18.6	3
1359001374762	1359001374762	9.78	-43.14	-18.84	3
1359001374782	1359001374782	9.9	-42.96	-18.779999	3
1359001374802	1359001374802	10.2	-42.96	-18.66	3
1359001374822	1359001374822	10.38	-43.14	-18.66	3
1359001374843	1359001374843	10.74	-43.26	-18.6	3
1359001374863	1359001374863	10.679999	-43.32	-18.539999	3
1359001374883	1359001374883	10.8	-43.44	-18.3	3
1359001374903	1359001374903	11.04	-43.559998	-18.24	3
1359001374923	1359001374923	10.86	-43.559998	-17.94	3
1359001374943	1359001374943	10.62	-43.86	-17.58	3
1359001374964	1359001374964	10.5	-44.04	-17.34	3
1359001374984	1359001374984	10.2	-44.219997	-17.039999	3
1359001375004	1359001375004	10.0199995	-44.34	-16.859999	3
1359001375025	1359001375025	10.139999	-44.7	-16.619999	3
1359001375046	1359001375046	9.84	-44.879997	-16.38	3
1359001375067	1359001375067	9.719999	-44.76	-15.9	3
1359001375087	1359001375087	9.66	-44.7	-16.02	3
1359001375106	1359001375106	9.84	-44.399998	-16.199999	3
1359001375126	1359001375126	9.9	-44.28	-16.38	3
1359001375147	1359001375147	10.08	-44.04	-16.5	3
1359001375167	1359001375167	10.139999	-43.86	-16.68	3
1359001375187	1359001375187	10.139999	-43.32	-16.68	3
