65915170101000 -1.2737153 4.213795 8.255207
65915370736000 -1.1587936 4.050989 8.781932
65915571356000 -0.7182605 3.466804 8.810662
65915771007000 0.23942018 2.825158 9.3661175
65915972657000 0.61291564 2.719813 9.3661175
65916171269000 0.16280572 2.585738 9.346964
65916372330000 0.20111294 2.5187001 9.375694
65916572350000 0.62249243 2.5570073 9.433155
65916771992000 0.1436521 2.327164 9.557653
65916973029000 -0.7469909 2.1643584 9.662998
65917172143000 -1.1013328 2.834735 9.078813
65917378167000 -0.7182605 2.7964275 9.299079
65917574910000 -0.50757074 2.585738 9.615114
65917773404000 -0.51714754 2.6240451 9.279925
65917976856000 -0.90979666 2.873042 9.270349
65918176647000 -0.80445176 2.9113493 9.011775
65918374531000 -0.35434186 2.930503 8.848969
65918575479000 0.1436521 3.265691 9.002198
65918777066000 0.22026655 3.074155 9.078813
65918977047000 0.59376204 2.920926 9.222465
65919175294000 1.0342951 2.7389667 9.452309
65919375545000 1.1971009 2.96881 9.32781
65919575406000 0.8331822 3.0262709 8.916007
65919776167000 0.48841715 3.667917 8.829816
65919975247000 0.545878 2.5474305 11.042058
65920176679000 0.46926352 1.5897499 10.065224
65920376429000 0.2873042 2.633622 8.66701
65920576208000 0.33518824 3.1411927 9.595961
65920776842000 1.3120226 2.078167 9.404425
65920975487000 0.12449849 2.566584 7.97748
65921176572000 -0.22984336 3.265691 9.040505
65921377105000 -0.24899697 2.4995465 10.6877165
65921577357000 0.009576807 1.7908629 8.647857
65921776726000 0.25857377 3.1603463 8.504205
65921977861000 0.5746084 3.0550013 10.888829
65922177311000 0.21068975 2.72939 8.274361
65922378243000 -0.095768064 3.514688 8.437167
65922578387000 -0.25857377 2.432509 10.994174
65922777634000 -0.39264908 1.6950948 10.726024
65922978831000 -0.02873042 2.5091233 7.52737
65923178153000 -0.2681506 3.4380736 9.643845
65923378484000 1.4269443 2.087744 10.352529
65923579893000 -0.22984336 3.064578 7.651869
65923779251000 -0.62249243 3.9552212 9.528923
65923980574000 0.038307227 1.4269443 10.352529
65924181085000 0.2873042 2.5570073 7.4507556
65924379384000 0.047884032 3.3518825 9.442732
65924580580000 1.1779473 2.135628 9.969456
65924779912000 -0.18195933 3.0454245 7.6135616
65924979890000 -0.22984336 3.7828386 9.423578
65925181417000 0.038307227 1.3024458 11.022904
65925380373000 0.32561144 2.384625 7.6135616
65925582000000 0.12449849 3.5817258 8.896853
65925782669000 1.484405 2.1930888 11.118672
65925981148000 0.34476504 3.371036 8.2169
65926182957000 0.19153613 4.10845 8.293514
65926383072000 -0.6512229 3.572149 9.500193
65926581859000 0.35434186 2.767697 8.073248
65926783212000 0.41180268 3.4380736 8.437167
65926983281000 0.8714894 2.7964275 10.304645
65927183234000 -0.16280572 3.1603463 7.4028716
65927383380000 -0.29688102 3.7349546 8.686164
65927582461000 -0.48841715 2.5953147 10.764331
65927783479000 0.545878 2.327164 7.795521
65927983671000 0.17238252 3.0071173 8.42759
65928182689000 1.4939818 2.2601264 10.850522
65928384033000 0.4309563 3.2082303 7.1251445
65928583430000 -0.7469909 3.6774938 8.896853
65928784300000 -1.1204864 2.7581203 10.28549
65928984717000 0.20111294 2.4899697 7.7093296
65929184043000 -0.047884032 3.1411927 8.418014
65929384938000 0.8523358 2.6910827 10.91756
65929585220000 0.5267244 3.2369606 7.699753
65929786266000 -0.4405331 3.8786068 8.322245
65929986008000 -1.1971009 3.3806129 9.883265
65930185200000 -0.06703765 2.585738 8.101978
65930387455000 0.038307227 3.2465374 8.274361
65930587706000 0.37349546 3.074155 10.927136
65930787039000 0.047884032 3.3806129 7.7093296
65930988012000 -0.50757074 3.8881836 8.149862
65931188252000 -0.80445176 3.217807 10.237606
65931387282000 0.41180268 2.0398598 8.954314
65931588585000 -0.2681506 3.2944214 8.63828
65931788676000 0.6703765 3.2561142 11.166556
65931989057000 0.9959879 2.6144683 8.6574335
65932189157000 0.49799395 2.882619 9.337387
65932388534000 0.50757074 4.050989 8.734048
65932589918000 0.18195933 3.371036 8.619126
65932791190000 0.45010993 3.0550013 8.858546
65932989519000 0.009576807 3.5051112 9.14585
65933190904000 -0.45010993 4.146757 8.858546
65933389957000 -0.80445176 4.5202527 8.485051
65933591553000 -0.94810385 4.903325 8.255207
65933791397000 -0.6703765 5.161899 8.264784
65933990251000 -0.7565677 5.2002063 8.0924015
65934190113000 -1.091756 5.2385135 8.0445175
