1359360114681,-0.2873042,1.1971009,10.371682
1359360114874,0.17238252,3.122039,9.414001
1359360115077,-0.019153614,3.4380736,9.222465
1359360115278,0.009576807,3.4284968,9.11712
1359360115480,-0.15322891,3.323152,9.260772
1359360115678,0.18195933,3.6870706,9.260772
1359360115882,0.51714754,4.0797195,8.983045
1359360116081,0.39264908,3.9839516,8.63828
1359360116297,0.24899697,4.9320555,9.203311
1359360116482,-0.038307227,3.4572272,9.184157
1359360116681,-0.19153613,3.1028855,8.7532015
1359360116884,-0.18195933,3.964798,9.911995
1359360117080,0.4213795,3.7541082,11.022904
1359360117281,0.1340753,3.4572272,8.130709
1359360117486,-0.8331822,4.9799395,9.011775
1359360117682,-0.8714894,3.667917,8.839393
1359360117884,-0.61291564,2.7964275,8.408437
1359360118082,-0.60333884,3.5625722,9.155427
1359360118290,0.08619126,3.6966474,9.825804
1359360118486,-0.22026655,4.185065,7.8625584
1359360118689,-0.51714754,5.046977,9.165004
1359360118923,-0.45968673,3.6296098,9.3661175
1359360119088,-0.5554548,3.9935284,7.651869
1359360119287,0.10534488,4.951209,9.672575
1359360119491,0.2777274,3.9935284,8.810662
1359360119688,-0.20111294,4.673482,7.8625584
1359360119902,-0.80445176,4.4915223,9.299079
1359360120090,-0.37349546,3.4955344,7.747637
1359360120289,0.047884032,4.2904096,8.829816
1359360120509,0.4405331,4.0701427,9.883265
1359360120691,0.1436521,4.4436383,7.297527
1359360120892,-0.50757074,5.7269306,8.820239
1359360121091,-0.22026655,3.6104562,9.404425
1359360121292,-0.08619126,3.86903,7.833828
1359360121505,0.18195933,4.31914,10.5919485
1359360121695,0.21068975,3.8307228,8.331821
1359360121894,-0.2681506,4.6926355,8.331821
1359360122107,-0.79487497,4.012682,9.528923
1359360122292,-0.22984336,3.2752678,8.054094
1359360122491,-0.4405331,4.146757,8.848969
1359360122694,-0.20111294,4.213795,9.998186
1359360122892,-0.34476504,4.4723687,7.0581064
1359360123115,-0.58418524,5.257667,9.356541
1359360123294,-0.61291564,3.5242648,9.825804
1359360123493,-0.4309563,3.8019924,7.489063
1359360123694,-0.58418524,4.644751,9.155427
1359360123894,0.047884032,3.7349546,8.7053175
1359360124094,-0.38307226,4.501099,7.9104424
1359360124294,-0.641646,4.673482,9.959879
1359360124494,-0.40222588,3.5913026,7.9391727
1359360124741,-0.6607997,4.367024,8.360553
1359360124898,-0.16280572,4.098873,9.988609
1359360125106,-0.29688102,4.453215,7.2687964
1359360125300,-0.39264908,5.209783,9.14585
1359360125498,-0.45968673,3.2944214,9.940725
1359360125698,-0.37349546,3.7062242,7.747637
1359360125898,-0.50757074,4.9895163,9.624691
1359360126097,-0.25857377,4.10845,8.00621
1359360126299,-0.7757214,4.8267107,8.015787
1359360126499,-1.2258313,4.0797195,9.423578
1359360126785,-0.45968673,3.4763808,7.8529816
1359360126902,-0.5363012,4.3478703,8.647857
1359360127120,-0.12449849,4.3287168,9.835381
1359360127301,-0.545878,4.548983,7.067683
1359360127501,-1.4077905,5.4779334,9.050082
1359360127703,-1.3982137,3.763685,9.749189
1359360127906,-0.90979666,3.9360676,7.28795
1359360128123,-0.7661445,5.21936,9.835381
1359360128305,-0.38307226,4.261679,7.824251
1359360128505,-0.82360536,4.951209,8.322245
1359360128706,-1.8387469,4.7500963,9.241618
1359360128906,-0.8714894,3.6966474,7.517793
1359360129118,-0.7182605,4.223372,9.461885
1359360129307,0.06703765,3.8594532,8.983045
1359360129506,-0.6703765,4.3382936,7.345411
1359360129737,-1.4173675,4.807557,11.089942
1359360129907,-0.9959879,3.4380736,8.312668
1359360130107,-0.9576807,4.261679,8.312668
1359360130310,-0.6799533,4.309563,9.988609
1359360130506,-0.545878,4.1659107,7.1347213
1359360130744,-0.81402856,5.4204726,9.375694
1359360130908,-1.2545617,3.2848446,9.797073
1359360131107,-0.8331822,3.8115692,7.441179
1359360131309,-0.9672575,5.104438,10.342952
1359360131512,-0.51714754,3.9552212,8.197746
1359360131767,-0.7469909,4.6830587,8.034941
1359360131909,-1.8004397,4.644751,9.241618
1359360132108,-0.93852705,3.5242648,7.5944076
1359360132311,-0.90979666,4.3287168,8.781932
1359360132511,-0.60333884,4.510676,9.864111
1359360132741,-0.46926352,4.548983,6.9144545
1359360132912,-0.81402856,5.650316,9.040505
1359360133109,-0.842759,3.3997664,9.739613
1359360133311,-0.7086837,3.763685,7.3071036
1359360133513,-0.7374141,5.1235914,9.854534
1359360133741,-0.31603462,4.1371803,8.475474
1359360133913,-0.48841715,4.4436383,8.111555
1359360134111,-1.2354081,4.10845,9.691729
1359360134313,-0.47884035,3.1603463,7.9008656
1359360134513,-0.92895025,4.280833,8.475474
1359360134746,-0.36391866,4.175488,10.084377
1359360134915,-0.545878,4.1180267,7.2783732
1359360135112,-0.8714894,5.104438,9.346964
1359360135313,-0.80445176,3.1794999,10.113108
1359360135514,-0.48841715,3.5051112,7.469909
1359360135720,-0.7086837,4.8937483,9.624691
1359360135915,-0.1436521,4.185065,8.322245
1359360136114,-0.23942018,4.2521024,8.475474
1359360136317,-1.1204864,3.9360676,9.825804
1359360136519,-0.545878,3.1507695,7.8529816
1359360136724,-0.89064306,3.9456444,8.772355
1359360136916,-0.22984336,3.9360676,10.036493
1359360137115,-0.31603462,3.9456444,7.1155677
1359360137316,-0.8714894,5.267244,9.241618
1359360137517,-0.9576807,3.0262709,10.04607
1359360137740,-0.7469909,3.5051112,7.4124484
1359360137917,-0.82360536,5.171476,9.299079
1359360138125,-0.19153613,3.8402996,8.1402855
1359360138318,-1.1300632,4.357447,7.97748
1359360138517,-2.0398598,3.8402996,9.605537
1359360138732,-0.6512229,2.5953147,8.312668
1359360138916,-0.8523358,3.466804,9.212888
1359360139116,-0.7278373,3.4572272,9.959879
1359360139318,-0.6991069,3.7253778,7.4507556
1359360139519,-1.5514427,5.3438582,9.299079
1359360139746,-1.7142484,3.1890767,9.069236
1359360139919,-1.1204864,3.371036,7.5082164
1359360140118,-0.32561144,4.232949,10.869676
1359360140320,-0.29688102,3.5817258,7.9391727
1359360140518,-0.7182605,4.453215,8.647857
1359360140718,-1.9536686,4.9320555,9.5385
1359360140920,-0.6607997,3.620033,7.3166804
1359360141118,-0.8619126,4.3861775,9.184157
1359360141321,0.21068975,3.763685,9.337387
1359360141520,-0.1436521,4.3861775,7.4124484
1359360141721,-1.0630256,5.90889,9.959879
1359360141922,-1.1013328,4.003105,8.887277
1359360142145,-0.51714754,4.223372,8.082825
1359360142323,0.82360536,3.9743748,9.825804
1359360142524,0.12449849,4.3861775,7.28795
1359360142723,-0.545878,5.133168,9.078813
1359360142921,-0.38307226,4.7788267,10.572795
1359360143171,-0.2873042,3.572149,9.059659
1359360143322,-0.038307227,4.309563,8.772355
1359360143539,0.40222588,4.5777135,10.04607
1359360143723,0.12449849,4.5777135,7.1826053
1359360143924,-0.79487497,6.1004257,8.810662
1359360144124,-0.6703765,3.7349546,9.14585
1359360144323,-0.21068975,4.271256,7.97748
1359360144551,0.6895301,4.3478703,10.419566
1359360144724,0.35434186,4.0892963,8.159439
1359360144926,-0.50757074,4.903325,8.456321
1359360145125,-1.3215994,5.056554,9.040505
1359360145323,-0.45010993,4.098873,7.422025
1359360145525,-0.4309563,4.76925,9.14585
1359360145725,0.5554548,4.0414124,9.289502
1359360145945,-0.4213795,4.414908,7.2592196
1359360146126,-0.94810385,4.9895163,10.381259
1359360146325,-0.41180268,3.466804,9.375694
1359360146526,-0.30645782,3.620033,7.9008656
1359360146726,0.38307226,3.8786068,11.013328
1359360146983,0.20111294,3.8881836,7.517793
1359360147127,-0.2873042,4.501099,8.542512
1359360147336,-1.0247183,4.414908,9.844957
1359360147527,-0.30645782,3.6583402,7.776367
1359360147725,-0.45968673,4.1659107,8.963891
1359360147927,0.5267244,3.86903,9.825804
1359360148128,-0.05746084,4.4436383,7.2592196
1359360148384,-0.9864111,5.8226986,8.743625
1359360148528,-0.8331822,3.7828386,9.203311
1359360148733,-0.35434186,3.667917,7.7667904
1359360148928,-0.25857377,4.76925,10.170568
1359360149127,-0.05746084,4.1180267,7.824251
1359360149328,-0.6512229,4.596867,8.073248
1359360149529,-1.2066777,4.2521024,9.519346
1359360149756,-0.25857377,3.323152,8.274361
1359360149929,-0.4213795,4.098873,8.896853
1359360150128,0.22026655,4.4723687,9.557653
1359360150329,-0.1436521,4.5298295,6.9048777
1359360150528,-1.0055647,5.803545,8.714894
1359360150779,-0.9672575,3.9935284,9.433155
1359360150936,-0.6895301,3.916914,7.3645644
1359360151128,-0.29688102,5.363012,9.5385
1359360151330,0.18195933,4.3957543,8.101978
1359360151531,-0.009576807,4.7979803,7.8050976
1359360151770,-1.2449849,4.7884035,9.605537
1359360151931,-0.51714754,3.6296098,7.632715
1359360152133,-0.82360536,4.5298295,8.025364
1359360152332,-0.1340753,5.056554,9.337387
1359360152532,-0.25857377,4.5872903,6.9144545
1359360152732,-0.6703765,5.6982,9.165004
1359360152933,-0.6607997,3.4955344,10.25676
1359360153150,-0.7278373,3.8307228,7.1634517
1359360153333,-0.6799533,5.315128,9.260772
1359360153531,0.019153614,4.156334,8.916007
1359360153733,-0.45968673,4.673482,7.6614456
1359360153933,-1.1587936,4.9320555,10.390836
1359360154158,-0.7182605,3.7445314,8.42759
1359360154335,-0.6799533,4.261679,8.034941
1359360154534,-0.5650316,4.6255975,9.643845
1359360154736,-0.36391866,4.5394063,7.0485296
1359360154935,-0.80445176,5.4300494,8.6095495
1359360155182,-0.8619126,4.1371803,10.936713
1359360155336,-0.46926352,3.916914,7.469909
1359360155554,-0.7086837,4.865018,9.452309
1359360155737,0.29688102,3.9264908,9.308656
1359360155936,-0.33518824,4.55856,7.52737
1359360156136,-1.283292,6.090849,9.739613
1359360156336,-1.1204864,4.2999864,8.7053175
1359360156582,-0.7278373,4.280833,7.469909
1359360156738,-0.1436521,4.9224787,10.658986
1359360156956,-0.32561144,4.5777135,7.517793
1359360157138,-0.545878,4.9799395,8.1881695
1359360157337,-1.9057846,5.4300494,8.762778
1359360157538,-0.9672575,4.10845,7.249643
1359360157737,-1.0247183,4.7309427,8.37013
1359360157982,-0.22984336,4.7309427,9.442732
1359360158139,-0.50757074,4.8937483,7.192182
1359360158337,-1.4077905,6.033388,8.513782
1359360158539,-1.5514427,4.146757,9.749189
1359360158738,-0.641646,4.0318356,7.2783732
1359360158940,-0.89064306,4.7884035,8.6095495
1359360159141,0.2873042,3.763685,10.007763
1359360159352,-0.2777274,3.620033,8.418014
1359360159541,-0.10534488,3.620033,9.059659
1359360159739,-0.36391866,4.0701427,8.90643
1359360159941,-0.58418524,4.453215,8.829816
1359360160141,-0.61291564,4.5777135,8.801085
1359360160358,-0.34476504,4.4340615,8.8777
1359360160542,-0.5554548,4.4915223,8.8777
1359360160742,-0.9576807,4.5394063,8.542512
1359360160942,-0.5554548,4.673482,8.475474
1359360161142,-0.076614454,4.5298295,8.801085
1359360161378,0.29688102,4.3766007,8.839393
1359360161543,-0.05746084,4.4436383,8.762778
1359360161753,-0.9576807,4.6926355,8.42759
1359360161949,-1.1971009,4.7884035,8.542512
1359360162148,-0.7661445,4.3861775,8.954314
1359360162381,-0.8523358,4.1180267,8.858546
1359360162543,-0.7565677,4.060566,8.868123
1359360162745,-0.32561144,3.9743748,8.734048
1359360162945,0.076614454,4.0892963,9.050082
1359360163142,0.25857377,4.185065,8.829816
1359360163343,0.39264908,4.2042184,8.935161
1359360163546,0.19153613,4.146757,8.887277
1359360163778,-0.12449849,4.2521024,8.944737
1359360163946,-0.35434186,4.2042184,8.868123
1359360164146,-0.51714754,4.31914,8.801085
1359360164345,-0.45010993,4.213795,8.954314
1359360164545,-0.12449849,4.050989,8.973468
1359360164776,-0.047884032,4.1180267,8.801085
1359360164955,-0.34476504,4.146757,8.983045
1359360165191,-0.41180268,4.261679,9.040505
1359360165347,-0.48841715,4.309563,8.935161
1359360165544,-0.50757074,4.4915223,8.90643
1359360165948,0.23942018,4.673482,8.418014
1359360166146,0.18195933,4.8937483,8.00621
1359360166347,-0.641646,6.1866174,8.561666
1359360166545,-0.7086837,4.8362875,8.992621
1359360166747,-0.29688102,4.0414124,7.73806
1359360166948,-0.47884035,4.3861775,9.442732
1359360167174,0.22984336,3.9456444,10.103531
1359360167348,-0.47884035,4.1180267,6.9240313
1359360167545,-1.13964,5.439626,9.414001
1359360167749,-1.13964,3.3327289,9.548077
1359360167948,-0.32561144,3.169923,7.73806
1359360168191,0.05746084,4.309563,10.333375
1359360168348,0.4213795,3.1507695,8.312668
1359360168558,-0.59376204,4.2425256,8.312668
1359360168749,-1.5610195,4.367024,10.055647
1359360168947,-0.6607997,3.2082303,7.1634517
1359360169149,-0.37349546,4.1276035,8.868123
1359360169349,0.51714754,3.8498764,10.0748005
1359360169591,-0.6703765,4.0892963,6.8282633
1359360169750,-1.4939818,5.717354,9.519346
1359360169956,-1.0247183,3.7445314,9.260772
1359360170150,-0.48841715,3.9456444,7.240066
1359360170349,0.2681506,3.8881836,11.099519
1359360170550,-0.1340753,3.5434184,7.9104424
1359360170750,-0.7278373,4.5202527,9.461885
1359360170974,-0.94810385,3.620033,10.601525
1359360171151,-0.81402856,3.2944214,7.240066
1359360171349,-0.49799395,4.462792,9.911995
1359360171551,0.6895301,2.9975405,9.528923
1359360171750,-0.16280572,4.0222588,7.833828
1359360172000,-0.7469909,4.1371803,10.994174
1359360172152,-0.15322891,2.767697,8.264784
1359360172370,-0.06703765,4.0892963,8.887277
1359360172574,0.8331822,3.8977604,9.883265
1359360172750,-0.16280572,3.916914,7.335834
1359360172953,-0.90979666,5.45878,9.56723
1359360173153,-0.5650316,3.3423057,8.714894
1359360173373,-0.1340753,3.6391866,7.824251
1359360173553,0.90979666,3.821146,10.726024
1359360173762,0.2681506,3.5242648,7.747637
1359360173952,-0.009576807,4.060566,9.002198
1359360174152,0.38307226,2.7102363,11.568783
1359360174353,-0.18195933,3.1028855,7.881712
1359360174554,-0.19153613,3.763685,10.515334
1359360174772,0.48841715,3.0933087,8.599973
1359360174956,-0.2873042,4.156334,8.015787
1359360175154,-0.8714894,3.4955344,10.907983
1359360175354,-0.23942018,2.6144683,8.274361
1359360175555,-0.16280572,3.9456444,8.762778
1359360175756,0.47884035,3.7541082,9.816227
1359360175957,-0.12449849,3.763685,7.28795
1359360176156,-0.8331822,5.257667,9.864111
1359360176402,-0.545878,3.074155,9.356541
1359360176774,1.1109096,3.9839516,10.381259
1359360176958,0.20111294,3.8402996,7.345411
1359360177156,0.10534488,4.711789,8.992621
1359360177358,-0.21068975,3.7253778,11.042058
1359360177563,-0.16280572,3.3423057,7.3549876
1359360177802,-0.34476504,4.6255975,9.615114
1359360177958,0.6991069,3.620033,8.714894
1359360178172,0.076614454,4.501099,8.101978
1359360178359,-1.283292,4.5681367,9.691729
1359360178557,-0.31603462,3.4284968,7.383718
1359360178759,-0.22984336,4.012682,9.433155
1359360178957,1.0534488,3.3614593,9.557653
1359360179173,0.02873042,4.0892963,7.7572136
1359360179360,-0.4309563,4.175488,10.898406
1359360179559,0.24899697,3.0550013,8.66701
1359360179761,0.05746084,3.7732618,8.7053175
1359360179959,0.1340753,3.8307228,10.093954
1359360180164,0.1436521,3.86903,7.575254
1359360180362,-0.6512229,5.6407394,9.222465
1359360180561,-0.45010993,3.5625722,8.820239
1359360180763,-0.06703765,3.6296098,7.929596
1359360180964,0.6799533,3.122039,11.080365
1359360181212,0.5650316,3.5434184,7.97748
1359360181363,0.25857377,4.462792,9.279925
1359360181580,0.08619126,3.265691,11.099519
1359360181764,-0.15322891,3.2944214,7.5082164
1359360181964,-0.1436521,4.644751,9.691729
1359360182164,0.45968673,3.8019924,8.772355
1359360182603,-0.641646,3.8115692,10.266336
1359360182765,-0.37349546,2.633622,8.6574335
1359360182976,-0.1436521,3.7062242,9.165004
1359360183166,0.2873042,3.8498764,9.950302
1359360183365,0.1340753,4.0892963,6.991069
1359360183566,-0.8331822,5.4683566,9.251195
1359360183766,-0.89064306,3.5817258,10.1226845
1359360184019,-0.8810662,3.7732618,7.249643
1359360184167,0.06703765,4.7884035,10.352529
1359360184366,-0.35434186,4.0797195,7.6231384
1359360184567,-0.45010993,4.663905,8.226477
1359360184766,-1.292869,4.644751,9.557653
1359360184968,-0.7565677,3.4284968,7.038953
1359360185166,-0.7278373,4.6351743,9.825804
1359360185420,0.22984336,3.4093432,9.643845
1359360185568,-0.35434186,4.280833,7.441179
1359360185768,-0.5267244,4.3287168,10.94629
1359360185968,-0.15322891,3.217807,8.772355
1359360186169,-0.35434186,3.7732618,8.331821
1359360186412,0.076614454,3.6583402,10.189722
1359360186569,0.29688102,4.060566,7.144298
1359360186768,-0.6512229,4.8267107,9.643845
1359360186970,-0.63206923,3.0454245,10.43872
1359360187168,-0.32561144,3.4859576,7.575254
1359360187370,0.038307227,4.606444,10.189722
1359360187570,0.2873042,3.8307228,8.111555
1359360187839,-0.35434186,4.405331,7.7189064
1359360187971,-1.6663644,4.721366,9.299079
1359360188168,-0.45010993,3.3901896,7.479486
1359360188370,-0.47884035,4.2425256,9.758766
1359360188570,0.41180268,3.5625722,9.337387
1359360188815,-0.38307226,4.0892963,7.0006456
1359360188971,-1.3215994,5.094861,9.969456
1359360189171,-1.283292,4.31914,9.595961
1359360189373,-0.641646,3.2944214,7.52737
1359360189571,-0.21068975,4.367024,9.471462
1359360189773,0.6607997,3.9935284,9.356541
1359360189972,-0.20111294,4.261679,7.4603324
1359360190215,-0.10534488,4.309563,10.419566
1359360190379,0.047884032,4.012682,7.52737
1359360190577,0.33518824,4.55856,8.274361
1359360190779,0.48841715,4.6351743,9.481039
1359360190978,-0.06703765,4.501099,6.991069
1359360191220,-0.4213795,5.497087,9.203311
1359360191380,-0.48841715,3.4859576,10.065224
1359360191595,-0.16280572,4.462792,8.66701
1359360191780,0.45010993,4.7500963,9.835381
1359360191979,0.61291564,4.0892963,8.389283
1359360192181,0.047884032,5.0661306,8.169016
1359360192381,-1.5035586,5.1810527,9.011775
1359360192636,-0.39264908,4.309563,7.1059904
1359360192781,-0.009576807,4.663905,8.983045
1359360192983,0.81402856,4.012682,9.452309
1359360193182,-0.047884032,4.4819455,7.2304893
1359360193382,-1.3503298,5.9280434,8.916007
1359360193631,-0.5650316,3.6104562,9.040505
1359360193783,-0.11492168,3.9456444,8.159439
1359360193998,0.94810385,3.6391866,11.042058
1359360194183,0.5650316,3.5242648,7.929596
1359360194385,-0.4213795,4.654328,8.628703
1359360194583,-1.1204864,4.271256,9.548077
1359360194783,-0.46926352,3.6296098,7.2687964
1359360195040,-0.05746084,4.4436383,9.5385
1359360195192,0.6703765,3.4572272,9.595961
1359360195396,-0.19153613,4.1659107,7.6231384
1359360195585,-0.38307226,4.357447,11.128249
1359360195784,-0.45010993,3.323152,8.820239
1359360195985,-0.22026655,3.8402996,8.226477
1359360196184,0.35434186,4.2904096,10.390836
1359360196440,-0.009576807,3.9456444,7.422025
1359360196586,-0.45010993,4.817134,8.647857
1359360196794,-0.5267244,3.5625722,10.582372
1359360196986,-0.24899697,3.715801,7.5561004
1359360197185,-0.32561144,4.903325,8.944737
1359360197386,0.41180268,3.7541082,9.050082
1359360197587,-0.22026655,4.3766007,7.795521
1359360197808,-0.38307226,3.8402996,11.386824
1359360197987,0.038307227,3.064578,8.389283
1359360198187,-0.25857377,3.7732618,8.829816
1359360198387,-0.16280572,4.2521024,9.452309
1359360198586,-0.25857377,3.916914,7.5561004
1359360198830,-0.41180268,4.414908,9.624691
1359360198988,-0.41180268,3.016694,10.793061
1359360199201,-0.4213795,3.3806129,7.8625584
1359360199388,-0.22026655,4.2999864,9.864111
1359360199587,0.37349546,3.9552212,9.107543
1359360199788,-0.2777274,4.1371803,7.690176
1359360199989,-0.5363012,4.4436383,10.898406
1359360200233,-0.5554548,3.371036,8.820239
1359360200389,-0.2777274,3.6966474,8.034941
1359360200588,0.02873042,4.55856,9.854534
1359360200790,-0.2873042,4.0892963,7.2304893
1359360200989,-0.39264908,4.4915223,9.203311
1359360201190,-0.4405331,3.1986535,10.658986
1359360201390,-0.45010993,3.3518825,7.73806
1359360201606,-0.59376204,4.663905,9.270349
1359360201791,0.45968673,3.2752678,9.56723
1359360201990,-0.2873042,4.223372,7.9391727
1359360202192,-0.2681506,3.821146,11.243171
1359360202392,-0.11492168,3.1124623,9.059659
1359360202627,-0.05746084,3.7924154,9.059659
1359360202794,0.6991069,4.0222588,9.691729
1359360202994,0.2777274,4.1371803,7.9966335
1359360203195,-0.19153613,4.759673,9.107543
1359360203393,-0.23942018,3.8977604,9.346964
1359360203595,0.02873042,3.8786068,8.350976
1359360203795,0.22984336,4.55856,9.576807
1359360204028,0.4405331,4.644751,7.97748
1359360204196,-0.30645782,5.133168,7.651869
1359360204395,-0.92895025,5.5641246,8.714894
1359360204597,-0.076614454,4.663905,7.73806
1359360204795,0.45010993,4.9799395,8.360553
1359360204995,1.541866,4.1371803,9.433155
1359360205197,0.05746084,4.7788267,7.699753
1359360205396,-0.50757074,6.3781533,8.513782
1359360205597,-0.63206923,4.711789,9.107543
1359360205796,0.31603462,4.405331,7.632715
1359360205996,1.0151415,4.5777135,9.270349
1359360206198,0.61291564,4.654328,8.485051
1359360206396,-0.02873042,4.999093,8.39886
1359360206598,-0.39264908,4.050989,10.151415
1359360206797,-0.019153614,4.1276035,7.5465236
1359360206998,-0.08619126,5.1523223,9.107543
1359360207199,0.62249243,4.1371803,8.580819
1359360207427,-0.08619126,4.9320555,7.1347213
1359360207599,-0.06703765,4.8745947,10.620679
1359360207798,-0.047884032,3.715801,8.8777
1359360208000,0.076614454,3.9839516,7.6614456
1359360208199,0.6895301,4.462792,10.448297
1359360208401,-0.095768064,4.185065,7.393295
1359360208601,-0.38307226,4.8362875,8.743625
1359360208823,-0.7086837,4.0318356,10.342952
1359360209203,-0.35434186,4.817134,8.034941
1359360209402,0.41180268,4.453215,9.77792
1359360209600,0.1340753,3.8402996,8.619126
1359360209848,0.02873042,3.9264908,8.829816
1359360210006,-0.22026655,3.8977604,8.762778
1359360210204,-0.22984336,4.2042184,8.647857
1359360210406,-0.5363012,4.5872903,8.580819
1359360210602,-0.4309563,4.5777135,8.619126
1359360210861,-0.545878,4.4340615,8.829816
1359360211003,-0.45010993,4.31914,8.868123
1359360211207,-0.06703765,4.3957543,8.772355
1359360211405,0.5554548,3.8115692,9.030929
1359360211804,0.79487497,2.1068976,9.835381
1359360212010,0.15322891,2.633622,9.873688
1359360212231,0.18195933,3.323152,9.394848
1359360212406,-0.78529817,3.7445314,9.32781
1359360212602,-1.3790601,3.9456444,8.887277
1359360212802,-1.3024458,4.3957543,9.193734
1359360213013,-1.0055647,4.7788267,8.734048
1359360213266,-0.4213795,4.960786,7.9966335
1359360213407,-0.21068975,4.510676,8.446744
1359360213616,-0.17238252,4.271256,9.222465
1359360213809,-0.46926352,3.9264908,9.011775
1359360214008,-0.7469909,3.8594532,8.992621
1359360214207,-0.81402856,3.9073372,9.011775
1359360214407,-0.5650316,3.6966474,9.56723
1359360214646,0.35434186,4.4723687,8.781932
1359360214809,0.641646,4.5872903,8.561666
1359360215029,0.545878,4.9224787,8.063671
1359360215206,0.095768064,5.410896,8.082825
1359360215415,-0.4213795,4.7500963,9.883265
1359360215608,-0.5554548,3.7062242,8.360553
1359360215809,-0.32561144,4.280833,8.360553
1359360216052,0.6703765,4.903325,10.524911
1359360216209,-0.05746084,3.6774938,7.872135
1359360216409,-0.4309563,4.2904096,8.303091
1359360216611,-1.0726024,4.1180267,10.304645
1359360216811,-0.08619126,3.0550013,8.389283
1359360217011,-0.18195933,3.9839516,8.532935
1359360217213,0.21068975,4.1371803,9.998186
1359360217448,-0.16280572,4.280833,6.933608
1359360217613,-0.90979666,5.305551,9.461885
1359360217812,-0.5267244,3.1603463,10.448297
1359360218012,-0.047884032,3.2944214,7.9583263
1359360218211,0.5363012,4.0797195,10.429143
1359360218413,0.6991069,3.4763808,8.341399
1359360218614,0.076614454,4.4244847,8.619126
1359360218812,-1.2545617,4.309563,9.586384
1359360219013,-0.009576807,3.3518825,7.297527
1359360219212,-0.12449849,4.0318356,8.8777
1359360219413,1.13964,3.7828386,9.988609
1359360219614,0.019153614,3.9552212,7.431602
1359360219828,-0.81402856,5.6215854,9.5385
1359360220012,-0.50757074,3.4572272,9.433155
1359360220212,-0.1340753,3.5338416,7.431602
1359360220414,0.8331822,4.5872903,10.390836
1359360220615,0.35434186,3.8498764,7.5944076
1359360220847,-0.30645782,4.5872903,8.552089
1359360221016,-1.1013328,4.5394063,10.141838
1359360221214,0.02873042,3.5051112,7.067683
1359360221416,-0.20111294,4.606444,9.605537
1359360221615,0.79487497,3.7924154,9.279925
1359360221816,-0.12449849,4.453215,7.699753
1359360222021,-0.60333884,5.0182467,10.783484
1359360222222,-0.2777274,3.3614593,8.743625
1359360222417,-0.06703765,4.213795,8.293514
1359360222621,0.6703765,4.4244847,9.691729
1359360222818,-0.095768064,4.261679,7.029376
1359360223018,-0.38307226,5.2959743,9.471462
1359360223236,-0.20111294,3.3327289,10.371682
1359360223419,-0.095768064,3.5529952,7.603985
1359360223618,0.48841715,4.6351743,10.352529
1359360223819,0.45968673,3.821146,8.322245
1359360224018,-0.047884032,4.510676,8.24563
1359360224281,-1.8195933,5.00867,9.193734
1359360224421,-0.51714754,3.6008794,7.5561004
1359360224627,-0.19153613,4.2521024,8.743625
1359360224822,0.5363012,3.5817258,10.409989
1359360225020,-0.22984336,4.232949,7.6614456
1359360225220,-0.9576807,5.995081,8.944737
1359360225421,-0.4213795,3.6774938,8.925584
1359360225623,-0.08619126,3.8786068,8.226477
1359360225822,0.9672575,3.821146,10.898406
1359360226021,0.4405331,3.6870706,7.565677
1359360226222,-0.095768064,4.462792,8.954314
1359360226423,-0.16280572,3.4380736,10.697293
1359360226648,0.02873042,3.6774938,7.728483
1359360226823,0.05746084,4.711789,9.56723
1359360227024,0.6895301,3.6296098,8.791509
1359360227223,-0.23942018,4.175488,7.9870567
1359360227422,-0.7469909,4.10845,9.80665
1359360227677,-0.19153613,2.8634653,8.360553
1359360227824,0.2777274,3.86903,8.944737
1359360228046,0.59376204,4.146757,9.931149
1359360228224,-0.34476504,3.8402996,7.7572136
1359360228424,-0.46926352,5.3725886,9.193734
1359360228624,-0.12449849,2.920926,10.323798
1359360228823,0.08619126,3.5625722,7.747637
1359360229069,1.4269443,3.323152,11.568783
1359360229225,0.39264908,3.5817258,7.536947
1359360229444,-0.22984336,4.4819455,8.781932
1359360229625,-0.5554548,3.8881836,10.189722
1359360229830,-0.39264908,3.5913026,7.517793
1359360230026,0.2681506,4.8458643,9.174581
1359360230226,0.79487497,3.9743748,8.8777
1359360230469,0.009576807,4.55856,7.776367
1359360230627,-0.1436521,4.223372,10.783484
1359360230837,0.24899697,3.3423057,8.628703
1359360231028,0.30645782,4.0318356,8.839393
1359360231226,0.6895301,4.357447,9.835381
1359360231428,0.009576807,4.012682,7.5082164
1359360231628,-0.5650316,5.209783,9.107543
1359360231879,-0.48841715,3.4476504,10.055647
1359360232028,-0.47884035,3.9264908,7.603985
1359360232237,0.2681506,4.4915223,9.931149
1359360232430,0.38307226,4.2904096,7.8050976
1359360232627,-0.29688102,4.865018,8.0924015
1359360232831,-0.8523358,5.3821654,8.465898
1359360233028,-0.23942018,4.0222588,7.795521
1359360233281,0.038307227,4.673482,8.858546
1359360233429,0.9672575,3.8977604,9.883265
1359360233628,0.095768064,4.4436383,7.9870567
1359360233830,-0.9768343,6.081272,9.423578
1359360234028,-0.51714754,4.146757,8.322245
1359360234230,-0.2873042,4.271256,7.728483
1359360234431,0.7086837,4.261679,10.496181
1359360234652,0.37349546,4.0414124,8.169016
1359360234831,-0.15322891,4.663905,8.1881695
1359360235029,-1.1683705,4.76925,9.576807
1359360235231,-0.33518824,3.8786068,7.747637
1359360235440,-0.35434186,4.8937483,9.126697
1359360235631,0.641646,3.86903,9.097966
1359360235832,-0.11492168,4.4915223,7.575254
1359360236045,-0.5746084,5.2385135,10.055647
1359360236232,-0.63206923,4.1371803,8.197746
1359360236431,-0.50757074,4.1946416,7.6614456
1359360236633,0.4405331,4.223372,10.237606
1359360236833,0.047884032,4.1371803,7.642292
1359360237236,-0.92895025,4.4436383,9.241618
1359360237434,-0.59376204,4.175488,7.249643
1359360237636,-0.1340753,5.056554,8.839393
1359360237836,0.80445176,3.667917,10.304645
1359360238036,0.4405331,4.1180267,7.9391727
1359360238435,-1.2545617,5.1523223,9.184157
1359360238637,-0.51714754,4.1276035,7.374141
1359360238837,-0.19153613,4.5681367,8.858546
1359360239075,0.6607997,4.0318356,9.749189
1359360239238,0.18195933,4.357447,7.8625584
1359360239436,-1.13964,6.215348,8.207323
1359360239638,-0.7469909,4.1276035,8.580819
1359360239836,-0.32561144,4.0318356,7.9104424
1359360240037,0.36391866,4.232949,10.524911
1359360240236,0.18195933,4.050989,8.159439
1359360240456,-0.17238252,4.7979803,8.303091
1359360240638,-1.2449849,4.865018,9.222465
1359360240838,-0.50757074,4.271256,7.019799
1359360241039,-0.32561144,5.094861,8.734048
1359360241238,0.37349546,4.0414124,9.241618
1359360241489,-0.18195933,4.3478703,7.6135616
1359360241640,-0.7182605,5.353435,9.519346
1359360241858,-0.51714754,3.8594532,8.475474
1359360242041,-0.30645782,4.185065,8.063671
1359360242239,0.047884032,4.4819455,10.151415
1359360242441,0.11492168,4.10845,7.7572136
1359360242640,-0.08619126,4.673482,8.839393
1359360242876,-0.5363012,3.9456444,9.844957
1359360243042,-0.4309563,3.8307228,7.9104424
1359360243251,-0.11492168,4.960786,8.743625
1359360243442,0.7757214,3.7445314,9.32781
1359360243643,0.1340753,4.3957543,7.9583263
1359360243842,-0.10534488,4.4723687,10.668563
1359360244043,-0.11492168,3.4284968,8.475474
1359360244289,-0.009576807,4.0318356,8.418014
1359360244443,0.47884035,4.721366,9.3182335
1359360244643,0.08619126,4.1371803,7.699753
1359360244843,-0.1340753,4.807557,8.647857
1359360245043,-0.29688102,3.763685,10.160992
1359360245245,-0.1436521,3.7732618,7.967903
1359360245446,-0.095768064,5.1140146,9.337387
1359360245692,0.40222588,4.175488,8.303091
1359360245846,-0.2873042,4.4723687,7.9104424
1359360246046,-0.82360536,4.4819455,10.208876
1359360246247,-0.22026655,3.4093432,8.494628
1359360246445,0.047884032,4.175488,8.829816
1359360246647,0.58418524,3.9552212,9.864111
1359360246846,-0.24899697,4.2042184,7.833828
1359360247089,-1.3024458,5.8226986,8.772355
1359360247248,-1.0151415,4.0701427,8.973468
1359360247446,-0.48841715,3.8786068,7.843405
1359360247648,0.62249243,4.280833,10.362105
1359360247847,0.37349546,3.8019924,8.312668
1359360248048,-0.2681506,4.644751,8.360553
1359360248246,-1.3120226,4.807557,8.916007
1359360248462,-0.5650316,3.7253778,7.747637
1359360248648,-0.15322891,4.3478703,8.8777
1359360248847,0.60333884,3.5625722,10.113108
1359360249049,-0.009576807,4.0222588,7.9487495
1359360249249,-1.0726024,5.7748146,8.963891
1359360249490,-0.7278373,3.9935284,8.734048
1359360249650,-0.2681506,4.003105,7.97748
1359360249848,0.6895301,4.2904096,9.77792
1359360250063,0.095768064,4.1659107,7.9391727
1359360250250,-0.18195933,4.548983,8.475474
1359360250487,-1.3694834,4.960786,8.561666
1359360250651,-0.46926352,4.146757,7.603985
1359360250848,-0.23942018,4.4436383,9.165004
1359360251052,0.5746084,3.8786068,9.940725
1359360251251,-0.22984336,4.280833,7.776367
1359360251489,-0.9864111,5.7269306,9.222465
1359360251652,-0.6991069,4.0892963,8.542512
1359360251850,-0.33518824,3.9073372,7.9487495
1359360252052,0.37349546,4.1180267,10.486604
1359360252251,0.38307226,4.0701427,8.054094
1359360252452,-0.038307227,4.6255975,8.178593
1359360252653,-1.292869,4.999093,8.820239
1359360252857,-0.4213795,3.8594532,7.680599
1359360253053,-0.18195933,4.223372,8.963891
1359360253252,0.45968673,3.6296098,9.749189
1359360253452,-0.16280572,4.1946416,7.565677
1359360253653,-1.3215994,5.793968,9.260772
1359360253873,-0.7661445,3.916914,8.494628
1359360254054,-0.38307226,3.86903,7.8529816
1359360254252,0.31603462,3.9264908,10.505757
1359360254454,0.095768064,3.7062242,8.121132
1359360254654,0.10534488,4.309563,8.7532015
1359360254904,-1.4460979,4.4244847,9.078813
1359360255056,-0.50757074,3.5913026,7.833828
1359360255255,-0.08619126,4.050989,9.423578
1359360255456,0.7086837,3.2752678,10.295067
1359360255655,-0.16280572,4.0701427,7.680599
1359360255856,-0.9768343,5.6407394,9.002198
1359360256056,-0.63206923,4.012682,8.523358
1359360256269,-0.39264908,3.9360676,7.6231384
1359360256457,0.46926352,4.098873,10.726024
1359360256655,-0.16280572,3.964798,7.8529816
1359360256857,-0.076614454,4.4244847,8.523358
1359360257056,-1.2641385,4.5777135,9.011775
1359360257308,-0.4405331,3.9264908,7.7093296
1359360257458,-0.25857377,4.1946416,8.868123
1359360257676,0.4405331,3.5434184,9.662998
1359360257859,0.08619126,4.1180267,7.833828
1359360258058,-0.41180268,4.9895163,9.069236
1359360258259,0.1340753,2.9975405,11.089942
1359360258458,-0.11492168,3.6391866,7.97748
1359360258678,-0.06703765,4.999093,9.356541
1359360258860,0.36391866,3.9552212,8.6574335
1359360259059,-0.25857377,4.3957543,7.5944076
1359360259260,-0.36391866,4.807557,10.773908
1359360259461,-0.019153614,3.016694,9.615114
1359360259713,-0.1436521,3.9743748,7.690176
1359360259861,0.9672575,3.3135753,11.568783
1359360260061,0.20111294,2.8921957,9.069236
1359360260262,-0.047884032,3.1124623,9.375694
1359360260463,0.038307227,3.2848446,9.193734
1359360260662,-0.08619126,3.6583402,9.050082
1359360260872,-0.46926352,4.003105,9.021352
1359360261091,-0.24899697,3.9264908,8.916007
1359360261264,-0.1436521,4.0318356,9.002198
1359360261461,0.10534488,3.7732618,9.040505
1359360261663,0.9768343,3.4093432,9.222465
1359360261865,1.0151415,3.4763808,9.222465
1359360262115,0.076614454,3.4572272,9.021352
1359360262262,-0.49799395,2.96881,9.078813
1359360262462,-0.8714894,2.882619,9.394848
1359360262866,-0.30645782,3.7828386,9.069236
1359360263066,-0.35434186,4.060566,8.896853
1359360263265,-1.13964,4.10845,8.896853
1359360263493,-0.9864111,3.9073372,9.078813
1359360263665,-0.92895025,4.060566,8.963891
1359360263865,-0.63206923,4.012682,9.078813
1359360264066,-0.51714754,4.0414124,8.734048
1359360264267,-0.7182605,4.2425256,8.925584
1359360264521,-0.6991069,4.146757,8.820239
1359360264665,-0.59376204,4.185065,8.896853
1359360264866,-0.6799533,4.060566,8.90643
1359360265067,-0.5746084,4.012682,8.963891
1359360265265,-0.58418524,4.0222588,8.944737
1359360265512,-0.6895301,4.280833,8.781932
1359360265667,-0.30645782,4.462792,8.676587
1359360265890,0.08619126,4.453215,8.7532015
1359360266068,0.21068975,4.663905,8.2169
1359360266267,-0.15322891,5.3342814,8.513782
1359360266467,-0.89064306,4.2904096,9.682152
1359360266667,-0.8523358,3.964798,7.699753
1359360266867,-0.45010993,4.462792,8.858546
1359360267068,0.18195933,4.280833,9.854534
1359360267267,-0.1436521,4.3478703,7.1826053
1359360267468,-0.5363012,5.2289367,8.983045
1359360267667,-0.37349546,3.2465374,10.67814
1359360267869,-0.4309563,3.5338416,7.6231384
1359360268068,0.08619126,4.405331,10.01734
1359360268323,0.90979666,3.265691,8.896853
1359360268470,0.06703765,4.098873,7.747637
1359360268679,-0.63206923,4.510676,11.57836
1359360268873,-0.095768064,3.3423057,8.130709
1359360269069,0.009576807,4.280833,8.42759
1359360269270,0.32561144,4.6255975,9.414001
1359360269471,-0.11492168,4.050989,6.751649
1359360269724,-0.89064306,5.6215854,8.542512
1359360269873,-0.6991069,3.3135753,10.208876
1359360270074,-0.08619126,3.6104562,8.197746
1359360270273,1.0055647,4.1180267,11.434708
1359360270470,0.2777274,3.4476504,7.632715
1359360270673,0.20111294,4.10845,8.66701
1359360270870,-1.0534488,4.3861775,10.007763
1359360271164,-0.45968673,3.064578,7.5944076
1359360271270,-0.2777274,4.060566,9.490616
1359360271508,0.7086837,3.5338416,10.25676
1359360271673,-0.21068975,4.232949,7.7572136
1359360271912,-0.7757214,5.410896,9.356541
1359360272074,-0.80445176,3.6870706,8.360553
1359360272477,0.4309563,3.8402996,10.649409
1359360272675,0.36391866,3.8019924,7.431602
1359360272922,0.05746084,4.501099,8.743625
1359360273076,-0.23942018,3.6487634,11.664551
1359360273292,-0.29688102,3.9264908,7.28795
1359360273478,-0.06703765,5.1235914,9.404425
1359360273675,0.32561144,3.8881836,8.379706
1359360273878,-0.21068975,4.414908,7.9583263
1359360274075,-1.091756,4.6160207,9.921572
1359360274327,-0.25857377,3.715801,7.728483
1359360274478,0.11492168,4.31914,9.030929
1359360274697,1.1300632,3.572149,10.371682
1359360274878,0.10534488,4.1946416,7.565677
1359360275075,-1.0534488,5.9567738,9.11712
1359360275278,-0.7278373,4.1180267,8.389283
1359360275476,-0.37349546,4.367024,7.2592196
1359360275719,0.30645782,4.7500963,9.892841
1359360275878,0.11492168,4.3478703,7.4028716
1359360276092,-0.23942018,4.644751,8.8777
1359360276279,-0.34476504,3.5242648,10.802638
1359360276476,-0.36391866,3.6008794,7.8625584
1359360276678,0.009576807,5.085284,9.701305
1359360276878,0.47884035,4.0318356,8.255207
1359360277096,-0.05746084,4.6351743,7.2687964
1359360277278,-0.4405331,4.9416323,10.496181
1359360277478,-0.12449849,3.8115692,7.9583263
1359360277679,0.08619126,4.261679,8.734048
1359360277878,0.7086837,4.4436383,9.653421
1359360278118,0.06703765,4.223372,7.575254
1359360278281,-0.90979666,5.4204726,8.130709
1359360278479,-0.62249243,3.6774938,9.653421
1359360278681,-0.15322891,3.8307228,7.881712
1359360278879,0.6991069,4.156334,10.084377
1359360279124,0.7661445,3.8307228,8.1402855
1359360279496,-0.9959879,4.5777135,8.686164
1359360279684,-0.45968673,3.9743748,6.9623384
1359360279884,0.2873042,4.2904096,9.710882
1359360280084,1.1683705,3.3806129,10.400413
1359360280283,0.095768064,4.10845,7.73806
1359360280519,-0.20111294,4.9416323,10.180145
1359360280684,-0.15322891,3.7349546,8.389283
1359360280894,-0.02873042,3.9552212,7.9583263
1359360281085,0.641646,4.2521024,10.275913
1359360281283,0.29688102,4.1371803,7.3549876
1359360281485,-0.24899697,4.7884035,8.801085
1359360281685,-0.019153614,3.3135753,10.831368
1359360281905,-0.047884032,3.4476504,8.082825
1359360282086,0.2873042,4.5681367,9.662998
1359360282284,0.6607997,3.9456444,7.929596
1359360282486,0.06703765,4.223372,8.121132
1359360282686,-0.79487497,4.2999864,10.46745
1359360282931,-0.15322891,3.41892,7.9870567
1359360283086,0.019153614,3.8307228,8.935161
1359360283299,0.48841715,3.8019924,10.007763
1359360283487,0.08619126,3.8402996,8.111555
1359360283686,-0.019153614,4.2521024,8.456321
1359360283887,-1.2354081,4.5298295,10.084377
1359360284087,-0.50757074,3.5529952,7.824251
1359360284343,-0.076614454,3.9743748,8.810662
1359360284488,0.78529817,3.5434184,10.314221
1359360284699,0.11492168,3.9935284,7.651869
1359360284888,-0.9768343,5.659893,9.088389
1359360285087,-0.80445176,3.9935284,8.465898
1359360285288,-0.23942018,3.8402996,7.6231384
1359360285488,0.63206923,3.964798,10.563218
1359360285745,0.1340753,3.8115692,8.0924015
1359360285889,0.12449849,4.232949,8.676587
1359360286096,-1.0534488,4.3382936,10.01734
1359360286290,-0.842759,3.3901896,7.393295
1359360286489,-0.79487497,4.357447,8.868123
1359360286688,0.30645782,3.1794999,10.007763
1359360286891,-0.19153613,4.1180267,8.2169
1359360287132,-1.0151415,5.3821654,8.925584
1359360287288,-0.82360536,3.7253778,8.39886
1359360287489,-0.5554548,3.9360676,7.9583263
1359360287690,0.25857377,3.7924154,10.888829
1359360287891,-0.10534488,3.7541082,7.7189064
1359360288132,-0.24899697,4.3478703,8.734048
1359360288291,-1.1779473,3.8881836,9.634268
1359360288499,-0.45010993,3.6487634,7.52737
1359360288692,-0.6607997,4.55856,9.3661175
1359360288892,0.5650316,3.3901896,10.237606
1359360289092,-0.2777274,4.012682,7.920019
1359360289290,-0.90979666,4.999093,9.998186
1359360289535,-0.90021986,3.6391866,8.37013
1359360289692,-0.37349546,3.9743748,7.97748
1359360289898,0.5267244,3.9456444,10.524911
1359360290093,0.1340753,3.9552212,7.2304893
1359360290292,-0.51714754,4.9224787,8.90643
1359360290494,-0.62249243,3.0454245,11.032481
1359360290694,-0.36391866,3.3135753,8.130709
1359360290940,-0.24899697,4.7788267,9.557653
1359360291096,0.23942018,3.5625722,8.686164
1359360291302,-0.35434186,4.271256,8.121132
1359360291496,-0.89064306,4.003105,10.534488
1359360291695,-0.24899697,3.2465374,8.408437
1359360291897,-0.24899697,3.8402996,8.255207
1359360292097,0.019153614,4.232949,9.969456
1359360292347,-0.076614454,4.003105,7.4603324
1359360292497,-0.36391866,4.5872903,9.021352
1359360292696,-0.1340753,3.1316159,11.089942
1359360292898,-0.32561144,3.3806129,8.034941
1359360293096,-0.18195933,4.663905,9.433155
1359360293298,0.5746084,3.5913026,9.404425
1359360293498,-0.1436521,3.9552212,7.843405
1359360293724,-0.29688102,4.7884035,10.381259
1359360293899,-0.35434186,3.2752678,9.021352
1359360294098,-0.23942018,3.715801,8.513782
1359360294299,0.8810662,3.763685,10.180145
1359360294498,-0.15322891,3.8115692,7.6231384
1359360294737,-0.94810385,4.903325,8.973468
1359360294901,-0.6703765,3.3997664,9.892841
1359360295103,-0.30645782,3.5625722,7.9583263
1359360295301,0.58418524,4.223372,10.266336
1359360295500,0.10534488,3.6774938,8.015787
1359360295701,-0.40222588,4.185065,8.293514
1359360295902,-1.4556746,4.5872903,9.988609
1359360296102,-0.50757074,3.371036,8.101978
1359360296302,-0.18195933,3.8786068,8.944737
1359360296501,0.9576807,3.7541082,10.189722
1359360296702,-0.08619126,3.9552212,7.699753
1359360296902,-0.80445176,5.3247046,9.021352
1359360297128,-0.18195933,3.3901896,10.563218
1359360297303,-0.38307226,3.4955344,8.39886
1359360297506,0.095768064,4.405331,9.691729
1359360297703,0.1436521,3.9073372,7.795521
1359360297902,-0.25857377,4.55856,7.7667904
1359360298136,-0.9959879,4.357447,10.103531
1359360298304,-0.25857377,3.6774938,8.073248
1359360298516,-0.16280572,4.146757,8.887277
1359360298704,0.7661445,4.10845,9.931149
1359360298905,-0.30645782,3.9935284,7.747637
1359360299105,-1.283292,5.746084,9.107543
1359360299306,-0.6703765,3.9935284,9.337387
1359360299512,-0.5267244,4.060566,8.0445175
1359360299706,0.49799395,4.663905,9.548077
1359360299904,0.39264908,3.821146,8.0924015
1359360300104,-0.05746084,4.3957543,7.824251
1359360300305,-0.9576807,4.3478703,10.5440645
1359360300511,-0.23942018,3.2082303,8.63828
1359360300706,0.019153614,3.7924154,8.762778
1359360300905,0.63206923,4.156334,9.730036
1359360301107,-0.1340753,4.012682,7.4507556
1359360301307,-0.61291564,5.046977,8.90643
1359360301551,-0.45968673,3.4284968,10.955867
1359360301707,-0.51714754,3.6583402,7.920019
1359360302108,-0.009576807,4.1371803,8.149862
1359360302307,-0.34476504,4.4819455,7.5848308
1359360302508,-0.641646,4.7500963,10.486604
1359360302708,-0.39264908,3.3806129,8.264784
1359360302944,-0.12449849,4.060566,8.820239
1359360303108,0.1340753,4.261679,9.969456
1359360303308,-0.02873042,4.012682,6.991069
1359360303509,-0.23942018,4.8362875,8.810662
1359360303708,-0.5363012,3.4380736,10.726024
1359360303946,-0.31603462,3.323152,7.8625584
1359360304109,-0.17238252,4.912902,9.519346
1359360304318,0.23942018,4.050989,8.791509
1359360304525,-0.17238252,4.510676,7.489063
1359360304709,-0.45010993,4.414908,10.850522
1359360304911,-0.36391866,3.1890767,8.868123
1359360305109,-0.047884032,4.012682,8.42759
1359360305332,0.4309563,4.8841715,9.576807
1359360305511,0.009576807,4.2425256,6.7324953
1359360305710,-0.39264908,4.5394063,7.73806
1359360305912,-0.61291564,5.085284,10.208876
1359360306110,-0.2681506,3.5913026,8.848969
1359360306360,-0.16280572,4.050989,8.207323
1359360306512,0.6799533,4.2904096,10.783484
1359360306733,-0.05746084,3.9456444,7.422025
1359360306913,-0.047884032,4.76925,8.599973
1359360307113,-1.2258313,4.1946416,9.758766
1359360307313,-0.48841715,3.8977604,7.5848308
1359360307513,-0.15322891,4.6160207,8.801085
1359360307746,0.8619126,3.9360676,10.429143
1359360307914,-0.25857377,4.31914,7.651869
1359360308115,-1.0342951,5.6790466,8.858546
1359360308315,-0.5650316,4.0701427,8.350976
1359360308515,-0.35434186,4.223372,7.5561004
1359360308716,0.62249243,4.654328,10.6398325
1359360308916,0.545878,4.185065,7.8529816
1359360309130,-0.21068975,4.7022123,8.475474
1359360309316,-1.1971009,4.9224787,9.241618
1359360309517,-0.37349546,3.8019924,8.025364
1359360309716,-0.33518824,4.261679,8.456321
1359360309915,0.2777274,5.104438,8.973468
1359360310117,-0.34476504,4.3382936,7.6710224
1359360310317,-0.7757214,4.357447,7.699753
1359360310546,-0.8523358,3.7445314,10.036493
1359360310717,-0.4213795,2.8538885,8.724471
1359360310916,-0.20111294,3.1028855,9.3182335
1359360311118,-0.45968673,3.8498764,9.3182335
1359360311316,-0.25857377,4.1180267,8.7532015
1359360311516,-0.36391866,4.548983,8.647857
1359360311717,-0.37349546,4.5298295,8.724471
1359360311916,-0.038307227,4.414908,8.858546
1359360312117,0.61291564,3.9743748,9.222465
1359360312317,0.6512229,3.5242648,9.078813
1359360312519,0.2777274,3.5338416,9.682152
1359360312719,-0.37349546,2.9113493,9.730036
1359360312938,-1.0821792,2.777274,9.528923
1359360313122,-1.0534488,2.9783869,9.059659
1359360313324,-0.81402856,3.9456444,9.155427
1359360313525,-0.8523358,4.759673,8.532935
1359360313724,-0.58418524,4.548983,8.6095495
1359360313992,-0.92895025,4.309563,8.848969
1359360314122,-0.82360536,4.31914,9.174581
1359360314364,-0.80445176,4.2999864,8.619126
1359360314519,-0.6703765,4.3861775,9.030929
1359360314723,-0.37349546,4.5681367,8.7053175
1359360314923,-0.45010993,4.405331,8.571242
1359360315128,-0.39264908,4.6255975,8.858546
1359360315357,-0.32561144,4.5298295,8.686164
1359360315522,-0.4213795,4.510676,8.7532015
1359360315725,-0.35434186,4.3766007,8.590396
1359360315923,-0.6703765,4.5298295,8.791509
1359360316122,-0.60333884,4.999093,8.350976
1359360316325,-0.60333884,4.9799395,8.121132
1359360316535,0.17238252,4.673482,9.998186
1359360316743,0.5554548,3.6296098,8.820239
1359360316926,0.047884032,4.3287168,7.699753
1359360317127,-0.21068975,5.315128,8.523358
1359360317324,-0.29688102,3.3806129,10.907983
1359360317523,-0.20111294,3.8977604,7.747637
1359360317754,0.05746084,4.855441,9.088389
1359360317927,0.89064306,3.7924154,9.193734
1359360318126,0.21068975,4.185065,7.8146744
1359360318327,-0.2777274,4.367024,10.773908
1359360318526,-0.6895301,3.3614593,8.724471
1359360318728,-0.15322891,4.012682,7.6710224
1359360318927,0.34476504,3.9360676,10.812215
1359360319127,-0.095768064,3.5817258,7.393295
1359360319328,-0.89064306,4.3766007,9.069236
1359360319527,-0.6895301,3.0071173,11.15698
1359360319769,-0.41180268,3.3423057,7.929596
1359360319929,-0.16280572,4.309563,9.078813
1359360320140,0.60333884,3.169923,10.362105
1359360320329,-0.545878,3.715801,8.121132
1359360320528,-0.6991069,4.4819455,10.869676
1359360320730,-0.6991069,3.016694,8.7532015
1359360320930,-0.20111294,3.7924154,8.2169
1359360321185,0.58418524,4.0318356,10.5919485
1359360321332,-0.2681506,3.9360676,7.28795
1359360321534,-0.49799395,4.7405195,8.37013
1359360321732,-1.3694834,4.596867,9.222465
1359360321932,-0.31603462,3.6966474,7.565677
1359360322132,-0.038307227,4.357447,8.973468
1359360322336,0.5554548,3.514688,10.25676
1359360322559,-0.2873042,4.0892963,7.5561004
1359360322734,-1.3215994,5.554548,9.682152
1359360322933,-0.7661445,3.514688,8.111555
1359360323135,-0.30645782,4.175488,7.8146744
1359360323334,0.47884035,4.2425256,10.726024
1359360323576,-0.5554548,4.050989,7.1826053
1359360323736,-1.0247183,4.711789,8.456321
1359360323948,-1.3311762,3.5051112,10.907983
1359360324136,-0.5650316,3.41892,7.4603324
1359360324334,-0.15322891,4.4723687,9.634268
1359360324536,0.6512229,3.6487634,9.500193
1359360324736,-0.7565677,4.1276035,7.4028716
1359360324982,-1.1492168,4.759673,10.716447
1359360325137,-0.545878,3.2752678,8.734048
1359360325335,-0.22026655,4.0222588,8.111555
1359360325537,0.62249243,4.711789,10.055647
1359360325736,-0.11492168,3.9743748,6.8282633
1359360325937,-0.45968673,5.0278234,8.810662
1359360326138,-0.7757214,3.4284968,10.783484
1359360326367,-0.29688102,3.6870706,7.7093296
1359360326538,-0.019153614,4.6351743,9.519346
1359360326737,0.7374141,3.9360676,8.801085
1359360326939,-0.51714754,4.31914,7.1251445
1359360327138,-0.45010993,4.3861775,10.611102
1359360327340,0.009576807,3.371036,8.255207
1359360327547,0.22984336,3.763685,8.848969
1359360327755,0.9959879,3.8977604,10.065224
1359360327941,-0.076614454,3.9935284,7.680599
1359360328142,-1.340753,5.391742,9.069236
1359360328342,-0.842759,3.217807,9.653421
1359360328542,-0.4405331,3.5242648,8.159439
1359360328742,0.545878,3.9456444,10.869676
1359360328942,0.12449849,3.3423057,7.785944
1359360329152,-0.6607997,4.309563,8.734048
1359360329343,-1.3311762,4.1946416,9.021352
1359360329543,-0.4213795,3.620033,7.4124484
1359360329743,-0.20111294,3.7445314,7.97748
1359360329943,0.89064306,3.9456444,10.5440645
1359360330184,0.047884032,3.620033,7.6614456
1359360330343,-0.11492168,4.606444,8.781932
1359360330543,-1.3503298,3.466804,10.6877165
1359360330744,-0.59376204,3.265691,7.345411
1359360330943,-0.19153613,4.721366,9.375694
1359360331144,0.30645782,3.9360676,9.050082
1359360331345,-0.58418524,4.1946416,7.785944
1359360331567,-0.842759,4.3861775,10.5440645
1359360331745,-0.33518824,3.0454245,9.078813
1359360331944,0.2777274,3.3135753,8.599973
1359360332145,0.40222588,3.7349546,9.902418
1359360332344,-0.047884032,3.5242648,7.4603324
1359360332546,-0.92895025,4.8937483,9.174581
1359360332744,-0.47884035,3.074155,9.730036
1359360332944,-0.20111294,3.2848446,8.350976
1359360333146,0.22026655,4.0797195,9.768343
1359360333345,0.1340753,3.6296098,8.283937
1359360333546,-0.1340753,4.185065,8.379706
1359360333746,-1.6280571,4.003105,9.854534
1359360333968,-0.36391866,3.016694,8.015787
1359360334147,0.019153614,3.7445314,8.935161
1359360334345,1.0726024,3.3997664,10.01734
1359360334547,-0.15322891,3.7828386,7.8912888
1359360334747,-0.6607997,5.315128,9.030929
1359360334986,-0.2777274,3.4859576,9.289502
1359360335149,0.1340753,3.6487634,7.833828
1359360335346,1.2449849,3.41892,10.907983
1359360335548,0.095768064,3.5913026,7.5848308
1359360335747,0.019153614,4.4915223,8.542512
1359360335985,-1.1013328,3.821146,10.333375
1359360336149,-0.16280572,3.6104562,7.7572136
1359360336347,0.10534488,4.510676,9.251195
1359360336549,0.61291564,3.6966474,9.615114
1359360336748,-0.15322891,4.175488,7.8912888
1359360336983,-0.8810662,5.353435,9.624691
1359360337150,-0.5554548,3.6583402,8.513782
1359360337348,-0.02873042,4.0797195,7.632715
1359360337550,0.5554548,4.0797195,10.477027
1359360337749,-0.15322891,4.012682,7.345411
1359360337950,-0.34476504,4.5298295,8.954314
1359360338149,-0.35434186,3.0071173,11.099519
1359360338360,-0.22984336,3.2561142,8.159439
1359360338551,0.047884032,4.5777135,9.873688
1359360338750,0.48841715,3.5338416,9.193734
1359360338951,-0.34476504,4.261679,7.5944076
1359360339152,-0.46926352,4.855441,10.582372
1359360339404,-0.4213795,3.2944214,8.571242
1359360339553,-0.08619126,3.8402996,7.9870567
1359360339755,0.81402856,3.9839516,11.070788
1359360339953,0.25857377,3.86903,7.536947
1359360340152,-0.21068975,4.462792,8.801085
1359360340363,-0.82360536,4.050989,10.132261
1359360340554,-0.34476504,3.5338416,6.9240313
1359360340767,-0.2777274,4.2904096,9.356541
1359360340954,1.091756,3.2082303,11.013328
1359360341153,0.06703765,3.9839516,8.149862
1359360341355,-0.46926352,4.7884035,10.515334
1359360341554,0.009576807,3.2944214,8.6574335
1359360341805,0.5554548,3.6966474,8.274361
1359360341956,0.9672575,4.271256,10.189722
1359360342155,0.5746084,4.1946416,6.933608
1359360342356,-0.45010993,5.133168,8.63828
1359360342555,0.076614454,3.4284968,10.802638
1359360342756,0.15322891,3.6391866,7.824251
1359360342955,0.33518824,5.315128,9.5385
1359360343180,0.6703765,4.1276035,8.590396
1359360343357,-0.11492168,4.663905,7.52737
1359360343556,-0.9768343,4.5202527,10.381259
1359360343757,-0.30645782,3.5625722,8.015787
1359360343956,0.08619126,4.1371803,8.552089
1359360344157,0.89064306,4.309563,9.921572
1359360344358,-0.08619126,4.31914,6.9623384
1359360344585,-0.9672575,5.8801594,8.207323
1359360344759,-1.4460979,3.9360676,9.519346
1359360344957,-0.63206923,3.8786068,7.699753
1359360345159,0.25857377,3.8115692,10.496181
1359360345358,-0.019153614,3.620033,7.8912888
1359360345589,-0.45010993,4.213795,8.408437
1359360345760,-1.8291701,4.0701427,9.911995
1359360345958,-0.82360536,3.1986535,7.28795
1359360346160,-0.45010993,3.8786068,9.624691
1359360346359,0.545878,3.016694,10.572795
1359360346560,-0.5267244,3.763685,7.776367
1359360346758,-0.91937345,4.663905,10.505757
1359360346984,-0.60333884,2.8538885,8.6095495
1359360347161,-0.16280572,3.6296098,8.2169
1359360347362,0.842759,4.050989,10.994174
1359360347562,-0.25857377,3.6104562,7.192182
1359360347762,-0.7374141,4.7309427,8.781932
1359360348005,-0.40222588,3.265691,11.482592
1359360348162,-0.47884035,3.2369606,7.881712
1359360348375,-0.047884032,4.6926355,9.701305
1359360348563,0.4309563,3.6966474,9.586384
1359360348763,-0.24899697,4.223372,7.431602
1359360348963,-0.9959879,4.414908,10.994174
1359360349162,-0.6703765,3.2561142,8.465898
1359360349411,-0.24899697,3.8402996,8.274361
1359360349563,0.2681506,4.3287168,10.419566
1359360349784,-0.2681506,4.060566,6.933608
1359360349964,-0.7182605,4.865018,8.6095495
1359360350163,-0.6895301,3.6391866,11.128249
1359360350364,-0.40222588,3.7445314,7.920019
1359360350563,-0.20111294,4.8362875,9.356541
1359360350790,0.49799395,4.309563,8.734048
1359360350965,-0.49799395,4.5394063,7.2592196
1359360351173,-0.9959879,4.5202527,10.6877165
1359360351365,-0.4405331,3.5338416,8.686164
1359360351564,-0.37349546,3.6008794,7.9104424
1359360351766,-0.23942018,5.1235914,9.184157
1359360351966,0.22984336,4.2999864,8.504205
1359360352197,-0.5554548,4.5872903,7.441179
1359360352366,-0.5554548,4.501099,10.831368
1359360352565,-0.38307226,3.3423057,8.552089
1359360352767,0.18195933,3.916914,8.293514
1359360352965,0.45010993,4.1946416,9.710882
1359360353167,-0.4309563,3.7732618,7.6710224
1359360353367,-0.58418524,4.644751,9.394848
1359360353593,-0.19153613,2.681506,11.109096
1359360353768,0.019153614,3.1411927,7.833828
1359360353966,0.31603462,4.759673,10.036493
1359360354168,0.19153613,3.6774938,8.293514
1359360354367,-0.20111294,4.4915223,7.690176
1359360354609,-0.92895025,4.654328,10.448297
1359360354768,-0.45010993,3.0933087,8.236053
1359360354984,0.009576807,3.8786068,8.801085
1359360355169,0.38307226,4.414908,9.653421
1359360355368,0.02873042,3.9552212,7.3549876
1359360355569,-0.63206923,5.133168,8.7053175
1359360355768,-0.4405331,3.2752678,10.553641
1359360355990,-0.1436521,3.4955344,8.0924015
1359360356170,0.4405331,4.453215,9.605537
1359360356368,0.51714754,3.9552212,8.130709
1359360356570,-0.076614454,4.357447,7.651869
1359360356769,-0.92895025,4.2999864,9.988609
1359360357009,-0.2873042,3.371036,8.37013
1359360357169,-0.009576807,3.6966474,8.935161
1359360357385,0.9864111,3.9935284,10.0748005
1359360357571,0.009576807,4.1371803,7.4507556
1359360357770,-0.8523358,5.3821654,8.973468
1359360357971,-0.5746084,3.514688,9.892841
1359360358172,-0.22026655,3.620033,7.843405
1359360358388,0.4405331,4.7405195,9.940725
1359360358572,0.06703765,4.012682,7.7572136
1359360358771,-0.22984336,4.596867,8.00621
1359360358973,-0.81402856,4.2999864,9.586384
1359360359173,0.076614454,3.5242648,7.9104424
1359360359418,0.21068975,3.916914,8.580819
1359360359575,0.9768343,4.175488,9.155427
1359360359775,0.40222588,3.916914,7.565677
1359360359974,-0.02873042,4.55856,7.9583263
1359360360174,-0.30645782,3.8881836,9.519346
1359360360374,-0.30645782,2.6048915,9.002198
1359360360576,-0.30645782,2.930503,9.375694
1359360360807,-0.47884035,4.012682,8.848969
1359360360975,-0.2873042,3.86903,8.781932
1359360361175,-0.36391866,4.098873,8.992621
1359360361376,-0.1436521,3.9552212,9.040505
1359360361576,0.40222588,3.8019924,9.069236
1359360361825,1.2066777,3.466804,9.500193
1359360361979,0.8331822,3.3423057,9.251195
1359360362184,-0.23942018,2.7006595,9.471462
1359360362378,-0.6991069,2.8538885,9.385271
1359360362576,-1.2162545,2.9496565,9.346964
1359360362779,-0.8714894,3.2944214,9.519346
1359360362980,-0.50757074,4.357447,8.676587
1359360363221,-0.9768343,4.156334,8.513782
1359360363378,-0.8523358,4.156334,8.887277
1359360363577,-0.58418524,4.280833,9.088389
1359360363779,-0.32561144,4.146757,8.695741
1359360363978,-0.24899697,4.10845,8.868123
1359360364243,-0.17238252,3.9264908,9.030929
1359360364380,-0.22026655,3.964798,8.963891
1359360364596,-0.30645782,3.9456444,9.002198
1359360364781,-0.29688102,3.9456444,9.040505
1359360364980,-0.22026655,3.8498764,8.954314
1359360365186,-0.10534488,4.060566,8.925584
1359360365383,-0.21068975,4.3478703,8.868123
1359360365588,-0.5746084,4.5872903,8.552089
1359360365784,-0.48841715,4.9416323,8.6574335
1359360365981,-0.36391866,5.2863975,9.030929
1359360366182,1.1587936,3.6391866,9.998186
1359360366382,0.31603462,3.9264908,7.4986396
1359360366630,-0.7278373,5.401319,8.992621
1359360366784,-0.6607997,3.3135753,10.084377
1359360366990,-0.02873042,3.6487634,7.8912888
1359360367186,0.5267244,4.2042184,10.745177
1359360367386,0.49799395,3.5529952,7.9870567
1359360367582,-0.1436521,4.1371803,8.504205
1359360367784,-1.7908629,4.6830587,9.337387
1359360367997,-0.7278373,3.1603463,7.4507556
1359360368188,-0.545878,4.3382936,9.385271
1359360368387,0.5363012,4.357447,9.174581
1359360368586,0.11492168,4.213795,6.943185
1359360368788,-0.34476504,5.650316,8.8777
1359360369031,-0.45968673,3.5242648,9.414001
1359360369188,-0.17238252,4.0318356,8.101978
1359360369403,0.8523358,4.1371803,10.754754
1359360369589,-0.009576807,3.466804,7.7189064
1359360369787,-0.22026655,4.3478703,8.983045
1359360369989,-1.4173675,4.3478703,9.461885
1359360370188,-0.4213795,3.8786068,7.1634517
1359360370425,-0.076614454,4.7500963,9.241618
1359360370590,0.7278373,3.4572272,9.873688
1359360370798,-0.32561144,4.3861775,7.747637
1359360370990,-0.39264908,4.596867,10.984597
1359360371189,0.05746084,3.1411927,9.002198
1359360371391,0.2873042,4.0414124,8.465898
1359360371617,0.6895301,4.280833,9.835381
1359360371993,-0.33518824,4.711789,9.232041
1359360372193,-0.22026655,2.8538885,11.252748
1359360372395,-0.08619126,3.7828386,7.97748
1359360372595,0.5650316,4.7884035,9.481039
1359360372827,0.34476504,3.9935284,7.699753
1359360372996,-0.37349546,4.6160207,8.312668
1359360373196,-1.484405,4.9895163,9.155427
1359360373396,-0.47884035,3.9552212,7.2113357
1359360373595,-0.038307227,4.548983,8.801085
1359360373796,1.3503298,4.003105,9.921572
1359360373996,-0.019153614,4.3957543,7.795521
1359360374228,-1.0821792,5.7365074,9.691729
1359360374397,-0.51714754,3.6391866,8.580819
1359360374595,-0.11492168,4.2425256,7.632715
1359360374797,0.7565677,4.6351743,9.950302
1359360374996,0.02873042,4.414908,7.1634517
1359360375197,-0.40222588,5.104438,9.021352
1359360375398,-0.076614454,3.0071173,11.013328
1359360375607,0.2681506,3.6391866,7.9870567
1359360375798,0.45968673,4.003105,8.839393
1359360375997,1.5705963,3.9073372,9.481039
1359360376198,0.46926352,3.8977604,7.5465236
1359360376399,-0.7278373,5.659893,8.686164
1359360376637,-0.48841715,3.6008794,9.155427
1359360376799,-0.23942018,3.821146,7.8146744
1359360376998,0.8810662,3.8881836,10.658986
1359360377199,0.37349546,3.6966474,8.159439
1359360377400,0.22026655,4.3957543,8.523358
1359360377627,-1.388637,4.280833,10.103531
1359360377801,-0.45010993,3.7445314,7.4124484
1359360378002,-0.18195933,4.31914,9.088389
1359360378201,0.9576807,3.6104562,10.132261
1359360378400,0.1340753,4.3382936,7.8050976
1359360378627,-0.91937345,5.6886234,9.624691
1359360378802,-0.91937345,4.1371803,8.015787
1359360379005,-0.2873042,4.4723687,7.469909
1359360379202,0.60333884,4.673482,10.496181
1359360379401,0.05746084,3.964798,7.326257
1359360379602,-0.29688102,4.8458643,8.590396
1359360379802,-1.3215994,4.2999864,9.548077
1359360380026,-0.6607997,4.060566,7.1347213
1359360380203,-0.21068975,4.8841715,9.337387
1359360380403,0.5650316,3.9073372,9.394848
1359360380603,-0.46926352,4.4340615,7.690176
1359360380802,-0.31603462,4.7979803,10.879252
1359360381032,-0.38307226,3.4284968,8.379706
1359360381203,-0.019153614,3.916914,8.437167
1359360381405,0.009576807,4.3957543,9.720459
1359360381604,0.08619126,3.7541082,7.6135616
1359360381803,-0.48841715,4.7884035,9.011775
1359360382004,-0.47884035,3.0550013,11.252748
1359360382205,-0.38307226,3.5242648,8.1402855
1359360382429,-0.12449849,4.501099,9.787497
1359360382606,0.05746084,3.8019924,8.255207
1359360382805,-0.33518824,4.2999864,7.9487495
1359360383006,-1.1875241,4.367024,9.969456
1359360383205,-0.5363012,3.3327289,8.00621
1359360383406,-0.33518824,3.8498764,9.260772
1359360383606,0.50757074,3.667917,10.314221
1359360383827,0.02873042,3.8786068,7.699753
1359360384007,-1.4748282,5.4204726,9.107543
1359360384205,-0.9576807,3.8402996,8.331821
1359360384407,-0.4405331,3.8977604,7.8625584
1359360384606,0.45968673,3.821146,10.70687
1359360384846,0.34476504,3.6870706,8.101978
1359360385007,-0.21068975,4.309563,8.504205
1359360385207,-1.6376339,4.2425256,9.557653
1359360385408,-0.5650316,3.5434184,7.517793
1359360385607,-0.33518824,3.8977604,9.059659
1359360385808,1.0151415,3.41892,10.630256
1359360386008,-0.076614454,3.7445314,7.9391727
1359360386248,-1.1875241,5.592855,8.887277
1359360386408,-0.58418524,3.6774938,8.90643
1359360386611,-0.34476504,3.7445314,8.111555
1359360386809,0.79487497,3.9264908,10.697293
1359360387008,0.34476504,3.8115692,8.379706
1359360387209,-0.2873042,4.3957543,8.599973
1359360387410,-1.5897499,4.6926355,9.270349
1359360387609,-0.5746084,3.5529952,7.575254
1359360387810,-0.51714754,4.1371803,9.078813
1359360388009,0.7278373,3.2273839,10.697293
1359360388211,-0.08619126,3.821146,8.034941
1359360388409,-1.2162545,5.592855,9.155427
1359360388645,-1.1013328,3.8881836,8.178593
1359360388812,-0.49799395,4.060566,7.9104424
1359360389011,0.22026655,4.4244847,10.457873
1359360389213,0.20111294,3.7828386,7.8625584
1359360389412,-0.4213795,4.367024,8.6095495
1359360389625,-0.9768343,4.3287168,9.021352
1359360389813,-0.16280572,3.7732618,7.4986396
1359360390012,-0.1340753,4.3287168,9.088389
1359360390214,1.3599066,3.7253778,9.998186
1359360390412,-0.019153614,4.1180267,7.7093296
1359360390660,-1.484405,5.995081,9.030929
1359360390814,-0.6512229,3.8402996,8.801085
1359360391029,-0.25857377,4.060566,7.632715
1359360391215,0.6799533,4.414908,10.907983
1359360391414,0.21068975,3.7828386,7.872135
1359360391615,-0.48841715,4.663905,8.39886
1359360391814,-1.6759412,4.8458643,8.925584
1359360392050,-0.58418524,3.86903,7.374141
1359360392216,-0.47884035,4.510676,8.839393
1359360392427,0.7565677,3.7062242,10.218452
1359360392616,-0.22984336,4.1946416,7.9104424
1359360392815,-1.3120226,6.0142345,8.63828
1359360393016,-0.6991069,3.8594532,8.887277
1359360393217,-0.4309563,3.9552212,7.9391727
1359360393430,0.4309563,4.050989,10.898406
1359360393617,0.35434186,3.964798,7.9583263
1359360393817,-0.21068975,4.5777135,8.676587
1359360394018,-1.283292,4.6830587,9.059659
1359360394216,-0.39264908,3.8594532,7.9008656
1359360394470,-0.29688102,4.548983,8.724471
1359360394616,0.8523358,3.8402996,9.950302
1359360394824,-0.32561144,3.8881836,7.872135
1359360395018,-0.8331822,5.5641246,8.829816
1359360395217,-0.78529817,3.1890767,10.879252
1359360395418,-0.39264908,3.3806129,7.6231384
1359360395619,0.81402856,4.213795,10.419566
1359360395849,0.32561144,3.8594532,8.073248
1359360396020,-0.05746084,4.146757,7.785944
1359360396223,-0.9576807,3.8977604,10.342952
1359360396420,-0.15322891,3.0550013,8.207323
1359360396619,-0.12449849,3.6008794,9.260772
1359360396820,0.641646,3.7732618,9.797073
1359360397020,-0.24899697,3.7349546,7.2592196
1359360397231,-1.340753,5.209783,8.858546
1359360397421,-0.6895301,3.1411927,10.754754
1359360397622,-0.45010993,3.5434184,8.37013
1359360397821,-0.2777274,4.7022123,9.3182335
1359360398022,0.2873042,3.9743748,9.519346
1359360398252,-0.4405331,4.003105,7.651869
1359360398422,-0.90979666,4.76925,8.829816
1359360398625,-0.5363012,3.371036,10.907983
1359360398822,-0.33518824,3.3901896,7.8529816
1359360399023,0.24899697,4.6255975,9.528923
1359360399274,0.5363012,4.098873,8.418014
1359360399423,-0.41180268,4.807557,7.1155677
1359360399647,-0.6607997,5.0757074,10.362105
1359360399823,-0.37349546,3.763685,8.39886
1359360400026,-0.18195933,4.232949,8.101978
1359360400224,0.48841715,4.673482,9.950302
1359360400423,0.10534488,4.0892963,7.2113357
1359360400658,-0.4213795,4.9416323,8.791509
1359360400824,-0.49799395,3.8115692,10.91756
1359360401031,-0.2681506,3.7828386,8.0445175
1359360401224,-0.02873042,5.085284,9.174581
1359360401424,0.6895301,4.232949,8.935161
1359360401625,-0.16280572,4.7405195,7.5465236
1359360401826,-0.58418524,5.0278234,10.5440645
1359360402057,-0.31603462,3.6966474,8.695741
1359360402227,-0.2777274,3.916914,7.8146744
1359360402426,0.33518824,4.817134,9.442732
1359360402626,-0.019153614,4.3766007,7.6231384
1359360402824,-0.4405331,4.501099,8.829816
1359360403055,-0.38307226,3.3327289,10.630256
1359360403227,-0.4309563,3.6966474,7.795521
1359360403426,-0.48841715,4.7884035,9.509769
1359360403627,0.45968673,3.8977604,9.414001
1359360403826,-0.45010993,4.309563,7.728483
1359360404076,-0.29688102,5.257667,10.323798
1359360404229,-0.7278373,3.715801,8.379706
1359360404446,-0.22026655,4.261679,7.9583263
1359360404629,0.4213795,5.1810527,10.199299
1359360404827,0.047884032,4.55856,7.086837
1359360405036,-0.5746084,5.363012,8.303091
1359360405229,-0.82360536,4.4819455,10.065224
1359360405444,-0.6799533,4.0892963,7.383718
1359360405629,-0.29688102,5.391742,9.576807
1359360405829,0.641646,4.271256,9.14585
1359360406029,-0.34476504,5.0374002,7.3166804
1359360406230,-0.5554548,5.2385135,9.528923
1359360406481,-0.34476504,3.7541082,8.734048
1359360406630,-0.076614454,4.1371803,8.24563
1359360406830,0.29688102,4.8362875,10.342952
1359360407030,-0.30645782,4.3287168,7.431602
1359360407229,-0.94810385,5.1810527,7.9870567
1359360407430,-1.3982137,5.1906295,9.605537
1359360407629,0.095768064,3.9743748,7.785944
1359360407829,-0.32561144,4.7788267,8.590396
1359360408031,0.24899697,4.9224787,9.097966
1359360408230,-0.4405331,4.271256,7.0102224
1359360408431,-0.545878,4.8362875,8.207323
1359360408632,-0.23942018,3.0071173,10.860099
1359360408867,-0.46926352,3.0358477,9.097966
1359360409032,-0.46926352,4.1276035,9.088389
1359360409232,-0.009576807,3.9264908,9.423578
1359360409432,-0.02873042,3.4093432,8.8777
1359360409635,-0.009576807,3.514688,9.490616
1359360409847,-0.019153614,3.821146,9.030929
1359360410035,-0.1340753,3.916914,8.963891
1359360410234,-0.36391866,4.0414124,9.021352
1359360410437,-0.47884035,4.0222588,8.973468
1359360410636,-0.40222588,4.0414124,9.021352
1359360410882,-0.4309563,4.050989,8.935161
1359360411041,-0.40222588,4.185065,8.839393
1359360411236,-0.4405331,4.156334,8.887277
1359360411435,-0.47884035,4.1180267,8.887277
1359360411636,-0.4309563,4.0701427,9.011775
1359360411836,-0.36391866,4.1659107,8.887277
1359360412039,-0.36391866,4.1659107,8.8777
1359360412236,-0.40222588,4.1659107,8.868123
1359360412438,-0.38307226,4.1371803,8.916007
1359360412637,-0.32561144,4.1946416,8.887277
1359360412838,-0.4213795,4.146757,8.896853
1359360413038,-0.4405331,4.223372,8.887277
1359360413265,-0.50757074,4.185065,8.858546
1359360413439,-0.5650316,4.2521024,8.8777
1359360413640,-0.50757074,4.3287168,8.887277
1359360413839,-0.62249243,4.31914,8.791509
1359360414038,-0.5650316,4.357447,8.743625
1359360414254,-0.51714754,4.261679,8.829816
1359360414440,-0.45010993,4.2904096,8.8777
1359360414639,-0.4213795,4.280833,8.8777
1359360414840,-0.36391866,4.2425256,8.810662
1359360415041,-0.31603462,4.3287168,8.801085
1359360415265,-0.41180268,4.2521024,8.839393
1359360415442,-0.36391866,4.280833,8.839393
1359360415641,-0.4309563,4.2904096,8.791509
1359360415842,-0.4309563,4.271256,8.858546
1359360416042,-0.4405331,4.213795,8.820239
1359360416280,-0.49799395,4.223372,8.791509
1359360416443,-0.51714754,4.2425256,8.848969
1359360416643,-0.5267244,4.223372,8.839393
1359360416843,-0.5267244,4.2425256,8.839393
1359360417042,-0.48841715,4.2521024,8.820239
1359360417298,-0.50757074,4.213795,8.916007
1359360417443,-0.4309563,4.2904096,8.887277
1359360417645,-0.39264908,4.2904096,8.820239
1359360417843,-0.37349546,4.2999864,8.848969
1359360418044,-0.41180268,4.3766007,8.839393
1359360418275,-0.35434186,4.3287168,8.791509
1359360418445,-0.36391866,4.2904096,8.791509
1359360418643,-0.36391866,4.271256,8.916007
1359360418845,-0.48841715,4.271256,8.801085
1359360419045,-0.45010993,4.271256,8.963891
1359360419275,-0.47884035,4.185065,8.8777
1359360419446,-0.49799395,4.175488,8.90643
1359360419646,-0.5554548,4.185065,8.887277
1359360419846,-0.5363012,4.1276035,8.916007
1359360420044,-0.5363012,4.0797195,8.916007
1359360420280,-0.47884035,4.1180267,8.887277
1359360420446,-0.49799395,4.0892963,8.992621
1359360420645,-0.4405331,4.175488,8.925584
1359360420846,-0.45010993,4.261679,8.848969
1359360421046,-0.45968673,4.3478703,8.734048
1359360421278,-0.34476504,4.4244847,8.772355
1359360421447,-0.4213795,4.309563,8.695741
1359360421647,-0.4405331,4.223372,8.858546
1359360421848,-0.49799395,4.0701427,9.011775
1359360422046,-0.45968673,4.050989,9.030929
1359360422248,-0.46926352,4.003105,8.973468
1359360422448,-0.4405331,4.0222588,8.944737
1359360422654,-0.41180268,4.098873,8.896853
1359360422848,-0.4405331,4.1276035,8.954314
1359360423047,-0.4213795,4.1276035,8.925584
1359360423248,-0.35434186,4.1371803,8.887277
1359360423449,-0.30645782,4.1659107,8.935161
1359360423661,-0.2873042,4.185065,8.896853
1359360423850,-0.2681506,4.223372,8.810662
1359360424048,-0.2873042,4.232949,8.8777
1359360424249,-0.21068975,4.280833,8.791509
1359360424450,-0.2681506,4.232949,8.839393
1359360424650,-0.2873042,4.2425256,8.781932
1359360424851,-0.2873042,4.223372,8.848969
1359360425049,-0.30645782,4.185065,8.8777
1359360425272,-0.30645782,4.1659107,8.925584
1359360425451,-0.35434186,4.1946416,8.983045
1359360425649,-0.41180268,4.1659107,8.90643
1359360425851,-0.4213795,4.156334,8.896853
1359360426050,-0.38307226,4.185065,8.925584
1359360426251,-0.40222588,4.175488,8.896853
1359360426452,-0.32561144,4.2042184,8.887277
1359360426650,-0.31603462,4.213795,8.887277
1359360426852,-0.2873042,4.213795,8.772355
1359360427051,-0.31603462,4.271256,8.839393
1359360427282,-0.2777274,4.271256,8.801085
1359360427452,-0.24899697,4.2425256,8.887277
1359360427651,-0.2873042,4.2425256,8.868123
1359360427853,-0.30645782,4.213795,8.90643
1359360428051,-0.34476504,4.271256,8.839393
1359360428282,-0.37349546,4.271256,8.829816
1359360428454,-0.36391866,4.2904096,8.858546
1359360428652,-0.37349546,4.271256,8.8777
1359360428853,-0.36391866,4.271256,8.820239
1359360429053,-0.36391866,4.2521024,8.8777
1359360429253,-0.40222588,4.232949,8.820239
1359360429455,-0.40222588,4.2042184,8.868123
1359360429653,-0.32561144,4.2521024,8.858546
1359360429854,-0.30645782,4.232949,8.791509
1359360430055,-0.32561144,4.280833,8.6095495
1359360430253,-0.17238252,2.767697,9.653421
1359360430455,0.095768064,1.5705963,9.672575
1359360430655,-0.10534488,2.480393,9.720459
1359360430911,-0.35434186,2.4516625,8.887277
1359360431056,-0.5746084,2.7868507,8.772355
1359360431269,-0.22984336,3.083732,9.050082
1359360431457,-0.40222588,2.930503,9.241618
1359360431655,-0.545878,2.6623523,8.983045
1359360431857,-0.24899697,2.72939,9.3182335
1359360432056,-0.16280572,2.4708161,9.375694
1359360432304,0.095768064,2.8443117,9.586384
1359360432458,-0.36391866,3.016694,9.212888
1359360432668,0.22026655,3.3039982,9.040505
1359360432858,0.51714754,3.6583402,9.11712
1359360433057,0.19153613,3.3327289,8.935161
1359360433261,-0.25857377,3.6583402,9.078813
1359360433459,-0.12449849,3.5625722,9.030929
1359360433682,-0.15322891,3.514688,9.097966
1359360433860,-0.12449849,3.6774938,9.260772
1359360434060,-0.23942018,3.466804,9.251195
1359360434260,-0.019153614,3.5817258,9.097966
1359360434459,0.038307227,3.6870706,8.858546
1359360434721,0.08619126,3.9264908,8.839393
1359360434861,0.038307227,4.0318356,8.983045
1359360435262,0.05746084,4.1180267,9.002198
1359360435462,0.1340753,4.1371803,8.916007
1359360435662,0.11492168,4.060566,8.963891
1359360435862,0.06703765,4.0797195,8.954314
1359360436090,0.08619126,4.0797195,8.8777
1359360436263,0.02873042,3.9935284,8.887277
1359360436464,-0.047884032,3.8498764,8.916007
1359360436663,-0.076614454,3.8307228,8.963891
1359360436862,0.05746084,3.7732618,8.963891
1359360437112,0.038307227,3.6391866,8.992621
1359360437263,0.02873042,3.5817258,9.165004
1359360437465,-0.02873042,3.620033,9.14585
1359360437862,0.06703765,3.5529952,9.260772
1359360438064,0.02873042,3.6391866,9.203311
1359360438264,0.038307227,3.5913026,9.14585
1359360438484,0.05746084,3.667917,9.107543
1359360438665,0.06703765,3.7062242,9.11712
1359360438863,0.019153614,3.6966474,9.174581
1359360439065,-0.05746084,3.7349546,9.021352
1359360439266,-0.047884032,3.7349546,9.078813
1359360439485,-0.08619126,3.7732618,9.078813
1359360439666,-0.02873042,3.7541082,9.126697
1359360439865,-0.06703765,3.763685,9.040505
1359360440066,-0.047884032,3.7541082,9.059659
1359360440266,-0.019153614,3.763685,9.165004
1359360440468,-0.038307227,3.8115692,9.069236
1359360440667,0.02873042,3.821146,8.954314
1359360440865,0.038307227,3.8498764,9.040505
1359360441067,0.047884032,3.8977604,9.069236
1359360441267,0.06703765,3.8498764,9.059659
1359360441479,0.047884032,3.8402996,9.011775
1359360441668,0.11492168,3.8498764,9.011775
1359360441866,0.05746084,3.8498764,9.030929
1359360442068,0.019153614,3.8498764,9.050082
1359360442268,-0.06703765,3.8019924,9.040505
1359360442479,-0.038307227,3.821146,9.011775
1359360442669,-0.11492168,3.7541082,9.14585
1359360442867,-0.038307227,3.7349546,9.021352
1359360443069,-0.02873042,3.7253778,9.097966
1359360443269,-0.02873042,3.7541082,9.059659
1359360443468,-0.06703765,3.7541082,9.155427
1359360444100,-0.009576807,3.7828386,8.90643
1359360444270,0.009576807,3.8019924,9.11712
1359360444470,0.038307227,3.8115692,8.973468
1359360444671,0.019153614,3.8402996,9.021352
1359360445100,-0.1340753,3.7732618,9.155427
1359360445274,-0.076614454,3.7828386,9.050082
1359360445469,-0.16280572,3.8307228,9.078813
1359360445673,-0.1436521,3.7828386,9.088389
1359360445870,-0.18195933,3.763685,9.050082
1359360446073,-0.12449849,3.7445314,9.088389
1359360446274,-0.08619126,3.715801,9.107543
1359360446472,-0.06703765,3.7349546,9.097966
1359360446674,0.009576807,3.7445314,9.050082
1359360446870,0.02873042,3.7062242,9.078813
1359360447092,0.08619126,3.7541082,9.050082
1359360447277,-0.019153614,3.7732618,8.935161
1359360447472,-0.02873042,3.9264908,9.059659
1359360447677,-0.02873042,3.9839516,8.973468
1359360447872,-0.019153614,3.964798,9.040505
1359360448116,-0.08619126,3.9360676,8.973468
1359360448278,-0.02873042,3.9073372,9.021352
1359360448678,0.009576807,3.9264908,8.983045
1359360448875,-0.02873042,3.8498764,8.935161
1359360449099,-0.02873042,3.8115692,8.973468
1359360449475,0.019153614,3.8786068,9.050082
1359360449678,0.019153614,3.9360676,8.983045
1359360449877,0.02873042,3.9552212,9.078813
1359360450155,0.076614454,3.9264908,8.963891
1359360450278,0.1436521,4.0414124,8.916007
1359360450475,0.08619126,4.003105,8.935161
1359360450678,0.08619126,3.9743748,9.021352
1359360450876,0.076614454,4.003105,8.925584
1359360451093,0.08619126,4.012682,9.011775
1359360451278,0.019153614,3.9935284,9.040505
1359360451477,0.009576807,4.003105,9.002198
1359360451678,0.038307227,4.0414124,8.954314
1359360451877,0.06703765,3.9935284,8.973468
1359360452102,0.047884032,4.1371803,8.820239
1359360452478,-0.009576807,3.9839516,8.90643
1359360452679,-0.038307227,3.9839516,8.935161
1359360452878,-0.047884032,3.9743748,9.002198
1359360453103,-0.095768064,3.9264908,8.963891
1359360453281,-0.038307227,3.9073372,8.963891
1359360453481,-0.038307227,3.964798,9.011775
1359360453881,0.019153614,3.9073372,9.021352
1359360454101,-0.06703765,3.9935284,8.858546
1359360454284,-0.009576807,3.9935284,8.935161
1359360454480,0.009576807,3.8881836,9.088389
1359360454683,0.02873042,3.964798,9.021352
1359360454884,0.02873042,3.8977604,9.040505
1359360455085,-0.019153614,3.9360676,9.050082
1359360455284,-0.047884032,3.9264908,9.088389
1359360455483,-0.02873042,3.8402996,9.11712
1359360455712,-0.10534488,3.763685,9.155427
1359360455885,-0.15322891,3.8307228,8.973468
1359360456083,-0.047884032,3.8786068,9.107543
1359360456286,-0.02873042,3.9264908,9.069236
1359360456484,-0.009576807,3.9743748,8.983045
1359360456715,0.10534488,4.0414124,9.030929
1359360456887,0.095768064,4.012682,8.944737
1359360457085,0.1340753,4.012682,8.925584
1359360457286,0.1436521,4.003105,8.896853
1359360457485,0.11492168,3.9935284,9.011775
1359360457687,0.076614454,4.0414124,9.078813
1359360457887,0.095768064,4.0318356,8.944737
1359360458087,-0.009576807,3.9935284,9.011775
1359360458307,0.019153614,3.9743748,9.069236
1359360458488,-0.009576807,3.8594532,9.107543
1359360458687,-0.019153614,3.8307228,9.069236
1359360458888,-0.06703765,3.8594532,9.050082
1359360459087,-0.019153614,3.86903,9.126697
1359360459489,0.038307227,3.9360676,8.983045
1359360459688,0.047884032,3.9456444,8.963891
1359360459889,0.038307227,3.964798,9.040505
1359360460088,0.05746084,3.9743748,8.90643
1359360460294,0.076614454,3.9743748,8.954314
1359360460490,0.05746084,3.9073372,9.030929
1359360460690,0.05746084,3.916914,9.155427
1359360460920,0.038307227,3.9552212,8.992621
1359360461091,0.038307227,3.916914,8.992621
1359360461290,-0.038307227,3.9264908,9.021352
1359360461491,-0.02873042,4.003105,9.021352
1359360461691,-0.02873042,3.9743748,9.078813
1359360461936,-0.047884032,3.9839516,9.002198
1359360462092,-0.05746084,3.8977604,9.011775
1359360462290,-0.02873042,3.964798,9.030929
1359360462492,0.02873042,3.9552212,9.021352
1359360462691,0.02873042,3.9743748,8.935161
1359360462941,0.076614454,4.060566,8.954314
1359360463095,0.06703765,4.050989,8.963891
1359360463295,0.076614454,4.0892963,9.030929
1359360463496,0.08619126,4.060566,9.002198
1359360463695,0.047884032,4.1180267,8.944737
1359360463923,0.05746084,4.1180267,8.925584
1359360464296,0.009576807,4.012682,8.916007
1359360464497,0.019153614,4.0222588,8.944737
1359360464697,-0.019153614,4.0222588,8.963891
1359360464898,-0.038307227,3.9073372,9.126697
1359360465098,-0.019153614,3.8307228,9.002198
1359360465298,0.009576807,3.8786068,9.184157
1359360465500,0.05746084,3.8498764,9.097966
1359360465700,0.1340753,3.9456444,9.030929
1359360465909,0.08619126,3.9456444,9.030929
1359360466099,0.05746084,3.9073372,8.944737
1359360466298,0.076614454,3.8881836,9.059659
1359360466499,0.15322891,3.9264908,8.954314
1359360466700,0.15322891,3.8881836,9.040505
1359360466900,0.06703765,3.86903,9.040505
1359360467100,0.095768064,3.821146,9.11712
1359360467300,0.038307227,3.821146,9.021352
1359360467538,0.038307227,3.8019924,9.11712
1359360467701,0.047884032,3.8115692,9.011775
1359360467904,0.06703765,3.8115692,9.040505
1359360468101,0.02873042,3.8115692,9.021352
1359360468301,0.12449849,3.7924154,9.050082
1359360468539,0.1340753,3.7445314,9.078813
1359360468706,0.17238252,3.715801,9.136273
1359360468905,0.19153613,3.7349546,9.069236
1359360469107,0.2873042,3.8115692,9.030929
1359360469306,0.22984336,3.8019924,9.069236
1359360469533,0.21068975,3.7924154,9.030929
1359360469707,0.12449849,3.8402996,9.030929
1359360469906,0.1340753,3.9073372,9.040505
1359360470108,0.076614454,3.8115692,9.002198
1359360470308,0.038307227,3.8881836,9.030929
1359360470533,0.009576807,3.86903,9.002198
1359360470708,0.02873042,3.8881836,9.040505
1359360470908,0.02873042,3.8498764,8.992621
1359360471109,0.009576807,3.8307228,9.050082
1359360471309,0.019153614,3.8594532,9.078813
1359360471511,0.038307227,3.8594532,9.050082
1359360471709,0.10534488,3.916914,9.14585
1359360471908,0.06703765,3.8977604,9.021352
1359360472110,0.038307227,3.8786068,9.021352
1359360472533,-0.08619126,3.821146,9.184157
1359360472713,-0.06703765,3.7732618,9.184157
1359360472912,-0.10534488,3.821146,9.097966
1359360473113,-0.05746084,3.8402996,9.078813
1359360473313,-0.076614454,3.821146,9.136273
1359360473513,-0.08619126,3.7828386,9.088389
1359360473714,-0.12449849,3.8402996,9.078813
1359360473914,-0.11492168,3.7924154,9.040505
1359360474132,-0.18195933,3.7924154,9.097966
1359360474314,-0.17238252,3.6870706,8.868123
1359360474514,-0.05746084,3.4380736,9.279925
1359360474914,-0.047884032,0.6703765,9.758766
1359360475156,-0.095768064,-0.02873042,9.720459
1359360475316,-0.095768064,-0.11492168,9.825804
1359360475531,-0.1436521,-0.019153614,9.787497
1359360475716,-0.05746084,0.10534488,9.80665
1359360475916,-0.038307227,0.90021986,9.519346
1359360476116,0.06703765,2.327164,9.490616
1359360476315,0.038307227,3.620033,9.11712
1359360476569,-0.1436521,4.6926355,8.619126
1359360476717,-0.30645782,5.6120086,8.121132
1359360476917,-0.15322891,6.253655,7.431602
1359360477117,-0.1436521,6.7803793,7.0964136
1359360477316,-0.095768064,7.201759,6.5505357
1359360477517,-0.08619126,7.2783732,6.4260373
1359360477718,-0.22026655,7.192182,6.742072
1359360477945,-0.12449849,6.3111157,7.4603324
1359360478118,-0.1436521,4.6830587,8.437167
1359360478321,0.095768064,3.371036,9.11712
1359360478518,0.019153614,1.982399,9.528923
1359360478719,-0.095768064,0.8714894,9.653421
1359360478953,-0.12449849,0.05746084,9.835381
1359360479120,-0.20111294,-0.30645782,9.873688
1359360479323,-0.19153613,-0.21068975,9.883265
1359360479520,-0.1340753,-0.17238252,9.844957
1359360479719,-0.1436521,-0.047884032,9.787497
1359360479921,-0.16280572,0.47884035,9.787497
1359360480121,0.009576807,1.8866309,9.595961
1359360480320,0.12449849,3.6391866,9.002198
1359360480521,0.009576807,5.133168,8.226477
1359360480720,-0.10534488,6.196194,7.4986396
1359360480921,-0.10534488,7.0964136,6.5505357
1359360481121,-0.1340753,7.6231384,5.861006
1359360481326,-0.23942018,7.7667904,5.803545
1359360481522,-0.18195933,7.776367,5.7365074
1359360481722,-0.17238252,7.7093296,5.947197
1359360481922,-0.06703765,7.144298,6.6175733
1359360482122,0.06703765,6.2632318,7.383718
1359360482344,0.095768064,5.085284,8.255207
1359360482523,-0.019153614,3.821146,9.002198
1359360482724,-0.009576807,2.432509,9.500193
1359360482923,-0.038307227,1.1492168,9.691729
1359360483123,-0.05746084,-0.2873042,9.864111
1359360483359,-0.047884032,-0.60333884,9.825804
1359360483524,-0.038307227,-0.4309563,9.80665
1359360483724,0.095768064,0.7278373,9.816227
1359360483924,0.20111294,2.4420857,9.32781
1359360484123,0.33518824,4.606444,8.293514
1359360484356,0.25857377,6.2728086,7.326257
1359360484525,0.15322891,7.019799,6.7803793
1359360484730,0.17238252,7.4986396,6.196194
1359360484926,0.21068975,7.728483,5.8801594
1359360485124,0.18195933,7.843405,5.851429
1359360485326,0.16280572,7.7667904,5.793968
1359360485525,0.18195933,7.52737,6.244078
1359360485776,0.19153613,7.2304893,6.6846113
1359360485926,0.076614454,6.694188,7.201759
1359360486146,0.095768064,5.6982,7.73806
1359360486326,0.19153613,4.156334,8.887277
1359360486526,0.1340753,2.920926,9.337387
1359360486727,0.038307227,2.1930888,9.528923
1359360486926,-0.11492168,1.7046716,9.624691
1359360487146,-0.1340753,1.1683705,9.730036
1359360487327,-0.17238252,0.7374141,9.710882
1359360487527,-0.19153613,0.6895301,9.662998
1359360487728,-0.1436521,0.7374141,9.749189
1359360487928,-0.05746084,1.2449849,9.758766
1359360488160,-0.2681506,2.135628,9.653421
1359360488328,-0.22026655,3.7349546,9.050082
1359360488527,-0.20111294,4.9320555,8.39886
1359360488728,-0.11492168,5.9280434,7.8146744
1359360488928,-0.12449849,6.3111157,7.3071036
1359360489171,-0.076614454,7.0006456,6.8186865
1359360489329,0.05746084,7.383718,6.3589997
1359360489538,0.05746084,7.479486,6.1866174
1359360489730,-0.02873042,7.1155677,7.07726
1359360489930,-0.076614454,6.0621185,7.603985
1359360490131,0.038307227,5.171476,8.207323
1359360490332,-0.095768064,3.8498764,8.944737
1359360490531,-0.11492168,2.2026656,9.56723
1359360490732,-0.05746084,1.0630256,9.873688
1359360490931,-0.1340753,0.6607997,9.768343
1359360491168,-0.15322891,0.7374141,9.730036
1359360491333,-0.15322891,0.8810662,9.921572
1359360491543,-0.25857377,1.9632454,9.672575
1359360491733,-0.29688102,3.2369606,9.14585
1359360491932,-0.22984336,4.462792,8.762778
1359360492133,-0.21068975,5.4204726,7.9966335
1359360492332,0.05746084,6.2823853,7.422025
1359360492542,0.06703765,6.6367273,7.1634517
1359360492733,-0.06703765,6.397307,7.335834
1359360492933,-0.038307227,5.717354,7.920019
1359360493134,-0.06703765,5.0661306,8.504205
1359360493333,-0.16280572,4.2521024,8.944737
1359360493573,-0.18195933,3.5913026,9.088389
1359360493732,-0.2681506,3.3039982,9.174581
1359360493933,-0.30645782,3.2752678,9.241618
1359360494134,-0.29688102,3.1890767,9.203311
1359360494333,-0.35434186,3.1603463,9.184157
1359360494569,-0.38307226,3.1890767,9.251195
1359360494735,-0.36391866,3.169923,9.241618
1359360494940,-0.38307226,3.1794999,9.251195
1359360495136,-0.39264908,3.2561142,9.222465
1359360495334,-0.41180268,3.2944214,9.279925
1359360495536,-0.31603462,3.265691,9.299079
1359360495736,-0.35434186,3.3039982,9.260772
1359360495981,-0.2777274,3.3806129,9.232041
1359360496137,-0.2777274,3.323152,9.222465
1359360496336,-0.21068975,3.3423057,9.241618
1359360496537,-0.2681506,3.3901896,9.270349
1359360496736,-0.2681506,3.3806129,9.203311
1359360496974,-0.2777274,3.3327289,9.222465
1359360497138,-0.2777274,3.3039982,9.270349
1359360497342,-0.31603462,3.4380736,9.241618
1359360497538,-0.2777274,3.514688,9.136273
1359360497737,-0.19153613,3.5338416,9.193734
1359360497975,-0.22026655,3.4763808,9.203311
1359360498139,-0.1436521,3.8307228,8.887277
1359360498342,-0.06703765,4.8841715,8.494628
1359360498539,0.05746084,6.339846,7.441179
1359360498737,-0.019153614,7.422025,6.081272
1359360498940,-0.11492168,8.207323,5.1523223
1359360499140,-0.095768064,8.446744,4.8362875
1359360499364,-0.10534488,8.475474,4.654328
1359360499542,-0.23942018,8.207323,5.0278234
1359360499742,-0.05746084,7.5561004,6.445191
1359360499942,-0.32561144,6.1100025,7.536947
1359360500141,-0.33518824,4.6160207,8.7053175
1359360500371,-0.19153613,3.7924154,9.184157
1359360500543,-0.10534488,3.0071173,9.356541
1359360500743,-0.19153613,2.585738,9.375694
1359360500943,-0.32561144,2.5570073,9.423578
1359360501142,-0.32561144,2.4612393,9.423578
1359360501343,-0.19153613,2.2601264,9.414001
1359360501544,-0.23942018,1.7621324,9.356541
1359360501749,-0.21068975,0.90021986,9.758766
1359360501944,-0.16280572,1.1683705,9.883265
1359360502143,-0.076614454,3.916914,8.944737
1359360502344,-0.095768064,6.5505357,6.8569937
1359360502545,0.047884032,7.565677,5.889736
1359360502754,0.02873042,7.73806,5.755661
1359360502945,-0.019153614,7.776367,5.889736
1359360503144,-0.05746084,7.6231384,6.196194
1359360503346,-0.10534488,7.5561004,6.2249246
1359360503545,-0.10534488,7.335834,6.6367273
1359360503759,-0.34476504,6.2728086,7.747637
1359360503946,0.076614454,4.8267107,8.073248
1359360504145,0.4213795,3.1603463,9.768343
1359360504346,0.7757214,3.2273839,9.212888
1359360504546,0.2777274,3.8786068,9.212888
1359360504797,-0.6703765,4.012682,9.634268
1359360504947,-0.6607997,3.8019924,9.557653
1359360505146,0.12449849,4.2521024,8.963891
1359360505347,0.38307226,4.663905,8.552089
1359360505546,0.35434186,4.807557,8.274361
1359360505747,0.59376204,4.9320555,8.418014
1359360505948,0.545878,4.807557,8.2169
