1359360114879,-2.6399999,-53.16,61.32
1359360115078,-24.24,-26.699999,12.66
1359360115279,-47.039997,-0.06,-35.46
1359360115481,-36.42,-13.44,-10.8
1359360115680,-47.7,0.42,-34.32
1359360115884,-48.539997,1.0799999,-33.96
1359360116082,-48.12,1.1999999,-33.3
1359360116305,-41.94,-6.06,-21.84
1359360116486,-47.879997,0.12,-33.059998
1359360116681,-48.3,0.06,-31.74
1359360116887,-48.36,-0.29999998,-30.539999
1359360117081,-48.78,-0.96,-28.619999
1359360117282,-48.719997,-1.86,-26.82
1359360117487,-48.719997,-3.1799998,-24.779999
1359360117684,-49.32,-3.54,-22.619999
1359360117886,-45.899998,-4.8599997,-21.18
1359360118083,-49.02,-1.86,-25.98
1359360118290,-49.44,-2.1599998,-24.24
1359360118487,-49.559998,-2.7,-22.68
1359360118690,-49.68,-3.0,-21.24
1359360118926,-49.739998,-3.4199998,-19.56
1359360119091,-49.86,-3.8999999,-17.76
1359360119288,-50.1,-4.14,-15.96
1359360119492,-50.219997,-4.2599998,-14.04
1359360119689,-50.219997,-3.8999999,-12.42
1359360119903,-50.34,-3.6,-10.86
1359360120091,-50.579998,-2.8799999,-9.24
1359360120291,-50.7,-1.86,-8.099999
1359360120510,-51.059998,-0.78,-6.8999996
1359360120692,-51.3,0.53999996,-5.7599998
1359360120893,-51.539997,1.92,-4.7999997
1359360121093,-51.96,3.4199998,-4.14
1359360121293,-52.379997,5.4,-3.48
1359360121506,-53.039997,7.3199997,-3.12
1359360121696,-53.94,9.36,-2.82
1359360121896,-54.899998,11.16,-2.52
1359360122109,-55.98,12.96,-2.52
1359360122292,-57.059998,14.759999,-2.58
1359360122492,-58.44,16.44,-2.82
1359360122696,-59.94,17.76,-3.06
1359360122892,-61.379997,18.42,-3.3
1359360123116,-62.76,19.02,-3.6599998
1359360123295,-64.2,19.38,-3.9599998
1359360123494,-65.46,19.619999,-4.2
1359360123696,-67.08,19.619999,-4.5
1359360123896,-68.4,19.439999,-4.5
1359360124095,-69.54,18.6,-4.3199997
1359360124295,-70.439995,17.46,-3.9599998
1359360124495,-71.4,16.44,-3.24
1359360124742,-71.939995,15.24,-2.58
1359360124899,-72.42,14.219999,-1.68
1359360125108,-72.6,12.96,-0.78
1359360125302,-72.72,11.7,0.12
1359360125499,-72.72,10.74,1.0799999
1359360125699,-72.42,9.78,2.1
1359360125899,-71.88,8.94,3.06
1359360126098,-71.34,8.4,4.14
1359360126300,-70.38,7.8599997,4.98
1359360126500,-69.36,7.56,5.64
1359360126786,-68.28,7.56,6.06
1359360126903,-66.9,7.7999997,6.3599997
1359360127121,-65.7,8.34,6.2999997
1359360127302,-64.56,9.0,5.94
1359360127502,-63.359997,9.84,5.2799997
1359360127705,-61.98,10.559999,4.08
1359360127907,-60.78,11.4,2.58
1359360128124,-59.76,12.12,1.14
1359360128306,-58.92,12.9,-0.42
1359360128506,-58.44,13.5,-1.86
1359360128709,-58.26,13.799999,-3.3
1359360128907,-58.26,14.219999,-4.8599997
1359360129118,-58.62,14.88,-6.2999997
1359360129308,-59.16,15.42,-7.56
1359360129507,-60.0,15.719999,-8.58
1359360129738,-60.84,15.78,-9.599999
1359360129908,-61.739998,15.54,-10.559999
1359360130107,-62.76,15.12,-11.28
1359360130311,-63.6,14.46,-11.88
1359360130506,-64.32,13.32,-12.3
1359360130745,-64.74,12.179999,-12.599999
1359360130909,-64.92,10.98,-12.599999
1359360131108,-64.92,9.78,-12.36
1359360131310,-64.56,8.46,-12.36
1359360131513,-63.96,7.2,-12.42
1359360131768,-62.64,6.12,-12.48
1359360131912,-60.66,4.68,-12.599999
1359360132110,-58.44,3.12,-12.9
1359360132312,-55.739998,1.56,-13.62
1359360132512,-53.1,0.06,-14.34
1359360132742,-50.16,-1.26,-15.12
1359360132913,-47.46,-2.52,-15.9
1359360133111,-45.18,-3.6599998,-16.38
1359360133312,-43.32,-4.74,-16.74
1359360133515,-41.76,-5.4,-16.92
1359360133741,-40.68,-5.3399997,-16.98
1359360133914,-40.2,-5.58,-16.92
1359360134112,-40.26,-5.4,-16.619999
1359360134314,-40.62,-5.1,-16.38
1359360134515,-41.34,-4.38,-15.96
1359360134747,-42.3,-3.78,-15.12
1359360134921,-43.739998,-3.1799998,-14.4
1359360135113,-45.539997,-1.9799999,-13.74
1359360135315,-47.219997,-0.59999996,-12.9
1359360135516,-49.26,0.71999997,-11.759999
1359360135721,-51.059998,2.3999999,-10.98
1359360135916,-52.739998,4.08,-9.84
1359360136114,-54.059998,5.7,-9.0
1359360136318,-54.719997,7.08,-8.46
1359360136521,-54.899998,8.58,-8.28
1359360136725,-54.78,9.719999,-8.28
1359360136918,-54.48,10.62,-8.28
1359360137115,-53.94,11.58,-8.46
1359360137318,-52.86,11.88,-8.76
1359360137518,-51.96,11.94,-9.059999
1359360137741,-50.879997,11.7,-9.24
1359360137918,-49.739998,11.7,-9.42
1359360138126,-48.539997,11.7,-9.48
1359360138319,-47.219997,11.5199995,-9.3
1359360138518,-46.079998,11.16,-9.24
1359360138733,-45.12,10.92,-9.12
1359360138917,-44.219997,10.559999,-8.82
1359360139117,-43.559998,10.139999,-8.58
1359360139320,-43.079998,9.54,-7.98
1359360139520,-42.719997,8.94,-7.08
1359360139746,-42.84,8.28,-5.8199997
1359360139923,-43.2,7.8599997,-4.68
1359360140118,-43.739998,7.68,-3.4199998
1359360140321,-44.64,7.56,-2.22
1359360140519,-45.78,7.62,-0.96
1359360140718,-46.8,8.16,0.12
1359360140921,-48.059998,9.059999,1.0799999
1359360141120,-49.5,10.139999,1.92
1359360141323,-51.0,10.92,2.58
1359360141521,-52.98,11.639999,3.06
1359360141722,-54.899998,12.3,3.6
1359360141923,-56.52,12.9,3.9599998
1359360142146,-58.32,13.679999,4.2
1359360142325,-60.18,14.219999,4.44
1359360142525,-62.28,14.639999,4.74
1359360142725,-64.26,14.88,4.8599997
1359360142922,-66.0,14.82,4.62
1359360143172,-67.619995,15.059999,4.5
1359360143322,-69.18,14.82,4.38
1359360143540,-70.5,14.28,4.92
1359360143725,-71.4,13.5,5.4
1359360143925,-72.119995,12.42,6.12
1359360144125,-72.659996,11.4,6.8399997
1359360144325,-73.08,10.08,7.5
1359360144553,-73.26,8.7,8.5199995
1359360144726,-72.9,7.02,9.48
1359360144927,-72.42,5.52,10.32
1359360145126,-72.18,4.02,11.219999
1359360145324,-71.82,2.52,12.12
1359360145526,-71.34,1.0799999,12.9
1359360145727,-70.439995,-0.24,13.38
1359360145946,-69.54,-1.3199999,13.62
1359360146127,-68.64,-2.04,13.62
1359360146326,-67.68,-2.8799999,13.679999
1359360146527,-66.479996,-3.48,13.259999
1359360146727,-65.46,-3.78,12.36
1359360146984,-64.619995,-3.84,11.16
1359360147128,-63.66,-3.72,9.66
1359360147337,-62.879997,-3.48,8.099999
1359360147528,-62.219997,-3.12,6.18
1359360147726,-61.68,-2.58,4.08
1359360147928,-61.559998,-1.8,2.1599998
1359360148129,-61.5,-1.3199999,0.17999999
1359360148385,-61.379997,-0.71999997,-1.74
1359360148529,-61.26,-0.24,-3.84
1359360148733,-61.379997,0.35999998,-5.7599998
1359360148930,-61.739998,1.02,-7.62
1359360149128,-62.219997,1.56,-9.12
1359360149330,-62.34,1.68,-10.26
1359360149530,-62.52,1.74,-11.34
1359360149757,-62.879997,2.22,-12.179999
1359360149935,-63.12,2.9399998,-13.0199995
1359360150128,-63.66,3.6599998,-13.38
1359360150331,-64.26,4.3199997,-13.679999
1359360150529,-64.799995,5.04,-13.98
1359360150781,-65.64,6.06,-14.16
1359360150938,-66.659996,7.14,-14.4
1359360151128,-67.799995,8.5199995,-14.7
1359360151332,-69.18,9.96,-14.88
1359360151532,-70.74,10.92,-15.0
1359360151772,-72.299995,11.639999,-14.82
1359360151933,-73.68,12.3,-14.5199995
1359360152134,-75.18,12.84,-14.099999
1359360152333,-76.619995,13.5,-13.32
1359360152533,-78.18,13.92,-12.36
1359360152733,-79.439995,14.219999,-11.28
1359360152934,-80.58,14.219999,-10.2
1359360153151,-81.78,14.099999,-9.0
1359360153334,-82.619995,13.799999,-7.98
1359360153532,-83.22,12.96,-6.3599997
1359360153734,-83.22,11.639999,-4.7999997
1359360153935,-82.56,10.0199995,-3.12
1359360154159,-81.78,8.5199995,-1.56
1359360154535,-79.08,5.8199997,1.92
1359360154737,-77.28,4.68,3.6
1359360154940,-75.42,3.9599998,4.98
1359360155184,-73.799995,3.4199998,6.0
1359360155338,-72.36,3.24,7.08
1359360155555,-70.979996,3.24,7.68
1359360155738,-69.96,3.54,8.22
1359360155936,-69.06,3.78,8.7
1359360156137,-68.1,4.02,8.7
1359360156337,-67.26,4.14,8.5199995
1359360156584,-66.72,4.56,8.22
1359360156739,-66.54,5.4,7.62
1359360156957,-66.72,5.8799996,6.96
1359360157140,-67.2,6.3599997,6.24
1359360157338,-67.86,6.8999996,5.7
1359360157540,-68.76,7.3799996,5.04
1359360157738,-69.72,7.74,3.9599998
1359360157983,-70.92,8.16,3.1799998
1359360158141,-72.18,8.28,2.34
1359360158337,-73.439995,8.28,1.62
1359360158541,-74.52,8.4,0.59999996
1359360158739,-75.54,8.4,-0.48
1359360158941,-76.32,8.4,-1.62
1359360159144,-77.4,8.28,-2.6399999
1359360159353,-78.299995,7.8599997,-3.24
1359360159542,-79.08,7.62,-3.84
1359360159743,-79.799995,7.5,-4.56
1359360159947,-80.22,7.14,-5.3399997
1359360160143,-80.7,7.14,-5.8199997
1359360160360,-81.0,6.7799997,-6.06
1359360160543,-81.18,5.8799996,-6.12
1359360160743,-80.82,4.38,-5.52
1359360160943,-79.92,2.04,-4.56
1359360161144,-78.06,-0.53999996,-3.48
1359360161381,-75.24,-3.4199998,-2.04
1359360161544,-71.28,-6.12,-0.48
1359360161753,-66.299995,-8.76,1.3199999
1359360161950,-60.84,-11.219999,2.76
1359360162150,-55.14,-13.32,4.14
1359360162382,-48.78,-14.639999,5.1
1359360162545,-42.36,-15.12,5.46
1359360162746,-35.82,-15.059999,5.3399997
1359360162946,-29.279999,-14.82,5.04
1359360163143,-22.859999,-14.099999,4.7999997
1359360163344,-16.619999,-13.559999,4.56
1359360163547,-10.26,-12.84,4.44
1359360163779,-3.8999999,-11.759999,4.08
1359360163947,2.1,-10.2,3.1799998
1359360164147,7.5,-7.8599997,1.92
1359360164346,12.12,-4.8599997,0.42
1359360164546,15.839999,-1.38,-1.3199999
1359360164776,18.779999,1.68,-2.76
1359360164965,20.58,4.5,-4.3199997
1359360165196,21.84,7.2599998,-5.52
1359360165348,22.859999,9.78,-6.8399997
1359360165545,23.279999,11.7,-7.9199996
1359360165791,23.22,13.0199995,-8.5199995
1359360165949,23.279999,13.5,-8.639999
1359360166146,23.519999,13.559999,-7.98
1359360166348,23.76,13.2,-7.56
1359360166546,24.0,12.9,-7.2599998
1359360166748,23.88,12.84,-7.08
1359360166949,23.76,12.96,-6.8399997
1359360167179,23.279999,13.44,-6.7799997
1359360167349,23.039999,14.28,-6.42
1359360167546,22.5,14.759999,-5.94
1359360167751,21.779999,15.059999,-5.58
1359360167949,20.939999,15.299999,-5.4
1359360168192,19.98,15.66,-4.98
1359360168350,19.02,16.199999,-4.8599997
1359360168560,18.06,16.92,-4.3199997
1359360168750,17.16,17.34,-3.72
1359360168948,16.26,17.64,-2.82
1359360169150,15.24,18.18,-1.86
1359360169351,13.86,18.9,-1.74
1359360169592,12.42,20.16,-1.4399999
1359360169751,11.04,21.48,-1.0799999
1359360169959,9.719999,22.5,-0.78
1359360170151,8.28,23.46,-0.65999997
1359360170349,7.2,24.18,-0.35999998
1359360170552,6.18,25.019999,-0.35999998
1359360170752,5.8199997,25.74,-0.29999998
1359360170975,5.8799996,26.46,-0.24
1359360171152,6.2999997,26.939999,-0.12
1359360171350,6.8399997,27.42,-0.29999998
1359360171553,7.68,27.539999,-0.48
1359360171751,8.58,27.72,-0.65999997
1359360172001,9.78,27.779999,-1.1999999
1359360172153,11.04,27.18,-1.86
1359360172371,12.66,26.279999,-2.52
1359360172586,14.099999,25.08,-2.8799999
1359360172751,15.719999,23.76,-3.4199998
1359360172954,17.46,21.96,-3.72
1359360173154,18.779999,20.039999,-3.8999999
1359360173374,19.92,18.0,-4.02
1359360173555,20.699999,15.96,-4.44
1359360173762,21.06,14.04,-4.7999997
1359360173953,20.88,12.48,-5.4
1359360174153,20.1,11.34,-6.3599997
1359360174355,19.02,10.44,-7.3799996
1359360174555,18.119999,9.54,-8.46
1359360174773,16.92,9.0,-9.3
1359360174957,15.719999,8.28,-10.5
1359360175154,14.34,7.3799996,-11.16
1359360175354,12.9,7.14,-11.7
1359360175557,11.28,7.14,-12.42
1359360175757,9.66,7.44,-13.139999
1359360175958,8.04,7.68,-13.679999
1359360176157,6.3599997,8.46,-14.58
1359360176404,5.1,9.48,-15.48
1359360176557,3.84,10.38,-16.14
1359360176775,2.76,11.34,-16.619999
1359360176959,1.86,12.24,-16.92
1359360177157,1.14,13.32,-16.98
1359360177359,0.84,14.34,-16.68
1359360177570,0.59999996,15.54,-16.32
1359360177821,0.17999999,16.74,-15.78
1359360177960,-0.06,17.88,-15.059999
1359360178173,-0.35999998,19.199999,-14.04
1359360178360,-0.53999996,21.119999,-13.259999
1359360178559,-0.59999996,23.1,-12.36
1359360178761,-0.59999996,24.779999,-11.28
1359360178957,-0.53999996,26.519999,-10.26
1359360179173,-0.29999998,28.199999,-9.179999
1359360179362,0.35999998,29.64,-7.7999997
1359360179563,0.9,30.779999,-6.66
1359360179762,1.8,32.1,-5.7
1359360179962,2.8799999,33.239998,-4.68
1359360180164,4.08,33.899998,-3.72
1359360180363,5.2799997,33.66,-2.8799999
1359360180562,6.12,33.0,-2.1
1359360180764,7.08,32.1,-1.5
1359360180965,7.8599997,31.019999,-0.9
1359360181213,8.46,29.82,-0.29999998
1359360181364,9.24,28.32,0.17999999
1359360181581,9.66,26.46,0.96
1359360181766,10.08,24.6,1.56
1359360181964,10.26,22.92,2.1599998
1359360182166,10.679999,21.18,2.76
1359360182363,10.74,19.56,3.36
1359360182604,10.26,18.24,3.72
1359360182766,9.54,17.4,4.2
1359360182977,8.5199995,16.619999,4.56
1359360183167,7.3199997,16.02,4.8599997
1359360183366,5.94,15.54,4.98
1359360183567,4.3199997,15.719999,5.2799997
1359360183768,2.76,15.96,5.4
1359360184020,1.14,16.199999,5.64
1359360184168,-0.53999996,16.56,5.7
1359360184367,-2.1,17.039999,5.7
1359360184569,-3.84,17.46,5.2799997
1359360184767,-5.46,18.0,4.5
1359360184969,-6.8999996,18.66,3.6
1359360185167,-8.4,19.14,2.52
1359360185421,-9.9,19.26,1.38
1359360185569,-11.4,19.14,0.12
1359360185770,-12.599999,18.96,-1.26
1359360185970,-13.679999,18.48,-2.52
1359360186170,-14.5199995,17.699999,-3.8999999
1359360186413,-15.36,16.74,-4.8599997
1359360186570,-15.9,15.599999,-5.64
1359360186769,-16.14,14.5199995,-6.42
1359360186971,-15.96,13.38,-6.96
1359360187169,-15.78,12.42,-7.3199997
1359360187371,-15.24,11.58,-7.74
1359360187572,-14.639999,10.62,-7.9199996
1359360187840,-13.559999,10.2,-7.8599997
1359360187972,-12.36,9.78,-7.56
1359360188168,-11.4,9.54,-7.3199997
1359360188371,-10.2,9.3,-7.14
1359360188571,-9.179999,9.42,-6.8999996
1359360188816,-8.16,9.66,-6.7799997
1359360188972,-7.08,10.2,-6.8399997
1359360189172,-6.2999997,10.86,-7.02
1359360189376,-5.8799996,11.4,-7.2599998
1359360189572,-5.52,12.059999,-7.8599997
1359360189775,-5.7,12.599999,-8.58
1359360189973,-6.2999997,12.78,-9.719999
1359360190215,-7.2,12.9,-10.98
1359360190380,-8.4,13.139999,-12.42
1359360190578,-9.96,13.0199995,-13.86
1359360190780,-11.5199995,12.9,-15.48
1359360190979,-13.32,12.599999,-17.1
1359360191222,-15.0,12.54,-18.779999
1359360191382,-16.199999,12.24,-20.039999
1359360191596,-17.34,11.94,-20.88
1359360191782,-18.18,11.5199995,-21.66
1359360191980,-18.66,11.16,-22.38
1359360192182,-18.72,10.74,-22.619999
1359360192382,-18.3,10.08,-22.56
1359360192637,-17.34,9.48,-22.199999
1359360192782,-15.839999,8.82,-21.539999
1359360192984,-13.92,8.7,-20.939999
1359360193183,-11.34,8.88,-19.8
1359360193384,-8.7,9.12,-18.539999
1359360193631,-5.8199997,9.24,-17.039999
1359360193784,-3.0,9.36,-15.54
1359360193999,-0.48,9.36,-14.099999
1359360194185,1.8,9.179999,-12.84
1359360194388,3.6599998,9.0,-11.58
1359360194585,4.92,8.34,-10.74
1359360194783,5.7599998,7.62,-10.08
1359360195041,6.2999997,6.8999996,-9.24
1359360195195,6.42,6.12,-8.5199995
1359360195397,6.18,5.22,-7.68
1359360195586,5.64,4.68,-6.72
1359360195785,4.8599997,4.5,-6.0
1359360195986,3.8999999,4.56,-5.22
1359360196186,2.8799999,4.5,-4.38
1359360196441,1.62,4.74,-3.72
1359360196587,0.53999996,5.46,-3.06
1359360196795,-0.42,6.3599997,-2.6399999
1359360196987,-1.1999999,7.3199997,-2.22
1359360197186,-1.74,8.7,-1.74
1359360197388,-2.22,10.139999,-1.3199999
1359360197588,-2.3999999,11.58,-0.96
1359360197811,-2.04,13.5,-0.35999998
1359360197988,-1.56,15.42,0.24
1359360198188,-0.59999996,17.46,0.59999996
1359360198389,0.24,19.26,1.0799999
1359360198587,1.0799999,21.18,1.1999999
1359360198831,2.1599998,22.92,1.1999999
1359360198990,3.4199998,24.119999,1.14
1359360199202,4.62,24.72,0.9
1359360199390,5.94,24.96,0.59999996
1359360199588,6.96,24.779999,0.12
1359360199790,7.74,24.42,-0.53999996
1359360199991,8.82,23.76,-0.78
1359360200234,9.78,22.74,-1.02
1359360200391,10.38,21.18,-0.96
1359360200589,10.98,19.68,-0.78
1359360200791,11.46,18.24,-0.65999997
1359360200990,11.82,16.8,-0.42
1359360201191,12.0,15.299999,-0.17999999
1359360201392,11.639999,13.5,0.24
1359360201607,11.28,12.0,0.65999997
1359360201792,10.8,10.44,1.02
1359360201990,10.08,9.24,1.3199999
1359360202194,9.24,8.34,1.62
1359360202394,8.34,7.9199996,1.92
1359360202628,6.96,7.68,2.1
1359360202796,5.7,7.56,2.34
1359360202995,4.2,7.74,2.46
1359360203196,2.52,8.04,2.22
1359360203394,0.78,8.82,1.74
1359360203596,-0.71999997,9.719999,1.1999999
1359360203797,-2.28,10.62,0.53999996
1359360204028,-3.9599998,11.5199995,-0.24
1359360204197,-5.7599998,12.12,-1.5
1359360204396,-7.14,12.9,-2.9399998
1359360204598,-8.34,13.92,-4.56
1359360204796,-9.24,14.58,-6.18
1359360204996,-10.08,15.0,-7.7999997
1359360205198,-10.8,15.42,-9.54
1359360205397,-11.219999,15.96,-11.28
1359360205599,-11.639999,16.5,-12.96
1359360205797,-11.759999,16.619999,-14.5199995
1359360205998,-12.12,16.56,-16.14
1359360206199,-12.059999,16.38,-17.94
1359360206397,-12.0,16.02,-19.38
1359360206600,-11.94,15.42,-20.88
1359360206798,-11.759999,14.58,-22.32
1359360207000,-11.7,13.44,-23.699999
1359360207200,-11.759999,12.059999,-25.08
1359360207428,-11.88,11.04,-26.279999
1359360207601,-12.24,10.139999,-27.3
1359360207803,-12.599999,8.88,-28.14
1359360208002,-13.08,7.3799996,-28.8
1359360208200,-13.5,6.0,-29.099998
1359360208402,-13.62,4.62,-29.279999
1359360208603,-13.98,3.36,-29.279999
1359360208824,-14.28,2.04,-29.099998
1359360209001,-14.759999,1.02,-28.8
1359360209205,-14.7,0.06,-28.14
1359360209403,-15.12,-1.26,-27.24
1359360209601,-15.42,-1.9799999,-26.64
1359360209849,-15.36,-2.52,-25.92
1359360210006,-15.42,-2.9399998,-25.08
1359360210205,-15.12,-3.06,-24.18
1359360210409,-14.759999,-3.0,-23.039999
1359360210604,-14.28,-3.06,-22.08
1359360210862,-13.799999,-3.06,-21.0
1359360211005,-13.2,-2.7,-19.98
1359360211208,-12.54,-1.92,-19.32
1359360211406,-12.0,-1.02,-18.84
1359360211805,-12.42,1.4399999,-18.84
1359360212011,-13.62,2.9399998,-19.14
1359360212232,-15.24,4.3199997,-19.5
1359360212407,-17.34,5.1,-19.98
1359360212603,-19.26,5.7599998,-20.279999
1359360212803,-21.3,5.8799996,-20.4
1359360213014,-23.58,5.94,-20.46
1359360213267,-25.98,6.3599997,-20.699999
1359360213412,-28.38,6.7799997,-20.88
1359360213617,-30.66,7.2,-21.24
1359360213811,-33.0,7.74,-21.48
1359360214011,-35.34,8.4,-21.9
1359360214208,-37.559998,8.94,-22.26
1359360214408,-40.02,9.36,-22.5
1359360214647,-42.66,9.54,-22.68
1359360214812,-45.059998,9.42,-22.619999
1359360215030,-46.8,8.88,-22.38
1359360215208,-47.46,7.98,-22.38
1359360215417,-47.64,7.68,-22.5
1359360215609,-47.52,7.98,-22.8
1359360215811,-47.219997,8.34,-23.4
1359360216053,-47.039997,8.46,-24.0
1359360216210,-46.8,8.34,-24.84
1359360216411,-46.26,8.099999,-25.56
1359360216612,-46.02,7.5,-26.16
1359360216811,-46.2,6.54,-26.58
1359360217012,-46.32,5.7,-26.88
1359360217214,-46.68,4.44,-26.88
1359360217449,-47.039997,3.12,-26.82
1359360217615,-47.34,1.8,-26.64
1359360217812,-47.399998,0.9,-26.16
1359360218014,-47.7,-0.24,-25.68
1359360218212,-48.18,-1.3199999,-25.14
1359360218414,-48.719997,-2.22,-24.359999
1359360218616,-49.14,-3.36,-23.58
1359360218813,-49.68,-4.62,-22.38
1359360219015,-50.46,-5.7599998,-21.0
1359360219213,-50.7,-6.2999997,-19.56
1359360219415,-51.36,-6.6,-17.76
1359360219616,-51.6,-6.7799997,-16.199999
1359360219829,-51.719997,-6.54,-14.58
1359360220013,-51.78,-5.94,-12.96
1359360220213,-52.02,-5.16,-11.28
1359360220415,-51.899998,-4.02,-9.78
1359360220616,-52.02,-2.76,-8.46
1359360220848,-51.899998,-1.0799999,-7.44
1359360221017,-52.02,0.35999998,-6.72
1359360221215,-52.079998,2.34,-6.0
1359360221417,-52.26,4.2599998,-5.3399997
1359360221616,-53.039997,6.18,-4.68
1359360221817,-53.82,7.8599997,-4.02
1359360222030,-54.78,9.66,-3.6599998
1359360222223,-55.62,11.639999,-3.36
1359360222418,-57.0,13.5,-3.1799998
1359360222621,-58.379997,15.24,-2.76
1359360222819,-60.239998,16.619999,-2.52
1359360223020,-62.039997,17.76,-2.52
1359360223237,-63.6,18.48,-2.6399999
1359360223421,-65.1,19.02,-2.82
1359360223619,-66.78,19.26,-2.82
1359360223821,-68.4,18.84,-2.82
1359360224019,-69.9,18.18,-2.6399999
1359360224282,-71.04,17.46,-2.46
1359360224422,-72.119995,16.56,-1.86
1359360224628,-72.96,15.48,-1.38
1359360224823,-73.56,14.4,-0.59999996
1359360225022,-73.86,13.259999,0.24
1359360225221,-74.04,12.24,1.0799999
1359360225423,-74.22,11.16,1.92
1359360225624,-74.1,10.08,2.82
1359360225823,-73.68,8.88,3.54
1359360226022,-73.08,8.099999,4.3199997
1359360226223,-72.24,7.3799996,5.2799997
1359360226425,-71.4,7.14,6.06
1359360226649,-70.439995,7.2,6.7799997
1359360226825,-69.24,7.44,7.14
1359360227025,-67.979996,8.04,7.3799996
1359360227225,-66.78,9.0,7.3199997
1359360227423,-65.52,9.96,6.8999996
1359360227678,-64.32,11.04,5.94
1359360227826,-63.239998,12.179999,4.8599997
1359360228047,-62.34,13.2,3.36
1359360228226,-61.8,14.28,1.92
1359360228425,-61.079998,15.0,0.35999998
1359360228626,-60.6,15.66,-1.26
1359360228824,-60.42,16.5,-2.7
1359360229070,-60.6,17.34,-4.08
1359360229227,-61.199997,17.699999,-5.22
1359360229445,-61.92,18.119999,-6.3599997
1359360229627,-62.64,18.24,-7.3199997
1359360229831,-63.6,18.24,-8.16
1359360230027,-64.68,17.94,-9.059999
1359360230228,-65.76,17.52,-9.719999
1359360230471,-66.72,16.619999,-10.08
1359360230632,-67.56,15.599999,-10.38
1359360230838,-68.34,14.28,-10.139999
1359360231029,-68.88,12.9,-9.96
1359360231227,-68.939995,11.58,-9.48
1359360231429,-68.58,9.96,-9.179999
1359360231629,-67.74,8.5199995,-9.059999
1359360231880,-66.6,7.14,-8.88
1359360232030,-64.979996,5.22,-9.0
1359360232238,-62.699997,3.54,-9.42
1359360232432,-60.0,2.1599998,-10.08
1359360232628,-57.059998,0.9,-10.679999
1359360232832,-54.18,-0.65999997,-11.5199995
1359360233029,-51.239998,-2.04,-12.3
1359360233282,-48.719997,-3.3,-12.78
1359360233431,-46.379997,-4.14,-13.2
1359360233629,-44.64,-4.56,-13.5
1359360233831,-43.32,-4.8599997,-13.5
1359360234029,-42.42,-5.1,-13.679999
1359360234231,-41.94,-5.04,-13.74
1359360234433,-41.94,-4.68,-13.92
1359360234653,-42.54,-4.2599998,-13.74
1359360234833,-43.5,-3.8999999,-13.38
1359360235029,-44.52,-3.36,-13.08
1359360235232,-45.96,-2.58,-12.719999
1359360235441,-47.82,-1.62,-12.12
1359360235638,-50.039997,-0.65999997,-11.34
1359360235833,-52.26,0.12,-10.5
1359360236046,-54.3,1.26,-9.719999
1359360236234,-55.86,2.1599998,-9.0
1359360236432,-56.879997,3.24,-8.639999
1359360236634,-57.66,4.44,-8.28
1359360236835,-57.96,5.22,-7.9199996
1359360237063,-57.84,6.0,-7.7999997
1359360237238,-57.18,6.54,-7.7999997
1359360237435,-56.34,6.96,-7.7999997
1359360237637,-55.44,7.2,-7.98
1359360237838,-54.3,7.3799996,-8.16
1359360238036,-53.34,7.56,-8.16
1359360238236,-52.079998,7.44,-8.22
1359360238436,-50.879997,7.44,-8.04
1359360238638,-49.8,7.2599998,-7.9199996
1359360238839,-48.539997,7.08,-7.68
1359360239076,-47.52,6.8999996,-7.2599998
1359360239239,-46.559998,6.7799997,-6.6
1359360239437,-45.719997,6.66,-5.8199997
1359360239639,-45.18,6.6,-4.7999997
1359360239837,-44.7,6.24,-3.84
1359360240038,-44.64,6.12,-2.76
1359360240236,-44.7,6.0,-1.56
1359360240457,-45.12,6.12,-0.29999998
1359360240642,-45.6,6.24,0.96
1359360240838,-46.02,6.8999996,2.46
1359360241040,-46.739998,7.74,3.72
1359360241239,-47.46,8.46,4.7999997
1359360241491,-48.66,9.36,5.8199997
1359360241642,-49.739998,10.32,6.54
1359360241859,-51.0,11.5199995,6.96
1359360242043,-52.379997,12.84,7.08
1359360242243,-54.0,13.92,7.14
1359360242442,-55.559998,14.7,7.02
1359360242641,-57.42,15.179999,6.7799997
1359360242878,-59.219997,15.66,6.54
1359360243044,-61.079998,16.14,6.2999997
1359360243252,-62.82,16.5,5.8199997
1359360243444,-64.5,16.5,5.52
1359360243644,-66.119995,16.32,5.1
1359360243844,-67.5,15.839999,4.74
1359360244044,-69.0,15.0,4.38
1359360244291,-70.26,14.16,4.3199997
1359360244445,-71.4,13.259999,4.62
1359360244644,-72.24,11.94,5.22
1359360244845,-72.9,10.32,5.94
1359360245044,-73.32,8.82,6.72
1359360245247,-73.619995,7.2599998,7.62
1359360245447,-73.619995,5.64,8.4
1359360245693,-73.32,4.08,9.48
1359360245848,-72.9,2.46,10.26
1359360246047,-72.42,1.0799999,10.98
1359360246249,-72.18,-0.17999999,11.34
1359360246446,-71.7,-1.56,11.7
1359360246648,-71.159996,-2.6399999,11.88
1359360246847,-70.32,-3.84,12.059999
1359360247090,-69.299995,-4.5,11.94
1359360247250,-68.159996,-5.1,11.5199995
1359360247448,-67.2,-5.3399997,10.679999
1359360247649,-66.119995,-5.46,9.42
1359360247847,-65.1,-5.3399997,7.9199996
1359360248049,-64.2,-4.98,6.2999997
1359360248246,-63.359997,-4.68,4.5
1359360248463,-62.76,-4.2,2.58
1359360248650,-62.28,-3.54,0.71999997
1359360248848,-62.28,-2.8799999,-1.4399999
1359360249050,-62.28,-2.1,-3.36
1359360249251,-62.219997,-1.62,-5.3399997
1359360249491,-62.1,-1.0799999,-7.02
1359360249651,-62.219997,-0.29999998,-8.639999
1359360249849,-62.34,0.12,-10.26
1359360250065,-62.46,0.53999996,-11.639999
1359360250252,-62.579998,0.65999997,-12.9
1359360250489,-62.579998,0.71999997,-13.86
1359360250652,-62.64,0.96,-14.759999
1359360250850,-62.699997,1.5,-15.48
1359360251053,-63.18,2.1599998,-15.9
1359360251252,-63.66,2.9399998,-16.199999
1359360251490,-64.38,3.8999999,-16.32
1359360251653,-65.1,5.2799997,-16.56
1359360251851,-66.18,6.8999996,-16.92
1359360252054,-67.619995,8.46,-17.22
1359360252252,-69.36,9.66,-17.46
1359360252453,-71.4,10.8,-17.46
1359360252654,-73.32,11.5199995,-17.699999
1359360252858,-75.18,12.3,-17.64
1359360253055,-77.04,13.139999,-17.4
1359360253253,-79.02,13.679999,-16.44
1359360253453,-81.0,13.92,-15.36
1359360253655,-82.799995,14.28,-14.28
1359360253874,-84.42,14.34,-13.0199995
1359360254056,-85.92,14.28,-11.639999
1359360254253,-87.119995,13.799999,-10.32
1359360254455,-87.96,12.84,-8.82
1359360254656,-88.08,11.219999,-7.2
1359360254905,-87.72,9.24,-5.46
1359360255058,-86.759995,7.14,-3.48
1359360255256,-85.14,5.52,-1.5
1359360255458,-83.159996,4.3199997,0.53999996
1359360255656,-80.7,3.24,2.58
1359360255891,-78.479996,2.6399999,4.44
1359360256058,-76.32,2.04,5.94
1359360256270,-74.4,2.04,7.2599998
1359360256459,-72.72,2.3999999,8.04
1359360256656,-71.28,2.8799999,8.76
1359360256859,-70.14,3.3,9.36
1359360257057,-69.06,3.54,9.719999
1359360257309,-34.02,2.82,19.74
1359360257459,-33.239998,3.6,19.619999
1359360257678,-21.359999,4.2599998,21.6
1359360257861,-21.6,5.22,21.3
1359360258058,-22.14,6.06,20.939999
1359360258260,-22.859999,6.66,20.34
1359360258461,-23.88,7.3799996,19.38
1359360258679,-25.26,8.04,18.24
1359360258862,-26.88,8.4,17.22
1359360259062,-28.439999,8.34,16.44
1359360259262,-30.0,8.28,15.48
1359360259462,-31.56,8.099999,14.28
1359360259713,-33.3,7.9199996,13.08
1359360259863,-34.98,7.44,12.12
1359360260061,-36.42,6.8399997,10.98
1359360260263,-37.62,6.42,9.9
1359360260464,-38.64,5.8799996,8.7
1359360260663,-39.66,5.3399997,7.56
1359360260901,-40.5,4.8599997,6.54
1359360261092,-41.28,4.74,5.52
1359360261265,-42.0,4.62,4.68
1359360261462,-42.84,4.38,3.9599998
1359360261664,-43.559998,3.48,3.72
1359360261866,-43.5,1.68,4.14
1359360262116,-42.36,-0.71999997,5.16
1359360262263,-39.6,-3.48,6.24
1359360262463,-35.04,-6.42,7.5
1359360262669,-28.859999,-8.94,8.58
1359360262867,-21.42,-10.26,9.059999
1359360263067,-13.559999,-10.32,8.88
1359360263266,-5.8199997,-10.0199995,8.88
1359360263495,1.92,-9.78,8.88
1359360263667,9.54,-9.54,9.0
1359360263867,17.22,-9.24,9.12
1359360264066,24.96,-8.5199995,9.179999
1359360264268,32.7,-8.16,9.3
1359360264522,40.26,-7.8599997,9.36
1359360264665,48.0,-7.5,9.54
1359360264868,55.86,-6.72,9.36
1359360265069,63.059998,-4.98,8.7
1359360265266,69.06,-2.46,7.3199997
1359360265513,73.799995,0.65999997,5.7599998
1359360265670,76.56,3.9599998,4.2
1359360265891,77.82,6.6,3.06
1359360266078,78.299995,8.22,2.6399999
1359360266268,78.299995,8.88,2.6399999
1359360266468,78.119995,9.179999,2.9399998
1359360266668,77.64,9.179999,3.24
1359360266868,77.04,9.0,3.6599998
1359360267070,76.02,8.82,3.9599998
1359360267268,75.06,9.059999,4.2599998
1359360267474,74.04,9.3,4.62
1359360267668,73.02,9.599999,5.16
1359360267870,71.76,9.719999,5.64
1359360268069,70.2,9.96,6.2999997
1359360268324,68.88,10.5,7.02
1359360268473,67.38,11.34,7.74
1359360268681,65.82,11.94,8.7
1359360268875,64.5,12.3,9.599999
1359360269070,63.059998,12.78,10.5
1359360269273,61.26,13.44,11.16
1359360269474,59.399998,14.34,11.58
1359360269725,57.6,15.54,11.88
1359360269875,55.98,16.92,12.179999
1359360270075,54.539997,18.24,12.3
1359360270275,53.579998,19.56,12.48
1359360270473,52.739998,20.82,12.54
1359360270675,52.26,22.199999,12.54
1359360270874,52.32,23.22,12.3
1359360271166,52.68,24.0,12.179999
1359360271270,53.28,24.84,11.88
1359360271508,53.94,25.199999,11.5199995
1359360271675,55.02,25.56,11.16
1359360271913,56.219997,25.74,10.5
1359360272076,57.6,25.619999,9.9
1359360272274,59.1,25.019999,9.36
1359360272478,60.84,23.939999,8.639999
1359360272675,62.46,22.74,7.9199996
1359360272924,64.32,21.24,7.44
1359360273077,65.88,18.96,7.5
1359360273293,66.96,16.56,7.68
1359360273480,67.619995,14.46,7.62
1359360273675,67.86,12.36,7.3799996
1359360273879,67.68,10.44,6.96
1359360274076,67.08,8.82,6.6
1359360274328,65.939995,7.56,5.8199997
1359360274479,64.68,6.48,4.7999997
1359360274698,63.42,5.4,3.72
1359360274880,61.98,4.3199997,2.7
1359360275075,60.78,3.6,1.9799999
1359360275279,59.34,3.0,1.26
1359360275476,57.719997,2.58,0.59999996
1359360275722,56.1,2.52,0.12
1359360275879,54.539997,2.7,-0.35999998
1359360276092,52.92,3.06,-1.14
1359360276280,51.48,4.14,-2.1
1359360276477,50.46,5.2799997,-3.12
1359360276679,49.5,6.18,-3.72
1359360276879,48.78,6.96,-4.14
1359360277096,48.18,7.7999997,-4.44
1359360277280,47.64,8.82,-4.5
1359360277478,47.579998,10.139999,-4.14
1359360277680,47.46,11.34,-3.6599998
1359360277878,47.219997,12.84,-2.9399998
1359360278119,46.92,14.4,-2.1599998
1359360278282,46.62,16.14,-1.62
1359360278483,46.379997,18.24,-0.65999997
1359360278701,46.44,20.4,0.17999999
1359360278880,46.559998,22.5,0.96
1359360279125,46.559998,24.3,1.68
1359360279281,46.8,26.34,2.76
1359360279497,47.28,28.019999,3.6
1359360279686,47.94,29.4,4.56
1359360279885,48.84,30.66,5.46
1359360280085,49.739998,31.679998,6.18
1359360280284,50.7,32.34,7.08
1359360280521,51.6,32.82,7.74
1359360280685,52.379997,32.579998,8.34
1359360280894,53.28,31.92,9.0
1359360281086,54.18,30.96,9.66
1359360281286,54.96,29.64,10.139999
1359360281486,55.559998,28.199999,10.74
1359360281686,55.98,26.46,11.219999
1359360281906,56.34,24.6,11.58
1359360282087,56.579998,22.8,12.24
1359360282285,56.94,21.0,12.96
1359360282487,56.94,19.32,13.44
1359360282687,56.76,17.88,14.219999
1359360282932,56.34,16.68,14.58
1359360283088,55.5,15.66,15.059999
1359360283300,54.6,14.88,15.48
1359360283488,53.46,14.219999,15.78
1359360283687,52.14,13.92,16.199999
1359360283889,50.7,13.98,16.56
1359360284088,49.02,14.28,16.74
1359360284344,47.16,14.7,16.859999
1359360284489,45.36,15.179999,16.8
1359360284699,43.44,15.54,16.56
1359360284889,41.7,16.14,16.08
1359360285088,39.78,16.8,15.66
1359360285289,38.04,17.4,14.82
1359360285490,36.239998,17.82,13.92
1359360285746,34.5,18.24,12.96
1359360285890,33.12,18.72,11.46
1359360286096,31.98,18.9,10.26
1359360286294,30.96,18.66,9.059999
1359360286489,30.06,18.119999,7.98
1359360286688,29.22,17.34,7.02
1359360286892,28.5,16.44,5.94
1359360287132,28.32,15.299999,5.22
1359360287288,28.26,14.34,4.44
1359360287490,28.5,13.38,3.8999999
1359360287692,28.8,12.3,3.6
1359360287893,29.4,11.46,3.3
1359360288132,30.3,10.92,3.06
1359360288292,31.439999,10.44,2.76
1359360288500,32.52,9.9,2.7
1359360288693,34.02,9.54,2.46
1359360288893,35.46,9.059999,2.34
1359360289093,36.84,8.82,2.28
1359360289290,38.219997,8.7,2.3999999
1359360289536,39.36,8.639999,2.28
1359360289694,40.5,8.639999,2.1599998
1359360289899,41.52,8.7,2.1
1359360290094,42.48,8.88,1.86
1359360290293,42.78,9.3,1.3199999
1359360290495,42.719997,9.54,0.84
1359360290695,42.42,9.719999,0.06
1359360290940,41.879997,9.96,-0.84
1359360291097,40.559998,10.139999,-1.8
1359360291305,38.64,10.139999,-3.06
1359360291498,36.66,10.26,-4.2599998
1359360291711,34.8,10.44,-5.52
1359360291899,32.7,10.62,-6.54
1359360292098,30.539999,10.74,-7.68
1359360292347,28.68,10.8,-8.46
1359360292498,27.119999,10.98,-9.12
1359360292696,26.34,11.28,-9.48
1359360292899,25.8,11.58,-9.78
1359360293097,25.619999,11.88,-9.96
1359360293299,25.859999,12.0,-10.139999
1359360293499,26.699999,12.42,-10.139999
1359360293725,28.08,12.66,-9.96
1359360293900,29.939999,12.66,-9.48
1359360294102,32.16,12.48,-8.639999
1359360294301,34.739998,12.24,-7.9199996
1359360294499,37.86,12.24,-6.8399997
1359360294738,40.92,12.179999,-5.4
1359360294902,43.86,11.759999,-3.8999999
1359360295105,46.379997,10.98,-2.46
1359360295302,48.899998,10.26,-1.14
1359360295702,52.379997,8.7,0.71999997
1359360295903,53.1,7.68,1.62
1359360296102,53.52,6.42,2.46
1359360296305,53.52,5.16,3.24
1359360296501,53.16,4.02,4.14
1359360296703,52.559998,2.9399998,4.98
1359360296904,51.719997,2.34,5.8199997
1359360297129,50.7,2.22,6.72
1359360297304,49.62,2.28,7.3799996
1359360297507,48.66,2.76,8.34
1359360297705,47.52,3.24,9.059999
1359360297903,46.379997,3.9599998,9.54
1359360298137,45.36,5.16,10.0199995
1359360298305,44.7,6.6,10.5
1359360298516,44.28,8.099999,11.04
1359360298706,43.92,9.599999,11.4
1359360298908,43.68,11.5199995,11.94
1359360299106,43.86,13.62,12.3
1359360299307,44.52,15.78,12.54
1359360299512,45.3,17.64,12.84
1359360299708,46.32,19.14,12.96
1359360299905,47.28,20.64,13.0199995
1359360300105,48.3,22.02,12.9
1359360300307,49.559998,22.98,12.599999
1359360300511,50.76,23.4,12.3
1359360300707,51.84,23.4,11.759999
1359360300906,52.92,23.1,11.28
1359360301108,54.0,22.74,10.8
1359360301311,55.079998,22.199999,10.26
1359360301552,56.1,21.18,10.08
1359360301708,56.879997,19.8,10.139999
1359360301906,57.539997,18.3,10.38
1359360302109,58.14,16.44,10.44
1359360302308,58.62,14.88,10.559999
1359360302510,58.739998,13.32,10.98
1359360302709,58.62,11.759999,11.4
1359360302945,58.199997,10.26,11.759999
1359360303110,57.6,8.639999,12.179999
1359360303309,57.059998,7.2,12.66
1359360303510,56.16,6.06,13.08
1359360303708,55.079998,5.2799997,13.259999
1359360303948,53.76,4.8599997,13.62
1359360304111,52.32,4.56,13.92
1359360304318,50.76,4.44,14.219999
1359360304526,49.079998,4.56,14.16
1359360304710,47.34,5.16,14.099999
1359360304912,45.719997,6.0,13.44
1359360305110,44.16,6.72,12.719999
1359360305333,42.54,7.56,12.179999
1359360305513,40.8,8.22,11.099999
1359360305711,39.3,9.54,9.66
1359360305913,38.46,10.8,8.16
1359360306111,37.68,11.88,6.6
1359360306366,37.14,12.9,5.1
1359360306514,36.54,13.5,3.3
1359360306734,36.12,14.28,1.5
1359360306914,36.059998,14.94,-0.12
1359360307114,36.12,15.54,-1.74
1359360307315,36.12,15.66,-3.36
1359360307514,36.12,15.599999,-5.04
1359360307747,36.0,15.299999,-6.66
1359360307915,36.059998,14.82,-8.5199995
1359360308116,36.239998,14.34,-9.96
1359360308316,36.3,13.44,-11.34
1359360308515,36.42,12.599999,-12.84
1359360308717,36.42,11.5199995,-13.98
1359360308917,36.42,10.0199995,-15.059999
1359360309131,36.0,8.76,-16.02
1359360309317,35.52,7.5,-16.98
1359360309518,34.739998,6.12,-17.46
1359360309718,34.26,4.62,-17.76
1359360309916,33.54,2.76,-17.82
1359360310118,33.0,1.38,-17.82
1359360310318,32.7,-0.24,-17.64
1359360310546,32.34,-1.38,-17.34
1359360310719,32.16,-2.46,-16.859999
1359360310917,32.1,-3.36,-16.26
1359360311119,31.92,-4.3199997,-15.48
1359360311316,31.679998,-5.1,-14.7
1359360311517,31.5,-5.46,-13.92
1359360311718,31.619999,-5.8799996,-13.08
1359360311917,31.92,-5.7599998,-12.36
1359360312118,32.1,-5.3399997,-11.58
1359360312318,32.1,-4.5,-11.219999
1359360312520,31.92,-3.4199998,-10.98
1359360312723,31.5,-2.28,-11.16
1359360312939,30.24,-0.84,-11.5199995
1359360313123,28.74,0.53999996,-12.0
1359360313326,26.699999,1.5,-12.42
1359360313527,24.539999,2.58,-12.84
1359360313725,22.56,3.3,-13.38
1359360313993,20.52,3.8999999,-13.799999
1359360314123,18.48,4.38,-14.4
1359360314365,16.619999,4.92,-15.0
1359360314520,14.58,5.4,-15.719999
1359360314724,12.84,5.94,-16.26
1359360314924,10.679999,6.54,-16.8
1359360315129,8.58,6.72,-17.16
1359360315357,6.66,6.6,-17.64
1359360315524,4.7999997,6.2999997,-17.82
1359360315726,3.36,6.0,-17.88
1359360315924,2.3999999,5.8199997,-17.76
1359360316123,1.92,5.64,-17.76
1359360316326,1.92,5.64,-17.76
1359360316537,1.8,5.58,-17.94
1359360316743,1.62,5.16,-18.24
1359360316927,1.5,4.56,-18.539999
1359360317128,1.68,3.78,-19.02
1359360317326,1.8,3.06,-19.14
1359360317524,1.4399999,2.3999999,-19.32
1359360317756,1.1999999,1.8,-19.199999
1359360317928,0.84,1.0799999,-19.14
1359360318126,0.78,0.29999998,-18.9
1359360318329,0.71999997,-0.48,-18.6
1359360318527,0.53999996,-1.1999999,-18.0
1359360318729,0.06,-2.1,-17.34
1359360318928,-0.53999996,-3.24,-16.44
1359360319127,-1.14,-4.2599998,-15.42
1359360319330,-1.4399999,-5.4,-14.28
1359360319528,-1.92,-6.42,-13.139999
1359360319771,-2.34,-7.08,-11.94
1359360319930,-2.58,-7.44,-10.62
1359360320140,-3.06,-7.56,-9.0
1359360320331,-3.3,-7.5,-7.3799996
1359360320529,-3.54,-7.3799996,-5.8799996
1359360320731,-3.54,-7.08,-4.2
1359360320931,-3.72,-6.48,-2.7
1359360321187,-3.78,-6.0,-1.02
1359360321333,-4.02,-5.52,0.48
1359360321536,-4.3199997,-4.74,1.92
1359360321733,-4.62,-3.6599998,3.12
1359360321933,-4.68,-2.28,4.14
1359360322134,-4.7999997,-0.42,4.92
1359360322340,-5.1,1.0799999,5.64
1359360322560,-5.64,2.76,6.42
1359360322736,-6.18,4.56,7.14
1359360322934,-6.54,6.54,7.74
1359360323136,-7.14,8.58,8.22
1359360323336,-7.7999997,10.559999,8.34
1359360323578,-9.179999,12.3,8.7
1359360323737,-10.38,13.74,8.88
1359360323949,-11.7,15.179999,8.82
1359360324137,-13.139999,16.68,8.5199995
1359360324335,-14.639999,18.119999,8.16
1359360324538,-16.38,19.08,7.7999997
1359360324738,-17.94,19.199999,7.5
1359360324984,-19.5,18.96,7.2
1359360325138,-20.88,18.539999,6.96
1359360325336,-22.38,18.06,7.08
1359360325538,-23.64,17.46,7.2599998
1359360325737,-24.6,16.38,7.74
1359360325939,-25.38,14.82,8.16
1359360326139,-26.039999,13.259999,8.82
1359360326368,-26.82,12.0,9.54
1359360326545,-27.3,10.62,10.32
1359360326738,-27.48,9.24,11.46
1359360326941,-27.42,7.74,12.48
1359360327139,-27.0,6.18,13.44
1359360327341,-26.519999,4.68,14.46
1359360327549,-25.92,3.4199998,15.48
1359360327756,-25.199999,2.6399999,16.5
1359360327943,-24.24,2.58,17.34
1359360328143,-23.039999,2.7,18.119999
1359360328343,-21.96,3.0,18.6
1359360328543,-20.699999,3.48,18.72
1359360328789,-19.439999,4.2,18.539999
1359360328944,-18.42,5.3399997,17.82
1359360329154,-17.46,6.72,16.98
1359360329344,-16.44,7.9199996,15.9
1359360329544,-15.299999,8.88,14.58
1359360329744,-14.58,9.96,13.2
1359360329944,-14.099999,11.04,11.46
1359360330185,-14.04,12.24,10.0199995
1359360330345,-14.16,12.9,8.639999
1359360330543,-14.4,13.74,7.3199997
1359360330745,-15.0,14.28,6.06
1359360330944,-15.719999,14.639999,4.8599997
1359360331145,-16.74,14.759999,4.02
1359360331346,-17.76,14.46,3.12
1359360331571,-18.72,14.099999,2.3999999
1359360331747,-19.68,13.559999,1.8
1359360331945,-20.52,12.599999,1.26
1359360332147,-21.3,11.46,1.26
1359360332345,-21.66,10.139999,1.38
1359360332547,-21.9,8.88,1.38
1359360332744,-21.779999,7.3799996,1.56
1359360332945,-21.42,6.0,1.86
1359360333147,-20.34,4.74,1.92
1359360333345,-18.72,3.54,1.8
1359360333548,-16.5,2.52,1.56
1359360333748,-13.799999,1.02,1.26
1359360333970,-10.92,-0.29999998,0.78
1359360334148,-7.68,-1.14,0.06
1359360334346,-4.68,-1.56,-0.9
1359360334549,-1.92,-1.86,-1.62
1359360334748,0.48,-2.22,-2.1
1359360334987,2.46,-2.7,-2.34
1359360335151,3.84,-2.8799999,-2.52
1359360335346,4.92,-2.76,-2.6399999
1359360335549,5.3399997,-2.58,-2.76
1359360335748,5.4,-2.52,-2.7
1359360335986,4.92,-2.28,-2.76
1359360336150,4.2,-1.86,-2.6399999
1359360336348,2.82,-1.4399999,-2.58
1359360336550,1.14,-1.0799999,-2.28
1359360336749,-0.9,-0.59999996,-1.74
1359360336985,-3.1799998,0.24,-1.26
1359360337151,-5.3399997,1.0799999,-0.71999997
1359360337551,-9.36,2.52,0.84
1359360337750,-10.74,3.12,1.56
1359360337952,-11.639999,3.84,2.1599998
1359360338149,-11.94,4.38,2.34
1359360338362,-11.759999,5.04,2.46
1359360338552,-11.4,5.7,2.22
1359360338751,-10.62,6.18,2.1599998
1359360338952,-9.719999,6.66,2.1
1359360339153,-8.5199995,6.8999996,2.04
1359360339405,-7.2,6.8399997,1.92
1359360339555,-5.8199997,7.02,2.1
1359360339756,-4.68,7.2599998,2.28
1359360339955,-3.54,7.3199997,2.6399999
1359360340153,-2.46,7.14,3.06
1359360340365,-1.38,6.96,3.72
1359360340555,-0.42,6.66,4.2599998
1359360340767,0.35999998,6.66,5.04
1359360340956,0.84,6.6,5.94
1359360341154,1.1999999,6.54,6.96
1359360341356,1.3199999,6.42,8.34
1359360341555,1.0799999,6.3599997,9.66
1359360341807,0.59999996,6.48,10.98
1359360341957,-0.12,6.96,12.42
1359360342156,-0.84,7.2599998,13.92
1359360342357,-1.92,7.8599997,15.36
1359360342556,-3.06,8.88,16.44
1359360342758,-4.38,10.139999,17.22
1359360342955,-5.7,11.5199995,17.76
1359360343180,-7.3199997,12.84,18.24
1359360343358,-8.94,13.799999,18.539999
1359360343557,-10.559999,14.639999,18.539999
1359360343759,-12.3,15.299999,18.42
1359360343957,-14.16,15.9,18.119999
1359360344159,-15.96,16.08,17.94
1359360344359,-17.88,15.66,17.88
1359360344586,-19.619999,15.179999,17.4
1359360344760,-21.06,14.7,16.92
1359360344958,-22.439999,14.34,16.619999
1359360345160,-23.76,13.44,16.44
1359360345359,-24.9,12.48,16.26
1359360345590,-25.74,11.28,16.26
1359360345761,-26.22,9.719999,16.44
1359360345963,-26.64,7.98,17.039999
1359360346161,-26.82,6.2999997,17.58
1359360346360,-26.76,4.56,18.18
1359360346562,-26.46,2.82,18.84
1359360346758,-26.039999,1.26,19.68
1359360346985,-25.68,-0.29999998,20.34
1359360347162,-25.14,-1.74,20.76
1359360347363,-24.6,-2.9399998,20.88
1359360347563,-23.58,-3.78,20.76
1359360347764,-22.619999,-4.44,20.64
1359360348006,-21.6,-5.1,20.4
1359360348164,-20.52,-5.58,19.92
1359360348376,-19.56,-5.64,18.9
1359360348564,-18.72,-5.52,17.64
1359360348764,-17.699999,-5.22,16.26
1359360348964,-16.98,-4.92,14.7
1359360349162,-16.14,-4.44,12.719999
1359360349412,-15.599999,-3.9599998,10.86
1359360349565,-15.299999,-3.3,8.88
1359360349786,-15.24,-2.7,7.14
1359360349965,-15.12,-2.46,5.3399997
1359360350165,-14.94,-2.22,3.48
1359360350365,-14.7,-2.04,1.86
1359360350564,-14.759999,-1.8,0.17999999
1359360350792,-15.059999,-1.62,-1.14
1359360350966,-14.94,-1.68,-2.1599998
1359360351174,-14.639999,-1.56,-3.12
1359360351367,-14.7,-1.14,-4.02
1359360351565,-14.94,-0.53999996,-4.68
1359360351767,-15.48,0.35999998,-5.04
1359360351967,-16.44,1.26,-5.22
1359360352198,-17.76,2.22,-5.22
1359360352367,-19.08,3.3,-5.46
1359360352566,-20.4,4.74,-5.7599998
1359360352768,-22.14,6.18,-6.0
1359360352966,-24.3,7.56,-5.8799996
1359360353168,-26.4,8.5199995,-5.64
1359360353368,-28.439999,9.3,-4.92
1359360353594,-30.359999,10.38,-4.3199997
1359360353769,-32.04,11.7,-3.54
1359360353967,-33.96,12.78,-2.34
1359360354169,-36.0,13.44,-1.14
1359360354368,-37.86,13.74,0.24
1359360354610,-39.3,13.38,1.62
1359360354770,-40.32,12.9,3.1799998
1359360354985,-40.739998,11.82,4.8599997
1359360355171,-40.62,10.38,6.6
1359360355369,-39.6,8.88,8.46
1359360355571,-38.219997,7.2,10.5
1359360355768,-36.84,5.58,12.599999
1359360355991,-34.86,4.38,14.5199995
1359360356171,-32.579998,3.6599998,15.96
1359360356369,-30.42,3.36,17.4
1359360356572,-28.439999,3.0,18.48
1359360356770,-26.76,2.58,19.68
1359360357016,-25.439999,2.34,20.52
1359360357172,-24.3,2.46,20.699999
1359360357386,-23.4,2.7,21.119999
1359360357572,-22.439999,2.9399998,21.359999
1359360357770,-21.96,3.24,21.359999
1359360357973,-21.48,3.48,21.119999
1359360358174,-21.42,4.2,20.64
1359360358389,-21.84,5.04,20.039999
1359360358573,-22.68,5.7,19.56
1359360358771,-23.88,6.3599997,18.9
1359360358974,-25.14,6.6,18.06
1359360359174,-26.64,7.02,17.279999
1359360359420,-28.32,7.2599998,16.26
1359360359577,-30.06,7.2,15.42
1359360359777,-31.98,7.08,14.7
1359360359974,-33.48,6.96,13.74
1359360360174,-34.8,6.8399997,12.96
1359360360375,-35.82,6.72,11.94
1359360360577,-36.96,6.66,10.8
1359360360808,-38.28,6.54,10.0199995
1359360360975,-39.18,6.12,9.3
1359360361176,-40.14,5.7,8.7
1359360361376,-40.92,5.1,8.22
1359360361577,-41.52,4.44,7.5
1359360361826,-41.76,3.4199998,7.02
1359360361981,-41.1,1.1999999,7.3799996
1359360362186,-38.879997,-1.74,8.5199995
1359360362380,-34.68,-5.16,9.9
1359360362577,-28.439999,-7.68,10.92
1359360362780,-21.3,-8.7,11.16
1359360362981,-13.679999,-8.82,11.16
1359360363222,-6.18,-9.12,11.16
1359360363383,1.5,-9.599999,11.219999
1359360363577,9.059999,-9.84,11.46
1359360363781,16.56,-9.66,11.46
1359360363979,24.06,-9.3,11.34
1359360364244,31.38,-8.76,11.219999
1359360364382,38.82,-8.16,11.28
1359360364597,46.26,-7.68,11.099999
1359360364782,53.579998,-6.8399997,10.98
1359360364992,60.48,-5.4,10.8
1359360365188,66.72,-3.1799998,10.0199995
1359360365388,71.46,-0.42,8.639999
1359360365589,74.46,2.58,7.08
1359360365785,75.6,4.74,6.18
1359360365982,75.72,5.8199997,5.8199997
1359360366184,75.36,6.8399997,5.46
1359360366382,74.58,8.099999,5.1
1359360366631,73.74,9.48,5.04
1359360366786,72.84,10.5,5.04
1359360366991,71.82,11.04,5.3399997
1359360367188,70.74,11.88,5.4
1359360367387,69.659996,12.84,5.8199997
1359360367583,68.46,13.74,6.24
1359360367785,67.2,14.46,7.08
1359360367998,65.76,15.12,7.7999997
1359360368189,64.26,15.78,8.46
1359360368388,62.52,16.74,8.76
1359360368587,60.719997,17.82,9.179999
1359360368789,58.859997,18.9,9.599999
1359360369031,57.36,20.039999,9.84
1359360369190,55.68,21.0,10.2
1359360369404,54.36,21.66,10.5
1359360369591,53.28,22.38,11.099999
1359360369788,52.32,23.22,11.46
1359360370001,51.96,23.76,11.759999
1359360370188,52.02,24.48,11.82
1359360370427,52.44,24.779999,12.12
1359360370591,52.86,24.9,12.0
1359360370800,53.399998,24.96,11.759999
1359360370992,54.36,25.32,11.34
1359360371190,55.559998,25.14,10.8
1359360371392,56.94,24.48,10.139999
1359360371620,58.44,23.58,9.54
1359360371824,60.12,22.859999,9.0
1359360371994,62.16,21.9,8.5199995
1359360372202,63.719997,20.4,8.4
1359360372396,65.22,18.24,8.34
1359360372597,66.42,16.08,8.5199995
1359360372829,67.5,13.86,8.58
1359360372997,68.28,11.7,8.28
1359360373197,68.28,9.84,8.16
1359360373397,67.68,8.28,7.68
1359360373595,66.659996,6.72,6.96
1359360373797,65.46,5.64,6.06
1359360373998,64.32,4.68,4.92
1359360374229,62.94,3.8999999,3.84
1359360374398,61.559998,3.24,2.9399998
1359360374596,60.12,2.76,2.1
1359360374798,58.5,2.58,1.4399999
1359360374997,56.82,2.3999999,0.59999996
1359360375199,54.96,2.52,-0.12
1359360375400,53.34,3.1799998,-1.14
1359360375608,51.84,4.2,-2.34
1359360375800,50.34,5.16,-3.24
1359360375998,49.079998,6.18,-4.14
1359360376200,47.94,7.08,-4.74
1359360376400,47.1,8.16,-5.4
1359360376637,46.62,9.36,-5.52
1359360376800,46.2,10.62,-5.46
1359360376999,45.84,11.7,-5.04
1359360377215,45.42,13.08,-4.3199997
1359360377401,45.18,14.4,-3.6
1359360377628,44.94,16.26,-2.76
1359360377802,44.879997,18.119999,-1.62
1359360378003,45.059998,20.1,-0.53999996
1359360378202,44.94,21.779999,0.53999996
1359360378400,44.94,23.64,1.56
1359360378628,45.36,25.199999,2.6399999
1359360378803,46.14,26.82,3.8999999
1359360379006,47.039997,28.32,4.8599997
1359360379203,47.94,29.4,5.8199997
1359360379402,48.719997,30.599998,6.96
1359360379603,49.68,31.439999,7.9199996
1359360379804,50.7,31.859999,8.82
1359360380027,51.84,31.74,9.66
1359360380204,53.1,31.439999,10.38
1359360380404,54.12,30.84,11.099999
1359360380605,54.78,30.0,11.46
1359360380803,55.44,28.74,12.179999
1359360381033,55.92,27.359999,12.66
1359360381205,56.46,25.8,13.139999
1359360381406,57.059998,24.359999,13.74
1359360381605,57.539997,22.68,14.28
1359360381804,57.78,21.3,14.88
1359360382006,57.6,20.1,15.54
1359360382211,57.3,18.84,16.08
1359360382430,56.879997,17.82,16.619999
1359360382607,56.399998,16.68,16.859999
1359360382806,55.44,15.96,17.1
1359360383007,54.3,15.48,17.279999
1359360383206,52.92,15.599999,17.4
1359360383407,51.36,15.839999,17.46
1359360383607,49.68,15.9,17.34
1359360383828,48.0,16.02,17.4
1359360384008,46.2,16.38,16.8
1359360384207,44.46,16.92,16.38
1359360384408,42.54,17.279999,15.719999
1359360384607,40.739998,17.64,15.12
1359360384848,38.82,18.0,14.16
1359360385009,37.02,18.42,13.139999
1359360385208,35.52,18.779999,11.759999
1359360385409,33.96,18.96,10.44
1359360385608,32.579998,18.96,9.059999
1359360385809,31.32,18.539999,7.74
1359360386010,30.42,17.82,6.54
1359360386249,29.58,16.98,5.4
1359360386410,29.039999,15.9,4.56
1359360386612,28.619999,14.759999,4.02
1359360386811,28.38,13.5,3.48
1359360387009,28.439999,12.48,3.1799998
1359360387232,28.74,11.759999,2.9399998
1359360387412,29.22,11.04,2.76
1359360387610,30.06,10.38,2.82
1359360387812,31.14,9.84,2.9399998
1359360388010,32.219997,9.179999,2.76
1359360388212,33.48,8.82,2.7
1359360388412,34.98,8.5199995,2.82
1359360388646,36.36,8.46,3.0
1359360388814,37.86,8.28,3.1799998
1359360389012,39.18,8.28,3.1799998
1359360389214,40.2,8.46,3.12
1359360389413,41.219997,9.0,3.12
1359360389626,41.879997,9.48,2.82
1359360389815,42.36,9.78,2.34
1359360390013,42.6,10.5,1.74
1359360390215,42.239998,10.679999,0.84
1359360390413,41.579998,10.86,-0.35999998
1359360390662,40.5,10.92,-1.62
1359360390816,39.059998,10.86,-3.0
1359360391030,37.26,10.679999,-4.62
1359360391216,35.399998,10.62,-5.94
1359360391415,33.239998,10.32,-7.2599998
1359360391616,31.08,10.08,-8.76
1359360391816,29.519999,9.84,-9.78
1359360392051,28.14,9.78,-10.44
1359360392217,27.3,9.54,-11.04
1359360392428,26.519999,9.42,-11.34
1359360392618,26.16,9.3,-11.82
1359360392817,26.279999,9.42,-12.059999
1359360393018,27.06,9.66,-12.059999
1359360393218,28.14,9.42,-11.88
1359360393431,30.119999,9.599999,-11.28
1359360393619,32.1,9.599999,-10.38
1359360393820,34.44,9.9,-9.48
1359360394019,37.26,10.0199995,-8.099999
1359360394217,39.96,9.84,-6.48
1359360394473,42.84,9.599999,-4.74
1359360394617,45.539997,9.599999,-3.1799998
1359360394826,48.0,9.719999,-1.62
1359360395019,50.16,9.719999,-0.42
1359360395218,51.719997,9.3,0.35999998
1359360395420,52.62,8.76,1.3199999
1359360395620,53.28,7.98,1.92
1359360395850,53.52,7.14,2.34
1359360396021,53.399998,6.18,3.0
1359360396224,53.1,5.58,3.6
1359360396422,52.62,4.7999997,4.38
1359360396620,51.539997,4.08,5.04
1359360396822,50.579998,3.48,5.8799996
1359360397022,49.62,3.24,6.72
1359360397232,48.36,3.72,7.2599998
1359360397426,47.399998,4.56,7.9199996
1359360397623,46.44,5.46,8.34
1359360397823,45.78,6.06,9.0
1359360398023,45.12,6.8399997,9.48
1359360398253,44.34,8.16,9.9
1359360398424,43.98,9.96,10.44
1359360398626,44.16,11.759999,10.98
1359360398824,44.7,13.559999,11.639999
1359360399025,45.36,15.059999,12.48
1359360399276,46.02,16.859999,12.9
1359360399425,46.62,18.42,13.259999
1359360399648,47.7,19.92,13.559999
1359360399827,48.84,21.0,13.679999
1359360400026,50.039997,22.02,13.5
1359360400225,51.12,22.68,13.08
1359360400425,52.079998,23.1,12.42
1359360400660,53.1,23.4,11.94
1359360400826,53.94,23.1,11.58
1359360401032,54.78,22.439999,11.28
1359360401227,55.559998,21.42,10.98
1359360401426,56.16,20.22,10.679999
1359360401626,56.879997,18.9,10.74
1359360401828,57.3,17.64,10.86
1359360402058,57.539997,16.08,10.98
1359360402228,57.6,14.639999,11.28
1359360402434,57.539997,13.08,11.639999
1359360402628,57.539997,11.58,11.82
1359360402825,57.0,10.32,12.24
1359360403056,56.46,9.12,12.599999
1359360403229,55.5,7.8599997,13.0199995
1359360403427,54.6,6.8999996,13.559999
1359360403628,53.579998,5.94,14.16
1359360403827,52.44,5.2799997,14.4
1359360404078,51.18,5.1,14.5199995
1359360404230,49.739998,5.22,14.4
1359360404447,48.18,5.46,14.46
1359360404631,46.68,5.4,14.46
1359360404828,44.94,5.7599998,14.04
1359360405037,43.32,6.42,13.38
1359360405230,42.0,7.3799996,12.42
1359360405445,40.739998,8.16,11.34
1359360405631,39.66,8.82,9.96
1359360405830,38.46,9.48,8.76
1359360406030,37.62,10.32,7.08
1359360406231,37.26,11.46,5.3399997
1359360406482,36.96,12.36,3.78
1359360406632,36.899998,12.84,1.9799999
1359360406830,36.48,13.2,0.42
1359360407032,36.12,13.44,-1.1999999
1359360407230,35.94,13.62,-2.82
1359360407435,36.12,13.559999,-4.3199997
1359360407630,36.42,13.44,-5.8799996
1359360407830,36.6,13.32,-7.3799996
1359360408032,36.48,12.3,-8.88
1359360408231,36.48,11.28,-10.38
1359360408432,36.42,10.139999,-11.7
1359360408633,36.36,9.36,-12.96
1359360408868,36.42,8.5199995,-14.099999
1359360409032,36.36,7.56,-15.299999
1359360409232,35.88,6.66,-16.32
1359360409433,35.219997,5.7599998,-17.22
1359360409636,34.559998,5.04,-18.119999
1359360409849,33.78,4.14,-18.9
1359360410037,33.719997,3.24,-19.68
1359360410235,33.54,2.1599998,-20.4
1359360410438,33.3,1.0799999,-21.06
1359360410638,32.88,0.29999998,-21.66
1359360410883,32.399998,-0.24,-22.199999
1359360411043,32.1,-0.71999997,-22.74
1359360411237,32.16,-0.9,-22.98
1359360411437,32.04,-1.14,-23.279999
1359360411637,31.8,-1.0799999,-23.34
1359360411836,31.619999,-1.26,-23.519999
1359360412041,31.439999,-1.26,-23.519999
1359360412237,31.38,-1.26,-23.46
1359360412443,31.439999,-1.5,-23.279999
1359360412638,31.5,-1.68,-23.22
1359360412839,31.56,-1.92,-23.34
1359360413040,31.74,-1.92,-23.22
1359360413266,31.679998,-1.8,-23.22
1359360413441,31.619999,-1.8,-23.039999
1359360413641,31.5,-1.4399999,-23.1
1359360413841,31.56,-1.5,-22.98
1359360414039,31.56,-1.62,-22.92
1359360414255,31.5,-1.8,-22.8
1359360414441,31.56,-1.8,-22.859999
1359360414641,31.38,-1.86,-22.68
1359360414842,31.439999,-1.86,-22.74
1359360415042,31.38,-1.86,-22.859999
1359360415266,31.619999,-1.9799999,-22.8
1359360415443,31.619999,-2.1599998,-22.859999
1359360415642,31.679998,-2.28,-23.039999
1359360415843,31.8,-2.3999999,-23.16
1359360416044,31.8,-2.34,-23.16
1359360416281,31.74,-2.28,-23.279999
1359360416445,31.619999,-2.34,-23.46
1359360416644,31.619999,-2.3999999,-23.519999
1359360416844,31.74,-2.6399999,-23.519999
1359360417043,31.74,-2.58,-23.58
1359360417299,31.8,-2.6399999,-23.64
1359360417450,31.679998,-2.58,-23.699999
1359360417646,31.679998,-2.6399999,-23.699999
1359360417845,31.859999,-2.58,-23.699999
1359360418046,31.859999,-2.6399999,-23.64
1359360418276,31.859999,-2.8799999,-23.58
1359360418446,31.679998,-2.82,-23.82
1359360418644,31.74,-2.7,-23.82
1359360418846,31.679998,-2.6399999,-23.82
1359360419047,31.56,-2.7,-23.82
1359360419276,31.56,-2.82,-23.939999
1359360419447,31.619999,-2.76,-23.88
1359360419647,31.74,-2.7,-23.82
1359360419847,31.679998,-2.7,-23.88
1359360420044,31.619999,-2.6399999,-23.76
1359360420281,31.439999,-2.52,-23.88
1359360420447,31.32,-2.46,-23.76
1359360420645,31.56,-2.46,-23.82
1359360420847,31.439999,-2.52,-23.82
1359360421048,31.439999,-2.58,-23.88
1359360421281,31.56,-2.58,-23.939999
1359360421449,31.74,-2.58,-24.06
1359360421647,31.8,-2.58,-24.0
1359360421849,31.8,-2.58,-23.939999
1359360422047,31.92,-2.46,-24.0
1359360422249,32.04,-2.3999999,-24.0
1359360422449,32.04,-2.28,-23.88
1359360422655,31.98,-2.28,-23.939999
1359360422850,31.92,-2.22,-23.939999
1359360423048,31.92,-2.1599998,-24.0
1359360423250,31.859999,-2.1599998,-24.119999
1359360423451,31.859999,-2.34,-23.939999
1359360423662,31.8,-2.22,-24.0
1359360423851,31.619999,-2.22,-23.939999
1359360424049,31.56,-2.1,-23.88
1359360424251,31.439999,-2.04,-23.939999
1359360424452,31.199999,-2.1599998,-24.119999
1359360424651,31.08,-2.04,-24.0
1359360424852,30.96,-2.04,-23.939999
1359360425050,30.96,-2.04,-23.88
1359360425273,30.9,-2.22,-23.939999
1359360425452,30.84,-2.22,-23.939999
1359360425650,30.84,-2.04,-24.06
1359360425853,30.84,-2.1,-24.0
1359360426051,30.9,-2.1599998,-24.0
1359360426253,31.019999,-2.28,-23.939999
1359360426454,30.96,-2.34,-23.939999
1359360426651,30.9,-2.34,-23.82
1359360426854,30.9,-2.52,-24.0
1359360427052,31.08,-2.58,-24.06
1359360427283,31.14,-2.6399999,-24.06
1359360427454,31.14,-2.7,-24.06
1359360427652,31.14,-2.46,-23.939999
1359360427855,31.199999,-2.52,-23.939999
1359360428053,31.26,-2.58,-24.0
1359360428283,31.199999,-2.58,-24.06
1359360428455,31.199999,-2.58,-23.88
1359360428652,31.26,-2.58,-23.82
1359360428855,31.199999,-2.7,-23.699999
1359360429054,31.26,-2.76,-23.58
1359360429255,31.14,-2.7,-23.58
1359360429456,31.08,-2.7,-23.58
1359360429654,31.14,-2.7,-23.519999
1359360429856,30.96,-2.6399999,-23.64
1359360430057,31.199999,-2.3999999,-23.46
1359360430254,30.96,-1.4399999,-23.699999
1359360430457,30.48,-0.59999996,-24.06
1359360430656,30.42,0.12,-24.3
1359360430913,30.84,0.53999996,-24.48
1359360431058,30.84,1.0799999,-24.66
1359360431270,30.84,1.62,-24.779999
1359360431458,30.9,2.1599998,-24.9
1359360431656,30.539999,3.06,-25.199999
1359360431858,30.359999,3.84,-25.439999
1359360432057,30.179998,4.74,-25.68
1359360432306,30.0,5.2799997,-26.039999
1359360432459,30.0,5.8199997,-26.4
1359360432681,29.519999,6.0,-26.64
1359360432860,29.279999,6.12,-26.88
1359360433058,29.16,6.66,-27.0
1359360433263,28.859999,6.66,-27.06
1359360433461,28.8,6.12,-26.88
1359360433683,29.279999,5.52,-26.699999
1359360433862,29.279999,5.1,-26.58
1359360434062,28.859999,4.92,-26.519999
1359360434262,28.619999,4.5,-26.519999
1359360434462,28.5,4.2,-26.519999
1359360434722,28.32,3.48,-26.4
1359360434863,28.439999,2.7,-26.22
1359360435073,28.38,1.86,-26.099998
1359360435264,28.32,1.02,-25.92
1359360435463,28.14,0.53999996,-25.619999
1359360435663,27.96,-0.12,-25.32
1359360435864,28.14,-0.29999998,-25.08
1359360436091,28.14,-0.35999998,-25.08
1359360436264,28.26,-0.71999997,-25.08
1359360436465,28.32,-0.78,-25.26
1359360436665,28.439999,-0.96,-25.26
1359360436863,28.32,-1.0799999,-25.14
1359360437113,28.26,-0.96,-25.08
1359360437265,28.32,-1.0799999,-25.14
1359360437466,28.38,-1.02,-25.08
1359360437662,28.38,-0.9,-25.019999
1359360437864,28.26,-0.53999996,-25.08
1359360438065,28.199999,-0.42,-25.08
1359360438266,28.14,-0.29999998,-24.96
1359360438485,28.199999,-0.12,-25.019999
1359360438667,28.26,0.06,-25.019999
1359360438865,28.199999,0.17999999,-25.14
1359360439066,28.32,0.35999998,-25.26
1359360439268,28.32,0.42,-25.199999
1359360439486,28.38,0.42,-25.32
1359360439668,28.26,0.53999996,-25.199999
1359360439866,28.14,0.53999996,-25.26
1359360440067,28.199999,0.53999996,-25.38
1359360440268,28.14,0.35999998,-25.38
1359360440470,28.08,0.24,-25.32
1359360440668,27.9,0.12,-25.32
1359360440866,27.96,0.12,-25.32
1359360441068,27.96,-0.12,-25.26
1359360441269,28.019999,-0.12,-25.32
1359360441481,28.08,-0.29999998,-25.38
1359360441670,28.14,-0.48,-25.38
1359360441867,28.199999,-0.65999997,-25.56
1359360442069,28.32,-0.71999997,-25.619999
1359360442270,28.32,-0.78,-25.56
1359360442480,28.38,-0.71999997,-25.5
1359360442671,28.56,-0.71999997,-25.5
1359360442869,28.68,-0.65999997,-25.5
1359360443070,28.619999,-0.59999996,-25.439999
1359360443273,28.56,-0.78,-25.5
1359360443469,28.68,-0.71999997,-25.439999
1359360443669,28.619999,-0.78,-25.439999
1359360443868,28.8,-0.65999997,-25.26
1359360444102,28.619999,-0.78,-25.32
1359360444274,28.56,-0.78,-25.32
1359360444471,28.5,-0.65999997,-25.439999
1359360444674,28.56,-0.71999997,-25.5
1359360444869,28.619999,-0.59999996,-25.619999
1359360445101,28.619999,-0.48,-25.439999
1359360445276,28.68,-0.35999998,-25.5
1359360445470,28.8,-0.35999998,-25.5
1359360445674,28.8,-0.17999999,-25.439999
1359360445871,28.68,-0.24,-25.32
1359360446074,28.56,-0.17999999,-25.5
1359360446276,28.619999,-0.29999998,-25.56
1359360446473,28.56,-0.12,-25.38
1359360446676,28.5,-0.12,-25.5
1359360447094,28.439999,-0.17999999,-25.68
1359360447278,28.619999,-0.12,-25.56
1359360447474,28.619999,-0.12,-25.439999
1359360447678,28.619999,-0.17999999,-25.26
1359360447881,28.619999,-0.06,-25.14
1359360448117,28.5,-0.17999999,-25.14
1359360448279,28.5,-0.29999998,-25.199999
1359360448475,28.38,-0.42,-25.14
1359360448680,28.32,-0.42,-25.14
1359360448876,28.26,-0.53999996,-25.26
1359360449100,28.14,-0.65999997,-25.32
1359360449278,28.32,-0.78,-25.199999
1359360449475,28.14,-0.71999997,-25.199999
1359360449679,28.14,-0.9,-25.199999
1359360449878,28.199999,-1.02,-25.14
1359360450156,28.08,-1.0799999,-25.08
1359360450279,28.14,-1.0799999,-25.019999
1359360450476,27.9,-1.14,-25.08
1359360450679,27.96,-1.4399999,-25.14
1359360450877,27.84,-1.38,-25.199999
1359360451093,27.96,-1.5,-25.199999
1359360451280,28.08,-1.5,-25.08
1359360451477,27.96,-1.4399999,-25.019999
1359360451679,28.019999,-1.56,-24.9
1359360451878,28.08,-1.68,-24.9
1359360452103,28.08,-1.74,-24.9
1359360452279,27.96,-1.74,-24.84
1359360452478,27.84,-1.74,-24.779999
1359360452681,28.019999,-1.8,-24.72
1359360452879,28.08,-1.68,-24.779999
1359360453104,28.08,-1.8,-24.72
1359360453282,28.199999,-1.74,-24.72
1359360453481,28.199999,-1.68,-24.66
1359360453681,28.38,-1.68,-24.6
1359360453882,28.38,-1.68,-24.539999
1359360454101,28.439999,-1.74,-24.48
1359360454285,28.38,-1.74,-24.539999
1359360454481,28.26,-1.62,-24.539999
1359360454685,28.439999,-1.62,-24.6
1359360454886,28.38,-1.56,-24.72
1359360455086,28.32,-1.4399999,-24.779999
1359360455286,28.26,-1.38,-24.779999
1359360455484,28.38,-1.3199999,-24.779999
1359360455712,28.56,-1.38,-24.779999
1359360455886,28.619999,-1.3199999,-24.84
1359360456084,28.68,-1.26,-24.779999
1359360456287,28.68,-1.0799999,-24.9
1359360456485,28.74,-1.14,-24.779999
1359360456716,28.68,-1.26,-24.84
1359360456888,28.439999,-1.26,-24.96
1359360457085,28.439999,-1.0799999,-24.96
1359360457288,28.56,-1.0799999,-25.08
1359360457486,28.32,-1.14,-24.96
1359360457688,28.26,-1.1999999,-24.96
1359360457888,28.14,-1.1999999,-25.08
1359360458088,28.26,-1.1999999,-25.14
1359360458308,28.32,-1.1999999,-24.96
1359360458489,28.439999,-1.1999999,-24.9
1359360458688,28.56,-1.1999999,-24.9
1359360458889,28.439999,-1.1999999,-24.84
1359360459088,28.439999,-1.1999999,-24.9
1359360459303,28.32,-1.38,-24.84
1359360459490,28.199999,-1.4399999,-24.84
1359360459688,28.08,-1.4399999,-24.96
1359360459890,28.08,-1.38,-25.019999
1359360460088,28.14,-1.4399999,-25.019999
1359360460296,28.08,-1.56,-25.08
1359360460491,28.14,-1.56,-25.199999
1359360460691,28.32,-1.4399999,-25.199999
1359360460922,28.439999,-1.5,-25.199999
1359360461092,28.5,-1.62,-25.199999
1359360461291,28.439999,-1.62,-25.08
1359360461492,28.26,-1.74,-25.199999
1359360461693,28.199999,-1.86,-25.26
1359360461936,28.14,-1.9799999,-25.199999
1359360462093,28.199999,-1.92,-25.38
1359360462291,28.019999,-1.9799999,-25.32
1359360462493,27.96,-1.9799999,-25.56
1359360462691,27.96,-2.04,-25.619999
1359360462942,27.9,-2.22,-25.56
1359360463096,27.9,-2.34,-25.56
1359360463297,27.96,-2.28,-25.439999
1359360463498,28.019999,-2.28,-25.5
1359360463696,27.96,-2.3999999,-25.5
1359360463925,27.96,-2.46,-25.38
1359360464097,27.9,-2.34,-25.439999
1359360464297,27.84,-2.3999999,-25.32
1359360464498,27.72,-2.34,-25.38
1359360464699,27.66,-2.34,-25.32
1359360464899,27.599998,-2.1599998,-25.14
1359360465100,27.48,-2.1599998,-25.199999
1359360465316,27.359999,-2.22,-25.08
1359360465502,27.359999,-2.22,-25.08
1359360465701,27.48,-2.28,-24.779999
1359360465910,27.48,-2.1,-24.779999
1359360466102,27.599998,-1.9799999,-24.9
1359360466299,27.599998,-1.8,-24.779999
1359360466502,27.48,-1.86,-24.84
1359360466701,27.48,-1.8,-24.72
1359360466900,27.42,-1.56,-24.66
1359360467102,27.3,-1.4399999,-24.72
1359360467302,27.3,-1.1999999,-24.779999
1359360467539,27.3,-0.96,-24.779999
1359360467702,27.539999,-0.9,-24.779999
1359360467905,27.539999,-0.65999997,-24.84
1359360468105,27.599998,-0.78,-24.96
1359360468303,27.599998,-0.65999997,-25.14
1359360468539,27.599998,-0.65999997,-25.26
1359360468708,27.539999,-0.53999996,-25.26
1359360468906,27.539999,-0.48,-25.56
1359360469108,27.599998,-0.48,-25.56
1359360469306,27.539999,-0.35999998,-25.56
1359360469534,27.539999,-0.29999998,-25.56
1359360469709,27.66,-0.42,-25.56
1359360469907,27.66,-0.17999999,-25.56
1359360470109,27.779999,-0.24,-25.619999
1359360470309,27.9,-0.17999999,-25.56
1359360470534,27.96,-0.29999998,-25.5
1359360470710,28.019999,-0.42,-25.439999
1359360470908,27.9,-0.48,-25.26
1359360471110,27.96,-0.78,-25.26
1359360471310,27.9,-0.71999997,-25.199999
1359360471511,27.96,-0.78,-25.08
1359360471711,27.96,-0.84,-24.96
1359360471909,28.08,-0.9,-24.84
1359360472111,28.199999,-0.96,-24.48
1359360472310,28.26,-0.9,-24.48
1359360472534,28.26,-0.96,-24.48
1359360472714,28.38,-0.96,-24.6
1359360472912,28.38,-0.9,-24.539999
1359360473117,28.439999,-1.14,-24.6
1359360473315,28.32,-1.14,-24.66
1359360473513,28.38,-1.1999999,-24.66
1359360473715,28.38,-1.26,-24.6
1359360473915,28.439999,-1.14,-24.84
1359360474138,28.439999,-1.02,-25.019999
1359360474316,28.32,-0.84,-25.199999
1359360474515,28.5,-0.29999998,-25.38
1359360474715,28.439999,1.1999999,-25.619999
1359360474915,28.5,3.12,-25.859999
1359360475158,28.32,5.1,-26.34
1359360475317,28.32,6.8399997,-26.699999
1359360475532,28.199999,8.4,-26.82
1359360475718,28.199999,10.0199995,-27.0
1359360475919,28.199999,11.04,-27.18
1359360476118,28.199999,11.34,-27.24
1359360476316,28.199999,11.16,-27.18
1359360476570,28.38,10.44,-26.88
1359360476718,28.38,9.3,-26.34
1359360476917,28.439999,7.98,-25.619999
1359360477119,28.439999,6.3599997,-24.779999
1359360477317,28.439999,4.5,-23.76
1359360477519,28.5,2.82,-22.619999
1359360477719,28.439999,0.71999997,-21.48
1359360477946,28.56,-1.38,-20.88
1359360478125,28.56,-3.1799998,-20.58
1359360478322,28.56,-4.44,-20.52
1359360478520,28.56,-4.92,-20.64
1359360478720,28.619999,-4.8599997,-20.699999
1359360478954,28.68,-4.62,-20.82
1359360479121,28.619999,-3.72,-20.82
1359360479324,28.619999,-2.04,-21.06
1359360479720,28.56,2.52,-21.84
1359360479922,28.439999,4.68,-22.68
1359360480121,28.26,6.42,-23.58
1359360480321,28.08,7.68,-24.06
1359360480522,28.08,8.5199995,-24.6
1359360480721,28.14,8.76,-24.72
1359360480922,28.32,8.46,-24.6
1359360481122,28.32,7.2599998,-23.58
1359360481327,28.56,5.4,-22.439999
1359360481523,28.619999,3.0,-21.0
1359360481723,28.619999,0.06,-19.5
1359360481924,28.56,-3.06,-18.42
1359360482124,28.56,-5.64,-17.82
1359360482345,28.38,-7.7999997,-17.4
1359360482524,28.26,-9.3,-17.16
1359360482725,28.019999,-10.08,-17.34
1359360482924,27.84,-10.32,-17.34
1359360483125,27.66,-9.24,-17.22
1359360483360,27.779999,-7.62,-17.22
1359360483525,27.84,-5.4,-17.699999
1359360483725,27.72,-3.36,-18.3
1359360483926,27.599998,-1.86,-19.199999
1359360484124,27.3,-1.02,-19.8
1359360484357,27.06,-0.71999997,-20.279999
1359360484526,26.939999,-0.71999997,-20.52
1359360484731,26.76,-0.65999997,-20.64
1359360484927,26.76,-0.9,-20.52
1359360485125,26.699999,-1.26,-19.92
1359360485327,26.46,-2.46,-19.02
1359360485525,26.58,-3.9599998,-18.06
1359360485778,26.58,-5.8199997,-17.039999
1359360485927,26.519999,-8.04,-16.08
1359360486147,26.64,-10.139999,-15.599999
1359360486328,26.699999,-12.179999,-15.54
1359360486527,26.519999,-13.559999,-15.599999
1359360486728,26.58,-14.759999,-15.719999
1359360486926,26.76,-14.94,-15.719999
1359360487147,26.88,-13.559999,-15.96
1359360487329,27.0,-11.099999,-16.619999
1359360487528,27.24,-8.099999,-17.64
1359360487729,27.3,-5.22,-18.779999
1359360487929,27.42,-2.6399999,-20.16
1359360488165,27.539999,-0.71999997,-21.42
1359360488330,27.779999,0.48,-22.439999
1359360488528,28.08,1.4399999,-23.16
1359360488731,28.14,2.04,-23.64
1359360488929,28.26,1.9799999,-23.699999
1359360489172,28.439999,1.56,-23.279999
1359360489332,28.439999,0.35999998,-22.38
1359360489539,28.5,-1.38,-21.18
1359360489731,28.619999,-3.12,-20.4
1359360489932,28.56,-4.44,-19.619999
1359360490132,28.5,-5.52,-19.439999
1359360490333,28.5,-6.42,-19.26
1359360490531,28.32,-6.54,-19.26
1359360490733,28.26,-6.48,-19.26
1359360490931,28.14,-6.3599997,-19.26
1359360491170,28.08,-5.7599998,-19.199999
1359360491334,27.96,-4.74,-19.439999
1359360491544,28.019999,-3.84,-19.92
1359360491735,27.96,-3.12,-20.4
1359360491933,28.08,-2.7,-20.699999
1359360492134,28.199999,-2.22,-20.88
1359360492333,28.26,-1.86,-21.18
1359360492543,28.199999,-1.3199999,-21.6
1359360492735,28.199999,-0.71999997,-22.199999
1359360492934,28.32,-0.06,-22.619999
1359360493135,28.439999,0.35999998,-22.859999
1359360493334,28.5,0.59999996,-22.8
1359360493574,28.619999,0.35999998,-22.74
1359360493732,28.8,-0.53999996,-22.56
1359360493933,28.859999,-1.56,-22.32
1359360494136,29.099998,-2.46,-22.199999
1359360494334,29.279999,-3.54,-22.02
1359360494571,29.46,-4.3199997,-21.779999
1359360494737,29.58,-4.38,-21.779999
1359360494941,29.58,-3.84,-21.779999
1359360495137,29.58,-2.76,-22.26
1359360495335,29.58,-1.4399999,-22.92
1359360495537,29.64,0.12,-23.699999
1359360495738,29.88,1.56,-24.359999
1359360495982,30.179998,2.8799999,-24.9
1359360496138,30.06,3.6,-25.14
1359360496336,30.179998,3.9599998,-25.32
1359360496539,30.359999,4.14,-25.38
1359360496737,30.359999,4.02,-25.32
1359360496976,30.359999,3.78,-25.38
1359360497139,30.42,3.48,-25.5
1359360497343,30.42,3.3,-25.5
1359360497540,30.42,3.12,-25.5
1359360497738,30.3,2.9399998,-25.68
1359360497977,30.119999,2.8799999,-25.68
1359360498140,30.3,2.3999999,-25.68
1359360498343,30.119999,1.14,-25.08
1359360498541,29.939999,-0.84,-24.0
1359360498738,30.0,-3.0,-22.38
1359360498941,30.0,-5.22,-20.699999
1359360499141,29.88,-7.68,-18.96
1359360499365,29.939999,-10.2,-17.22
1359360499543,29.82,-12.48,-15.78
1359360499743,29.82,-13.98,-15.059999
1359360499944,29.699999,-14.759999,-14.7
1359360500142,29.699999,-15.0,-14.58
1359360500374,29.64,-14.82,-14.58
1359360500544,29.58,-14.46,-14.639999
1359360500743,29.64,-13.98,-14.759999
1359360500945,29.699999,-13.5,-14.759999
1359360501143,29.699999,-12.96,-14.82
1359360501345,29.519999,-12.0,-15.059999
1359360501545,29.699999,-9.78,-15.839999
1359360501750,29.88,-6.66,-17.039999
1359360501946,29.699999,-4.2599998,-18.72
1359360502143,29.519999,-3.06,-19.859999
1359360502346,29.46,-2.8799999,-20.4
1359360502546,29.279999,-2.52,-20.76
1359360502756,29.16,-2.34,-20.939999
1359360502947,29.039999,-3.0,-20.58
1359360503145,28.98,-4.2,-19.859999
1359360503348,29.16,-5.8199997,-18.84
1359360503547,29.099998,-7.56,-17.76
1359360503760,29.039999,-8.7,-17.34
1359360503947,28.859999,-9.36,-17.22
1359360504145,28.619999,-9.54,-17.34
1359360504347,28.32,-10.2,-17.22
1359360504548,28.32,-11.099999,-16.859999
1359360504798,28.619999,-12.42,-16.44
1359360504948,28.619999,-13.98,-16.26
1359360505147,28.68,-14.58,-16.02
1359360505348,28.5,-14.219999,-16.38
1359360505547,28.439999,-12.719999,-17.52
1359360505749,28.32,-11.34,-18.6
1359360505949,28.26,-9.96,-19.74
