1359360115075,-0.0,0.0,-0.0
1359360115272,1.1022311,0.13056907,0.25326768
1359360115473,4.598147,11.427517,-2.0030386
1359360115673,3.416455,-5.491999,-2.4578834
1359360115875,2.28958,-13.83371,-1.2647372
1359360116074,2.3983445,-17.28964,-2.7820504
1359360116273,357.78503,-20.02023,0.21752773
1359360116474,356.76297,-22.120148,-1.6788504
1359360116675,352.62076,-28.899666,1.1826901
1359360116874,355.28702,-29.588394,1.4584576
1359360117072,350.5245,-24.64065,0.41058725
1359360117274,353.35153,-35.48596,-2.2254794
1359360117475,346.9787,-23.329302,-0.4129676
1359360117673,354.12012,-28.903404,4.572802
1359360117874,344.7582,-14.401886,3.1245844
1359360118073,353.05164,-34.27953,-1.2355808
1359360118279,352.50436,-22.444483,-1.9964396
1359360118474,352.39774,-19.799334,-4.0773897
1359360118676,353.6748,-24.246794,0.53707385
1359360118873,354.49243,-14.933347,-2.9385831
1359360119073,0.1610999,-23.115595,3.0196114
1359360119273,355.03186,-25.37869,-1.7688832
1359360119475,356.50687,-23.913416,-3.530995
1359360119679,351.18076,-28.40154,-2.904761
1359360119901,356.8971,-25.924026,4.3941007
1359360120073,348.42465,-18.260416,2.33886
1359360120272,357.26407,-31.244362,0.32578105
1359360120497,350.7952,-26.277086,-0.1794505
1359360120673,351.5925,-20.041737,-4.145083
1359360120873,350.51718,-28.220768,2.3864155
1359360121073,350.50085,-17.731514,-1.968742
1359360121273,358.23935,-25.207968,1.941608
1359360121504,346.08875,-28.566713,-2.6971178
1359360121674,352.19968,-29.182606,-5.5585694
1359360121873,348.22433,-26.49018,-1.1869359
1359360122073,351.4351,-22.753622,3.392299
1359360122272,346.2703,-24.11494,-0.6791535
1359360122473,351.96725,-30.091988,-0.6544739
1359360122673,347.17267,-21.92378,-1.7442825
1359360122872,352.75784,-23.266315,-5.1037965
1359360123113,340.76114,-21.603344,-5.1741614
1359360123275,349.44012,-26.71308,-3.4530275
1359360123473,345.55887,-23.61629,-2.939874
1359360123673,342.42603,-26.503607,1.2424358
1359360123873,345.91376,-12.246983,-6.7607937
1359360124075,344.78638,-25.72373,-0.93897915
1359360124273,343.75836,-18.881311,-4.9732795
1359360124473,345.34375,-32.887257,-2.2785213
1359360124675,346.5745,-29.517307,-3.745839
1359360124874,338.49216,-26.534163,0.84118676
1359360125105,347.63727,-28.50128,-8.240545
1359360125274,334.66528,-24.504753,-7.352561
1359360125473,344.62018,-30.338194,-5.649053
1359360125673,337.16302,-21.580795,-3.4086175
1359360125873,342.381,-29.63827,-0.5986889
1359360126090,337.5512,-17.219193,-6.508287
1359360126275,342.714,-24.110895,1.3358775
1359360126473,341.7088,-23.765863,-6.4519343
1359360126674,341.56723,-31.98662,-1.6106437
1359360126872,341.38196,-33.09655,-7.3404346
1359360127074,335.88217,-24.366482,-5.2555532
1359360127272,342.57413,-27.591915,-9.945974
1359360127472,333.34326,-23.365057,-8.7336855
1359360127674,341.05847,-28.889732,-5.892719
1359360127873,333.66797,-25.690561,-3.4894042
1359360128097,337.025,-30.154276,-4.4278584
1359360128275,334.79532,-16.23264,-8.789586
1359360128473,335.01385,-27.46824,-2.6809847
1359360128675,339.759,-23.123919,-3.7168002
1359360128873,336.71652,-28.230047,-2.0595274
1359360129117,339.77628,-32.66627,-6.5072517
1359360129274,333.35916,-27.240005,-6.812835
1359360129473,333.86304,-27.458138,-9.785806
1359360129674,338.89548,-25.91858,-2.66795
1359360129873,333.07956,-23.202291,-3.3290303
1359360130092,344.9633,-28.89516,-3.2681947
1359360130274,334.88232,-21.970905,0.59588635
1359360130473,343.23572,-29.935045,-8.542837
1359360130673,333.73227,-24.808968,-3.292268
1359360130874,343.96497,-28.20115,-7.5392213
1359360131088,337.2617,-24.893032,-2.872744
1359360131274,339.55023,-31.709951,-1.573437
1359360131473,343.513,-17.718985,-6.844606
1359360131673,341.7849,-23.1008,-3.4853423
1359360131873,340.97424,-24.50562,-7.269589
1359360132073,342.79965,-35.823364,-2.4904194
1359360132273,344.8918,-28.4979,-7.7015724
1359360132473,342.78088,-28.902563,-2.4113226
1359360132673,348.9197,-34.47776,-12.604124
1359360132875,340.78186,-25.77269,-3.4796565
1359360133072,350.3719,-29.257856,-5.0158887
1359360133273,342.5947,-25.572023,-2.0112402
1359360133473,342.68387,-31.69843,-2.6411219
1359360133673,345.86914,-25.589333,-6.60799
1359360133873,340.3149,-19.848572,-5.3783813
1359360134077,344.03445,-27.904682,-4.1968074
1359360134274,342.37314,-28.008877,-7.287318
1359360134473,348.33844,-27.355919,-3.7384045
1359360134673,347.34012,-23.684656,-3.6510806
1359360134873,353.36252,-27.369688,-9.929373
1359360135074,349.50894,-23.087227,-1.7795589
1359360135273,357.94693,-24.933231,-1.8048112
1359360135473,353.78772,-19.426273,1.1470208
1359360135673,356.99875,-28.40876,-3.7267156
1359360135876,353.45398,-20.95919,-1.9248898
1359360136073,353.04416,-19.784626,-4.0262523
1359360136273,357.79395,-23.055511,2.1674428
1359360136472,352.14984,-19.469887,-2.515679
1359360136673,3.8606548,-24.117254,0.97268134
1359360136873,352.58975,-19.095987,-1.2203743
1359360137073,358.91745,-21.2831,-6.7362385
1359360137274,352.87552,-21.957943,-3.978748
1359360137473,2.0987132,-20.174902,1.848071
1359360137673,353.2785,-18.486895,-1.7877978
1359360137873,0.07381523,-29.186949,-3.2873864
1359360138078,356.20593,-17.821901,-5.5267625
1359360138273,356.79114,-13.939799,-6.3924007
1359360138472,353.31693,-22.320057,-5.269743
1359360138673,355.6517,-18.408964,-6.4662704
1359360138872,0.5996605,-19.195402,-5.127335
1359360139083,344.84674,-21.976486,-11.8335495
1359360139274,358.53918,-26.604822,-10.105443
1359360139472,353.05298,-19.890944,-7.2525635
1359360139674,357.09717,-22.08815,-1.741587
1359360139873,351.87073,-17.77229,-3.8212647
1359360140105,358.625,-28.075417,-5.1730123
1359360140274,354.45715,-21.871548,-5.5499215
1359360140476,351.09726,-20.358824,-7.8366566
1359360140674,357.99152,-22.572693,0.63732874
1359360140873,349.61157,-20.636955,-1.9606974
1359360141102,5.2084475,-28.38652,-2.9161963
1359360141274,353.65353,-24.716887,-3.542219
1359360141475,358.57422,-36.976303,-8.1656685
1359360141673,356.51715,-26.311682,-5.655488
1359360141873,353.9224,-27.236227,0.705018
1359360142126,348.68182,-24.404062,1.1010059
1359360142273,352.93338,-32.99942,-1.2148768
1359360142494,352.1018,-28.81482,-6.4861307
1359360142674,348.98596,-19.845392,-2.232217
1359360142873,343.41138,-28.385344,-7.553851
1359360143073,345.91788,-34.646362,0.30944237
1359360143272,346.7146,-29.874962,-5.670464
1359360143518,342.38724,-33.209778,-1.4396592
1359360143673,347.66052,-26.379118,-6.3720326
1359360143884,339.86987,-27.503052,-5.478489
1359360144073,343.50037,-28.312674,-0.30874395
1359360144272,340.6165,-24.58502,-2.554335
1359360144473,334.91513,-33.937675,-5.7638516
1359360144673,339.02786,-20.14423,-5.477281
1359360144905,333.25467,-27.43866,-3.7324553
1359360145074,344.0808,-21.501776,7.122009
1359360145276,338.1303,-19.90874,2.8766627
1359360145473,344.60666,-29.344429,2.242332
1359360145673,340.60248,-26.203482,-1.6170043
1359360145873,340.811,-23.957298,-4.4349136
1359360146073,341.80612,-25.2182,1.5263149
1359360146287,341.89996,-18.47335,-0.40710914
1359360146473,349.13446,-30.251078,0.0241349
1359360146873,342.93283,-26.274368,-4.896052
1359360147074,337.31918,-23.623768,-4.02787
1359360147335,340.87082,-18.832773,2.9725614
1359360147473,334.4841,-23.341969,-0.9592338
1359360147686,341.51416,-29.737509,-1.3788683
1359360147873,333.0746,-21.345695,-1.8613386
1359360148074,338.3439,-24.894405,-6.6069336
1359360148273,329.71075,-21.865229,-6.7273064
1359360148473,338.66122,-26.871323,-1.009807
1359360148732,331.70898,-26.136799,-2.899032
1359360148873,328.34933,-32.84223,-0.020380432
1359360149080,334.41348,-28.115744,-7.6290684
1359360149274,327.709,-26.087633,-1.5030898
1359360149472,328.0446,-24.787983,-5.900687
1359360149673,327.93857,-40.48738,-0.77599037
1359360149873,329.85596,-29.064833,-6.0363464
1359360150105,326.7103,-27.700024,0.2849895
1359360150274,331.97696,-34.031975,-8.1427555
1359360150477,324.80438,-23.490131,-2.1925285
1359360150673,328.0583,-29.279648,-2.048768
1359360150872,326.06622,-28.874044,0.3869887
1359360151072,321.65604,-31.613022,-2.525546
1359360151273,324.65826,-30.131138,-5.1021323
1359360151474,323.36188,-24.158619,-4.6013174
1359360151673,325.67374,-28.069853,-6.3003545
1359360151872,319.90765,-33.1747,1.0635977
1359360152113,327.70676,-32.596283,-5.4838347
1359360152273,322.63608,-26.98702,0.50836146
1359360152480,326.7207,-36.9652,-8.320514
1359360152673,321.40356,-28.790146,-4.1434326
1359360152872,330.15985,-30.064877,-0.101604246
1359360153073,318.3603,-20.788685,-0.5672039
1359360153273,325.62384,-30.863073,-1.5335656
1359360153495,325.1593,-21.488667,-0.85023856
1359360153674,322.01645,-17.555109,-5.549558
1359360153872,323.32477,-27.096272,-3.3984413
1359360154073,322.78436,-22.117105,-0.6796565
1359360154273,329.86935,-30.546473,-4.2838016
1359360154505,320.42603,-23.068306,-4.132353
1359360154675,325.09793,-25.099588,-7.4691644
1359360154872,321.02594,-25.597595,-5.701453
1359360155073,324.0161,-23.344704,-2.4687712
1359360155273,319.87326,-32.16381,-1.9306827
1359360155473,323.1334,-31.983042,-4.27175
1359360155673,320.37143,-22.755728,0.48276043
1359360155903,322.12558,-20.468363,-5.117626
1359360156073,315.51654,-22.752647,-6.219572
1359360156272,332.41492,-24.439198,-0.96865755
1359360156473,321.48682,-15.800882,-2.4660687
1359360156673,320.65408,-28.728043,-3.2762794
1359360156873,323.26953,-28.60853,-7.6349325
1359360157073,317.52542,-24.076353,-5.196918
1359360157305,323.38647,-27.167322,-5.680178
1359360157474,315.72543,-32.31554,-1.1253163
1359360157672,322.00143,-29.8613,-6.010085
1359360157873,313.97925,-30.772697,-6.5610814
1359360158073,323.03473,-37.24816,-11.605512
1359360158272,315.45456,-27.367552,-8.7448015
1359360158473,322.54907,-29.824327,-1.8164412
1359360158673,313.72717,-18.569004,-1.889598
1359360158873,319.7531,-39.07895,-6.6515393
1359360159073,309.5364,-21.633255,-4.0451264
1359360159273,314.39084,-30.54975,-5.6003
1359360159473,307.83313,-28.177744,-4.2943025
1359360159699,312.14996,-23.72254,-4.7944007
1359360159873,311.03333,-21.611263,-2.950241
1359360160072,311.5119,-22.90806,-2.429191
1359360160273,312.4853,-22.844591,-5.331762
1359360160473,323.39352,-26.63778,-3.0670197
1359360160709,329.94373,-26.103376,-6.1118665
1359360160873,338.08188,-32.1089,-4.9824877
1359360161073,356.34387,-27.011066,-1.8203331
1359360161273,15.527792,-26.378845,-4.5832705
1359360161473,31.22207,-27.743286,-5.8138742
1359360161672,46.24671,-29.790173,-4.7648187
1359360161872,60.389713,-30.810959,-0.9937406
1359360162072,72.98796,-24.085506,-0.69192946
1359360162272,92.401085,-30.823912,-3.8452709
1359360162474,99.80263,-28.025902,-4.1211367
1359360162707,108.7113,-26.486242,-2.2569532
1359360162875,119.537,-24.01524,-3.8289084
1359360163073,126.1085,-22.695684,-3.046274
1359360163273,128.658,-25.393007,-3.7699056
1359360163472,131.61,-24.315367,-3.2485483
1359360163673,130.12967,-25.202093,-1.0736175
1359360163872,128.65474,-26.798216,-0.49706388
1359360164098,129.64168,-26.893059,1.1042317
1359360164272,129.19695,-24.303194,-0.042833827
1359360164472,130.86856,-24.54279,-0.6070589
1359360164673,130.83678,-23.521511,-2.9327943
1359360164872,133.2176,-25.5702,-2.3350685
1359360165102,132.92302,-27.22962,-1.0255085
1359360165272,134.68423,-23.52098,-0.6969398
1359360165472,135.5828,-26.63691,-0.0473981
1359360165673,135.89294,-24.03006,0.012091997
1359360165873,137.38304,-24.22305,-1.7343713
1359360166115,135.85292,-26.949293,-3.7540896
1359360166274,134.60098,-26.993591,2.9548297
1359360166494,135.36742,-26.4924,1.3112975
1359360166673,131.96553,-29.075747,4.8442945
1359360166872,140.18666,-33.78201,-0.08063638
1359360167073,137.77728,-28.234795,4.3701525
1359360167272,139.09027,-32.21897,-7.883211
1359360167507,131.25311,-22.761637,-1.886162
1359360167673,138.02507,-27.013166,2.0208285
1359360167872,134.69487,-26.4828,-0.06888162
1359360168075,131.82603,-26.264444,-2.7428415
1359360168272,136.07803,-22.245857,-8.348108
1359360168473,130.6043,-18.401325,-2.5736923
1359360168673,131.73596,-20.352144,-5.3256006
1359360168906,133.97083,-33.5217,1.1548183
1359360169073,135.73083,-28.959314,-7.1263556
1359360169272,138.87712,-25.602863,-5.2824273
1359360169473,137.80783,-30.48508,-10.018533
1359360169672,134.00356,-27.64129,-8.71318
1359360169873,142.14856,-26.169819,-2.315665
1359360170073,136.48079,-28.756876,-3.4102676
1359360170276,139.24496,-29.183838,-4.716335
1359360170473,134.51506,-13.597617,-10.257255
1359360170672,137.45218,-25.647299,-1.0937068
1359360170873,146.28104,-11.822056,0.74415946
1359360171073,139.37523,-24.831188,1.6858034
1359360171307,145.44269,-25.150293,-0.9231459
1359360171473,139.89505,-15.8397455,1.4936457
1359360171674,143.90779,-16.71223,-8.012286
1359360171873,145.2855,-19.72228,1.5250059
1359360172072,150.45976,-12.2517605,2.7585936
1359360172273,159.67181,-18.345482,-1.0526745
1359360172473,150.46683,-16.910326,5.69358
1359360172674,156.09448,-29.4247,7.261971
1359360172873,151.28044,-11.885011,1.0685647
1359360173072,151.37291,-35.590553,7.32356
1359360173273,153.076,-19.912584,4.836773
1359360173473,154.9029,-33.123047,2.648158
1359360173723,153.9685,-16.538124,-6.5864635
1359360173872,154.07758,-24.40556,-1.7915407
1359360174082,158.24821,-18.827799,3.2067964
1359360174273,154.60332,-25.619497,-0.03465211
1359360174472,160.06148,-27.763605,-3.822702
1359360174673,153.99586,-15.862024,0.64199275
1359360174873,153.1335,-19.98031,-4.3598533
1359360175114,151.22205,-17.904154,0.1162153
1359360175272,153.80595,-13.620759,-1.1611292
1359360175472,154.26427,-19.398348,0.6315291
1359360175673,147.26378,-17.657423,1.0753202
1359360175873,153.45569,-20.717482,-4.6036825
1359360176073,149.23938,-19.492823,-0.30284342
1359360176273,155.03531,-20.461151,0.5696655
1359360176472,147.95938,-20.020905,2.5888393
1359360176673,152.80382,-28.352633,0.2619899
1359360176873,149.72064,-24.389275,-1.2146765
1359360177123,146.49997,-15.778026,-1.8979703
1359360177273,143.87329,-20.498156,0.81214947
1359360177476,142.80638,-33.640877,2.6285806
1359360177673,146.09413,-30.112974,-1.0906752
1359360177872,138.89986,-21.361881,0.022660002
1359360178073,143.035,-27.519836,-4.944677
1359360178274,143.10043,-21.420835,2.067068
1359360178518,138.17046,-15.553432,-0.50263196
1359360178673,148.84357,-26.303429,0.22252296
1359360178873,135.44746,-19.202969,2.1343505
1359360179073,139.4341,-29.771772,-5.988961
1359360179273,131.83873,-20.839321,-2.1365306
1359360179507,133.66005,-27.190708,4.570871
1359360179673,133.9032,-25.988338,-1.0243096
1359360179874,129.47165,-23.317257,-2.4600987
1359360180072,129.77505,-14.798742,-1.329922
1359360180271,126.88882,-26.54708,0.40732598
1359360180509,132.76117,-17.317295,4.606282
1359360180673,125.69872,-18.11029,2.7538016
1359360180878,134.20763,-29.269178,1.1786407
1359360181073,126.771706,-28.299212,-1.0371646
1359360181272,129.80121,-22.085714,-2.2761612
1359360181473,123.53814,-26.189821,-3.330661
1359360181672,123.55542,-33.674004,1.529291
1359360181916,124.44429,-28.087996,-2.56729
1359360182073,122.86648,-21.138157,3.9287093
1359360182283,125.036964,-25.786043,-6.1150837
1359360182473,121.9576,-21.352743,-1.3543782
1359360182672,126.56713,-26.383366,-0.06924532
1359360182873,123.55464,-20.887186,1.9389558
1359360183073,125.28104,-22.954966,1.7997093
1359360183321,124.18061,-21.145336,-4.0604887
1359360183473,125.18375,-20.429764,0.065026835
1359360183673,122.55382,-19.968248,0.37513375
1359360183873,121.317856,-35.331665,-0.51436883
1359360184073,123.713615,-37.29637,-3.634917
1359360184273,123.07745,-20.084723,-3.3061743
1359360184473,123.09931,-30.08621,-7.455254
1359360184706,125.13574,-26.862854,-1.3235259
1359360184873,125.45945,-18.266886,-2.4455657
1359360185091,126.547775,-30.612837,-0.2494393
1359360185273,116.7098,-23.525446,-0.84219676
1359360185472,121.39089,-39.819122,-6.4634757
1359360185673,115.95236,-26.59002,-2.785505
1359360185873,114.04036,-25.159075,1.3267257
1359360186085,111.450294,-20.984531,0.38540745
1359360186273,112.423965,-23.022066,0.7879376
1359360186473,115.35058,-22.457819,-0.695659
1359360186673,114.40102,-17.421242,-2.2157755
1359360186873,110.32932,-22.973059,-0.76929694
1359360187109,110.722305,-34.64381,2.0390995
1359360187273,115.48305,-28.669249,-4.727313
1359360187473,107.72829,-20.923483,2.535792
1359360187672,112.86908,-29.503044,-6.870076
1359360187872,103.02029,-21.740774,-7.432295
1359360188074,114.3235,-25.236486,-2.0331872
1359360188273,102.260414,-24.527512,-2.8310535
1359360188472,100.132744,-26.655582,-7.5316133
1359360188673,106.69286,-25.459015,-6.256829
1359360188872,103.03385,-25.38793,-2.2079446
1359360189073,103.27198,-18.760649,3.1400342
1359360189272,104.32951,-38.359226,1.8045886
1359360189525,105.75781,-29.213182,-5.146288
1359360189673,103.87521,-26.907907,-2.0019004
1359360189872,103.34948,-25.584003,-9.154301
1359360190073,98.17906,-21.807463,-1.4516858
1359360190272,101.823685,-23.436789,-2.6473978
1359360190473,101.19655,-22.510038,0.95886415
1359360190673,96.04522,-24.671656,-4.5990005
1359360190886,98.26959,-27.071547,-1.5375296
1359360191073,92.171745,-28.352121,-2.840632
1359360191272,99.218735,-26.572706,5.4642925
1359360191473,92.560196,-24.518448,0.728607
1359360191672,97.34172,-32.640575,1.6940708
1359360191912,94.1599,-27.508158,0.9108603
1359360192073,95.000854,-19.88636,-2.0307598
1359360192272,92.22776,-27.600706,-1.1770277
1359360192473,90.7606,-27.85678,1.5467486
1359360192672,96.18342,-30.904917,-3.1728554
1359360192873,91.91762,-27.70069,-2.4963243
1359360193072,94.62672,-29.449347,-9.451243
1359360193295,88.92083,-25.224527,-4.1889687
1359360193473,99.11209,-25.425102,1.6795499
1359360193672,92.42372,-23.266562,1.2557616
1359360193873,93.3439,-30.80644,1.8622118
1359360194072,91.183464,-25.29825,-4.962903
1359360194273,90.4186,-23.31014,-1.0907061
1359360194472,87.86608,-21.910177,-1.004184
1359360194697,90.592064,-32.823097,2.8633718
1359360194873,90.7482,-25.013756,-3.005101
1359360195072,92.77061,-27.915415,-0.3323222
1359360195273,92.69135,-30.138405,-6.7123375
1359360195472,90.7998,-24.043167,-2.1933677
1359360195726,94.68287,-26.392967,3.1456206
1359360195873,92.21966,-26.740044,0.22924824
1359360196095,93.573296,-24.668892,2.4988759
1359360196273,94.16354,-21.35756,-2.2354887
1359360196472,93.53983,-23.360266,-2.1990156
1359360196673,93.41426,-22.923126,-2.5359712
1359360196872,92.8551,-34.735714,2.1316197
1359360197117,93.48336,-26.390469,-5.3622007
1359360197273,90.2745,-26.453375,1.2426618
1359360197475,89.62342,-26.464622,-5.5038714
1359360197673,89.538025,-25.101973,-1.7636778
1359360197873,90.20827,-27.060606,1.9112536
1359360198073,92.02391,-26.235432,-1.9023846
1359360198273,89.78788,-22.679201,-1.0616361
1359360198511,87.92714,-16.660116,-1.5002302
1359360198673,90.46765,-18.689178,-2.2385876
1359360198872,87.18806,-20.74294,-1.6782773
1359360199073,87.00592,-34.137295,-0.3899402
1359360199272,88.50673,-26.485853,-3.371872
1359360199508,86.56218,-23.946815,5.205235
1359360199673,87.41998,-29.120983,-5.327768
1359360199881,86.187256,-22.1764,-1.6833862
1359360200073,90.46731,-27.98681,0.8022036
1359360200272,84.87186,-18.321966,0.40369397
1359360200473,91.83381,-26.408596,1.7407144
1359360200676,87.594025,-19.554354,-2.3978846
1359360200903,88.13697,-18.866796,-1.3781636
1359360201073,89.98215,-24.720472,-4.7973547
1359360201272,87.232025,-29.949827,-2.400829
1359360201473,91.22569,-24.997929,-5.727491
1359360201672,88.61007,-22.70721,2.1996963
1359360201873,90.00625,-33.46673,-5.5397778
1359360202073,88.30258,-22.112606,-4.74553
1359360202274,85.30251,-28.191143,0.034052763
1359360202475,82.31719,-22.238897,-0.16436447
1359360202672,85.45643,-25.153,-2.70015
1359360202873,85.597374,-12.440809,-1.191417
1359360203073,85.19841,-18.15464,-1.506886
1359360203316,90.372665,-21.74555,-0.14432119
1359360203473,90.462326,-36.141724,3.0994751
1359360203681,93.1247,-26.356682,-2.3547359
1359360203873,93.62955,-32.04657,-1.4482275
1359360204072,93.14883,-24.341753,-1.5226804
1359360204273,91.74497,-27.292776,-2.0438242
1359360204473,91.152405,-27.173576,3.1298158
1359360204723,89.97534,-28.292149,-1.530772
1359360204875,88.827034,-32.637978,-0.6797222
1359360205072,87.88677,-25.726034,-3.2101219
1359360205273,86.88547,-24.60352,-1.8175689
1359360205473,95.828674,-28.38235,2.878602
1359360205725,85.27442,-25.370804,3.4170601
1359360205873,87.62653,-38.624504,-2.6766236
1359360206072,86.82775,-29.946707,-4.864524
1359360206273,81.49161,-23.362608,-3.1037743
1359360206473,83.4478,-30.120344,2.3809018
1359360206717,78.4466,-22.13259,3.9715466
1359360206873,83.48938,-27.017672,-1.0373499
1359360207081,72.44077,-23.842876,3.3106105
1359360207273,75.58386,-34.82011,-2.675352
1359360207472,74.09116,-25.65118,-1.9529004
1359360207673,72.39959,-29.32066,4.597951
1359360207873,69.36729,-30.927397,3.180209
1359360208126,72.85403,-30.969894,0.24046007
1359360208273,72.70863,-20.072046,-0.40142885
1359360208479,68.20371,-20.677074,-1.7910023
1359360208673,70.50711,-21.868853,-0.6879089
1359360208873,68.06509,-23.82676,1.2273773
1359360209073,67.20791,-26.843662,-3.1447406
1359360209273,61.29306,-26.29773,1.2161015
1359360209508,62.366077,-36.00803,-2.8051028
1359360209673,62.845913,-25.53103,-5.0843844
1359360209872,55.37654,-31.899443,-2.089896
1359360210072,56.285988,-27.840038,-0.25779697
1359360210273,54.073715,-23.593119,-1.9213892
1359360210529,52.174232,-24.601614,-1.8819325
1359360210675,53.926605,-24.457283,-1.5221268
1359360210872,52.677483,-25.675684,-2.5032568
1359360211092,52.705124,-26.89355,-2.7660167
1359360211272,58.40446,-26.59917,-3.2596114
1359360211519,69.370865,-26.310705,-1.5290875
1359360211672,86.59401,-26.530752,-2.7024581
1359360211882,109.82971,-26.728249,3.214206
1359360212072,132.38614,-25.357119,2.532033
1359360212273,162.13826,-25.31625,5.538666
1359360212473,183.74815,-24.291765,7.1250286
1359360212673,207.21196,-22.822649,3.4580965
1359360212883,226.13023,-26.63952,-2.791492
1359360213076,233.99939,-23.489153,-4.0940733
1359360213275,240.43163,-26.886082,-5.4600577
1359360213472,239.1012,-21.552246,-6.8061757
1359360213672,236.64407,-27.51862,-4.2256546
1359360213873,236.66942,-26.739582,-2.8374074
1359360214072,238.69211,-22.963682,-2.555567
1359360214306,238.18251,-22.736374,-0.67138547
1359360214473,238.66449,-24.088577,-1.7386001
1359360214672,238.77554,-24.105295,-2.374952
1359360214878,239.70901,-22.417492,-4.4518795
1359360215072,236.09491,-25.870703,-4.398455
1359360215272,236.62674,-29.300013,-1.4696577
1359360215472,231.30359,-26.89439,1.4651474
1359360215699,229.0638,-29.22109,-0.8477949
1359360215873,227.77435,-26.451876,0.22159752
1359360216073,234.67421,-26.963713,-6.228783
1359360216272,230.95059,-19.086178,-4.763134
1359360216472,229.30162,-24.008001,-4.2327175
1359360216673,236.11688,-25.326435,-0.4442946
1359360216872,232.3977,-22.660786,-3.6100798
1359360217100,231.73578,-23.704317,-3.9368112
1359360217273,236.34616,-19.672235,-4.1140323
1359360217473,236.89856,-20.491917,-2.6556013
1359360217673,237.27185,-21.350298,2.8449576
1359360217872,233.96259,-32.59207,2.2898424
1359360218116,239.7999,-30.500788,-5.2539964
1359360218273,225.50488,-17.020487,-0.104927994
1359360218476,227.5016,-25.221643,-3.5360875
1359360218673,226.75687,-15.261199,1.1787577
1359360218872,228.24792,-20.032333,4.4634976
1359360219073,230.22678,-21.800327,1.9841021
1359360219273,219.60051,-21.990723,0.4649083
1359360219487,228.40245,-19.43273,-5.428301
1359360219673,221.96275,-22.108383,-1.1033478
1359360219872,227.20287,-19.4536,5.6978045
1359360220073,223.0217,-28.34828,3.7974265
1359360220272,223.70528,-30.640882,-3.2164044
1359360220499,220.74344,-20.98463,-0.29682937
1359360220673,216.01729,-24.881498,-4.2710834
1359360220872,219.40001,-22.411657,0.15357785
1359360221073,216.63577,-23.459337,2.3877769
1359360221273,221.26735,-26.672691,-1.6025848
1359360221522,210.22345,-23.637503,0.34203866
1359360221673,218.53986,-36.168995,-4.7260723
1359360221879,208.58406,-25.441776,0.60864615
1359360222073,212.89117,-28.904947,3.4450297
1359360222273,206.70215,-20.678633,3.0249403
1359360222473,212.33644,-28.523825,2.0228035
1359360222672,211.74762,-21.203402,-1.8166083
1359360222891,207.38101,-19.942965,-2.2240531
1359360223073,210.20241,-26.564623,-3.8975506
1359360223273,205.44226,-37.136665,1.987925
1359360223473,208.33186,-29.713863,-5.5205874
1359360223673,204.79547,-26.709442,3.3860455
1359360223909,205.93008,-34.871105,-3.5561774
1359360224073,204.7898,-20.985033,-3.1526473
1359360224283,206.35551,-28.362614,4.0117426
1359360224473,203.58632,-23.099714,-0.81328595
1359360224673,203.17224,-29.746012,1.6863545
1359360224873,202.87198,-21.175962,-7.979743
1359360225072,200.04459,-20.871613,-0.43398258
1359360225272,202.8105,-20.827703,2.383301
1359360225473,199.10335,-33.826027,-0.38302273
1359360225672,198.31721,-29.989613,-4.2942014
1359360225873,197.1926,-30.255808,-2.6201193
1359360226072,193.16307,-22.996162,-5.5900908
1359360226295,193.03256,-22.79607,3.1687143
1359360226473,193.46349,-19.94128,0.8822582
1359360226673,195.665,-22.241243,-0.011341742
1359360226873,187.92274,-20.193579,-0.7889679
1359360227072,194.37787,-28.93636,-2.6592958
1359360227322,186.30067,-23.145723,-2.9427
1359360227473,191.82478,-25.206318,8.02835
1359360227699,185.98654,-18.734184,1.5719421
1359360227873,187.80098,-24.309229,0.18442845
1359360228074,187.94824,-19.034803,-0.91611713
1359360228273,184.05264,-17.832867,-2.1230927
1359360228472,189.47733,-23.752998,-0.7427872
1359360228721,183.82623,-19.46352,0.7775616
1359360228873,186.34938,-28.87173,-2.7580361
1359360229098,182.98991,-19.459412,5.728154
1359360229273,184.24571,-29.795246,-2.7839339
1359360229472,177.43744,-17.907425,3.393032
1359360229673,183.39488,-28.713009,6.2865415
1359360229872,180.19016,-26.211857,0.35578525
1359360230073,182.33058,-27.290068,1.1612419
1359360230287,182.34505,-21.954842,-4.4762244
1359360230491,181.78415,-24.75443,0.12871243
1359360230673,183.03854,-24.216763,7.547526
1359360230874,182.93866,-26.09873,2.436456
1359360231073,181.8271,-23.51723,-0.18762209
1359360231272,179.83269,-24.096952,1.1925303
1359360231531,178.80525,-21.201769,-1.9994737
1359360231673,179.97891,-24.915783,4.559871
1359360231881,178.3489,-20.853296,1.1888523
1359360232073,181.18163,-28.907778,-0.49260172
1359360232273,172.98483,-22.180283,1.0303634
1359360232473,178.1989,-28.794058,-3.6127355
1359360232673,172.87498,-21.182657,-1.7211933
1359360232874,176.36247,-27.24401,7.741768
1359360233073,170.94952,-25.238821,1.4403586
1359360233282,173.94833,-30.332088,-3.087816
1359360233473,174.2468,-28.42382,-0.19124317
1359360233672,170.95279,-23.319786,-3.1714604
1359360233873,172.54266,-27.395441,-1.2816011
1359360234072,168.92618,-24.221434,0.3225213
1359360234304,170.37038,-29.049702,-4.397708
1359360234473,167.01689,-27.511637,1.7284181
1359360234676,168.23041,-39.631798,-3.6466687
1359360234873,168.34067,-23.936483,0.019745009
1359360235072,167.78487,-28.194895,4.3602138
1359360235274,168.182,-29.365002,1.1368779
1359360235472,170.75537,-28.45191,0.6201503
1359360235698,172.08617,-29.766232,-2.3028588
1359360235873,169.28513,-22.848991,-2.8806899
1359360236076,171.06245,-27.991938,1.6912066
1359360236273,168.67249,-22.499521,-1.8424516
1359360236472,170.52654,-24.211838,-2.1949196
1359360236715,168.36282,-25.798698,1.5229298
1359360236873,168.39113,-37.258667,-4.3601956
1359360237073,165.96523,-21.309317,-1.2235235
1359360237273,170.50558,-30.63762,4.578644
1359360237472,166.53409,-23.139376,1.9358112
1359360237721,169.4035,-25.662954,-1.6093311
1359360237873,170.82072,-26.154253,-1.4674661
1359360238075,170.91132,-24.625078,-4.968553
1359360238273,168.58055,-24.438097,2.396629
1359360238472,169.08113,-23.053217,0.38456735
1359360238727,168.61853,-24.105825,2.1796513
1359360238873,163.22159,-28.019564,-4.9260225
1359360239077,164.30507,-24.94714,-5.2111754
1359360239273,163.38394,-28.433836,-4.489461
1359360239474,166.58865,-23.412266,3.355503
1359360239673,166.45558,-33.134274,1.4343994
1359360239872,167.68202,-33.771526,-3.4934454
1359360240128,166.04633,-31.622002,-2.6871824
1359360240272,164.7104,-24.55193,-4.873232
1359360240474,164.30717,-24.721176,-2.075015
1359360240673,162.83102,-25.068506,-0.431189
1359360240872,162.81369,-27.631119,-3.412106
1359360241073,157.44919,-30.478537,-6.536655
1359360241273,158.8193,-29.380138,-7.076045
1359360241508,154.51631,-33.798996,-5.6043572
1359360241673,158.48483,-24.065884,3.6416035
1359360241873,155.40959,-32.12527,0.7086898
1359360242073,156.5121,-29.171202,-1.5066648
1359360242272,154.66545,-28.818274,-1.2737353
1359360242473,153.17542,-24.135681,-3.3401287
1359360242672,152.96933,-27.225632,2.132057
1359360242903,152.35086,-19.532583,-0.8687023
1359360243073,155.22104,-25.181244,1.0391753
1359360243272,148.02368,-22.064941,-0.9756309
1359360243473,152.26244,-30.031754,-3.6261837
1359360243672,147.8455,-24.567032,-4.3703985
1359360243873,146.53198,-28.52434,5.4972224
1359360244073,143.74353,-25.6829,1.4876895
1359360244291,145.72838,-25.54926,1.7591995
1359360244473,147.27602,-25.940601,0.7203221
1359360244675,142.45857,-19.977585,-1.2001399
1359360244873,145.3563,-28.009933,3.1318216
1359360245072,143.33429,-22.513659,0.88538265
1359360245273,144.2372,-27.011381,-0.02479273
1359360245473,137.87825,-22.630373,1.1723356
1359360245694,142.33496,-27.501598,-2.677963
1359360245873,136.0171,-24.356215,-1.684311
1359360246073,137.97128,-28.691238,1.6050969
1359360246273,136.44267,-22.069868,-0.38776127
1359360246472,138.57274,-25.50973,-1.4709575
1359360246719,138.81644,-26.1597,-3.0883381
1359360246873,136.74379,-20.738186,-1.803446
1359360247091,138.79031,-26.217415,-3.0325594
1359360247273,135.93527,-25.445066,0.49668822
1359360247473,133.40843,-28.993324,-5.9926257
1359360247673,133.7076,-26.143904,-0.2126977
1359360247872,132.97577,-30.502003,-5.7537274
1359360248124,132.46552,-21.430265,-0.9202904
1359360248272,134.6296,-26.00802,1.6827375
1359360248472,132.31389,-21.551174,-0.56336224
1359360248673,134.90927,-27.542196,-1.5542287
1359360248872,132.85542,-26.354475,-5.521315
1359360249073,132.39111,-23.925943,-2.0773602
1359360249273,132.66525,-22.582413,-1.8975812
1359360249492,131.27228,-26.238995,0.5057146
1359360249673,128.9394,-26.213882,-5.463043
1359360249873,125.941086,-27.372198,1.1033297
1359360250074,127.42988,-32.967243,-4.7325563
1359360250273,124.78015,-22.032698,-0.28527772
1359360250490,129.98996,-30.08946,1.9561815
1359360250673,126.3511,-21.485792,0.23228937
1359360250872,129.66454,-28.241182,-4.31644
1359360251073,129.51477,-33.411205,-3.2939868
1359360251273,129.47513,-25.21503,-3.1474743
1359360251490,130.28468,-27.864143,0.693533
1359360251673,126.115074,-21.70891,-0.3519149
1359360251872,131.14069,-28.421825,-2.4522128
1359360252073,126.86935,-25.34569,1.3309736
1359360252272,130.06686,-33.958954,-4.2690244
1359360252486,125.99082,-21.249903,-1.6282707
1359360252673,126.245316,-26.711628,6.0283484
1359360252872,124.400665,-26.93779,2.5650067
1359360253073,124.41426,-27.12914,-3.4989667
1359360253272,126.96128,-27.185492,-1.1263604
1359360253472,121.46157,-25.660818,-3.4619844
1359360253673,123.189804,-23.560225,2.4111993
1359360253874,122.94205,-22.789625,-1.2845683
1359360254073,123.2463,-28.68588,-2.3534355
1359360254272,116.71129,-25.688477,-2.7949412
1359360254473,120.39115,-32.518944,-6.3082347
1359360254673,118.94668,-21.073698,-2.3930569
1359360254906,116.62693,-25.899807,2.544843
1359360255073,117.59737,-22.460077,0.7083274
1359360255272,118.56174,-24.06647,-4.129145
1359360255473,118.76886,-28.043985,-1.8850627
1359360255672,116.945656,-20.552582,-4.689164
1359360255893,113.92948,-22.927877,2.4032094
1359360256073,113.47243,-22.581842,-3.748169
1359360256272,111.673256,-29.949974,-2.5464342
1359360256473,107.75215,-26.022232,-5.4751916
1359360256672,109.86865,-29.270178,-4.7641425
1359360256873,108.5476,-22.269203,-2.074513
1359360257073,109.822586,-25.944633,1.673227
1359360257312,107.07957,-24.51231,0.7569913
1359360257473,109.39186,-25.92971,-5.021179
1359360257678,110.38673,-25.423244,0.12791331
1359360257873,109.32819,-22.189611,-3.5033545
1359360258072,108.26224,-21.263475,-3.6307702
1359360258273,111.32208,-24.15917,0.30947483
1359360258473,107.554855,-24.313776,-1.9921683
1359360258679,109.61828,-21.881817,0.88066566
1359360258873,112.39644,-24.425755,-1.7765652
1359360259072,109.19171,-26.526983,-0.5581222
1359360259273,115.12345,-26.94686,-1.0646136
1359360259473,112.135574,-31.323135,2.9107075
1359360259713,117.59693,-23.053576,-4.1287284
1359360259873,105.158676,-26.14966,-4.4041443
1359360260072,111.82823,-28.619385,-0.76373863
1359360260273,104.59827,-18.922546,-0.90598285
1359360260472,107.693436,-20.648495,-1.9123062
1359360260672,106.58176,-19.857452,0.107235715
1359360260905,103.707794,-19.26434,-0.23741718
1359360261092,102.48928,-20.619276,-0.39641365
1359360261273,104.791046,-21.491827,-1.6194265
1359360261472,108.684525,-22.124136,-1.6143903
1359360261673,116.89934,-21.420084,-1.166349
1359360261873,127.63577,-22.3522,-0.77440226
1359360262116,146.27429,-26.340593,2.8037834
1359360262272,167.93379,-26.961428,4.9459753
1359360262472,197.04507,-24.016317,2.4037952
1359360262672,224.72736,-20.991861,-0.53997195
1359360262872,248.55463,-18.36384,-0.87995166
1359360263073,265.43835,-17.08372,-1.7352074
1359360263273,277.13504,-18.115377,-3.5161915
1359360263495,290.87177,-21.947258,-1.6706407
1359360263673,293.0685,-21.942123,-5.490125
1359360263872,289.72168,-22.675558,-7.2961364
1359360264072,292.90033,-24.33409,-6.0452337
1359360264272,295.1885,-23.497364,-5.4110847
1359360264522,293.0431,-25.211737,-3.9276006
1359360264672,292.67007,-24.63832,-4.2422147
1359360264873,292.58047,-25.59992,-3.8701518
1359360265073,292.35553,-24.053959,-3.572173
1359360265272,292.51038,-24.649158,-3.3752072
1359360265514,292.86615,-23.95088,-2.9404843
1359360265673,293.7317,-23.557076,-2.1033373
1359360265891,292.97382,-23.894321,-4.1898155
1359360266080,294.04297,-25.982899,-4.10873
1359360266273,295.0126,-27.244652,2.689986
1359360266472,291.77133,-24.604809,0.4335462
1359360266672,293.1095,-28.923042,3.6154995
1359360266896,290.1242,-23.780756,-0.02891817
1359360267074,291.1653,-28.902256,-3.3388743
1359360267272,290.45816,-23.2544,-5.341451
1359360267476,286.88855,-24.49385,2.2684014
1359360267672,286.2326,-27.22387,-1.1142329
1359360267873,286.7292,-28.1281,-2.6313567
1359360268072,275.51376,-22.725235,-1.3666644
1359360268324,284.86673,-22.278185,-6.7112937
1359360268475,275.4561,-25.013773,-3.3555481
1359360268681,275.38898,-19.810118,0.62972796
1359360268876,275.74863,-33.077663,2.2813325
1359360269072,275.95425,-23.655256,-3.7588315
1359360269275,273.48047,-23.678677,-0.102008946
1359360269476,273.1988,-21.113485,-5.5527167
1359360269725,271.63846,-22.935452,2.9488223
1359360269876,268.703,-25.85665,-0.14570175
1359360270076,271.89294,-28.36547,-2.5112846
1359360270276,259.33755,-27.065956,-3.010826
1359360270473,265.7429,-31.586985,-1.484909
1359360270676,262.4815,-19.673597,-3.0147421
1359360270875,266.77777,-25.611204,4.533595
1359360271170,262.03412,-19.213402,1.7851933
1359360271272,264.91156,-28.012648,-2.3143518
1359360271507,264.85583,-23.269156,-1.5158393
1359360271913,257.59766,-23.24201,0.50200903
1359360272077,259.6101,-25.884886,1.8190801
1359360272272,264.04468,-25.427107,-4.9469857
1359360272476,259.21732,-26.798286,4.674631
1359360272673,260.46402,-35.06102,-6.682058
1359360272919,256.24213,-20.401102,-5.341037
1359360273073,248.58365,-29.660572,-0.22209528
1359360273291,249.61578,-23.362797,3.2225695
1359360273475,247.14359,-24.35571,4.382275
1359360273673,242.87256,-16.610626,-2.0453553
1359360273875,248.84296,-23.226564,0.6442891
1359360274074,247.3724,-23.793917,1.4436955
1359360274325,249.1081,-33.676353,4.4486923
1359360274475,250.85773,-26.01267,-2.6904535
1359360274696,255.32962,-29.606232,-2.502999
1359360274876,250.3279,-27.68225,-6.249559
1359360275072,253.443,-26.982351,1.6731123
1359360275275,253.74396,-18.21351,0.4703851
1359360275473,258.90817,-25.63428,2.2652845
1359360275718,244.02118,-30.604284,-0.10353976
1359360275873,249.14413,-38.311306,-4.1180506
1359360276091,242.93054,-30.352207,-4.5213904
1359360276274,238.93571,-30.996187,1.4099377
1359360276472,238.55496,-27.848885,1.2805811
1359360276673,240.62555,-29.445154,1.7229573
1359360276873,236.5942,-28.055473,-0.52163476
1359360277095,238.16333,-22.062033,-2.5032058
1359360277274,235.9122,-30.14219,-5.6426096
1359360277472,235.55997,-29.354448,4.4160433
1359360277673,235.69876,-30.062431,-5.1508102
1359360277873,235.9379,-27.086725,1.371709
1359360278117,234.31323,-24.915615,-3.770425
1359360278274,235.98245,-23.082623,-0.9221579
1359360278473,238.89935,-26.614195,3.4703913
1359360278674,238.34955,-23.764874,0.39218995
1359360278872,240.4201,-33.31325,5.7223525
1359360279123,235.07748,-20.666592,-7.323608
1359360279274,236.95303,-26.932314,0.40245345
1359360279495,239.20625,-21.877108,4.0420575
1359360279674,234.92912,-28.516129,4.7178097
1359360279873,242.69754,-26.319016,3.076833
1359360280074,241.31696,-24.343994,-0.7120331
1359360280273,241.82233,-25.031654,-5.566725
1359360280517,242.57077,-24.801792,0.23679991
1359360280674,248.46844,-16.136265,1.6001022
1359360280892,249.04451,-23.765867,0.34124082
1359360281075,241.31967,-25.072287,-1.4274976
1359360281272,246.90482,-25.171238,-4.0332036
1359360281473,240.63077,-26.036047,-3.811614
1359360281673,244.52643,-23.701538,4.3883796
1359360281904,241.09436,-23.402699,2.8865142
1359360282074,242.4337,-27.368254,0.7824747
1359360282272,238.95917,-22.638874,0.51177156
1359360282473,237.77917,-24.81516,-0.82451594
1359360282673,238.66248,-25.162628,1.278187
1359360282873,232.61862,-23.652151,4.0823536
1359360283073,240.47827,-26.012138,-0.9156128
1359360283298,232.56734,-22.696297,5.0869803
1359360283474,235.36826,-29.259392,-2.8785398
1359360283672,232.3284,-21.425297,-1.7446252
1359360283874,231.70903,-25.164892,3.4077458
1359360284073,231.19974,-20.378902,1.4415354
1359360284326,233.48367,-27.096258,1.9382029
1359360284473,228.10281,-25.737457,-3.7225676
1359360284698,229.26067,-26.513805,-3.9884043
1359360284874,227.46112,-25.26227,-3.7374492
1359360285072,227.25668,-25.173206,1.9354056
1359360285273,228.82587,-23.820131,-2.0224512
1359360285473,226.59381,-27.941816,1.2685261
1359360285729,226.42905,-27.591652,-5.2096553
1359360285873,230.08357,-24.942123,-3.9153087
1359360286095,230.52135,-21.890017,-3.0867224
1359360286274,228.7398,-20.76119,1.9449798
1359360286472,228.90308,-25.442451,-0.8390676
1359360286672,227.63072,-23.856665,-3.6007779
1359360286873,224.08353,-20.657589,-4.310483
1359360287131,225.08917,-28.009089,-8.277067
1359360287271,226.48735,-18.153133,-1.0303887
1359360287473,227.07106,-20.972267,-3.6012163
1359360287673,222.87524,-27.987278,1.0710155
1359360287873,224.40546,-27.827732,-5.189921
1359360288073,220.03716,-23.596445,-5.7388487
1359360288273,222.49728,-24.942047,0.8932601
1359360288498,219.8171,-21.233135,-1.4875454
1359360288674,217.75856,-26.255625,-0.4925105
1359360288872,219.88861,-25.715775,-6.3727555
1359360289073,217.06718,-23.457964,-4.641288
1359360289272,217.4727,-28.12011,-6.336326
1359360289473,215.92908,-22.335901,0.4518879
1359360289673,219.04,-24.37454,-3.9456246
1359360289897,215.10379,-25.48329,-0.9039097
1359360290074,215.38033,-24.124397,-5.056336
1359360290272,213.55357,-21.010458,-7.1049004
1359360290473,215.78897,-25.781185,0.33850443
1359360290673,213.63095,-22.999779,-1.0447282
1359360290918,215.20683,-29.05607,3.0697236
1359360291073,213.8547,-22.662588,-6.1636047
1359360291298,213.85574,-21.974531,-0.08036873
1359360291474,212.99722,-26.407423,-3.343831
1359360291672,213.41185,-29.601988,0.80390465
1359360291873,215.10818,-26.293371,-3.7861135
1359360292073,214.3836,-25.428751,3.6321397
1359360292346,214.44093,-29.886734,-3.9589522
1359360292473,215.20123,-20.989958,-2.5011873
1359360292689,217.11017,-27.154293,0.05590596
1359360292874,214.43192,-23.35301,0.6114181
1359360293072,214.01279,-26.544422,-2.1731355
1359360293273,213.02264,-24.142996,-1.6558124
1359360293473,213.20436,-17.409393,-1.4782002
1359360293723,212.15019,-25.181648,-2.9878013
1359360293874,211.27165,-17.0083,1.2252333
1359360294073,215.0018,-23.013441,-1.9161398
1359360294273,212.50352,-24.933039,4.201144
1359360294473,211.33464,-24.662405,-3.9205527
1359360294709,208.59006,-22.573915,-3.657588
1359360294874,208.70195,-26.530075,3.316031
1359360295082,206.13986,-25.8489,-0.6842219
1359360295274,207.40948,-30.192104,1.7830496
1359360295472,208.48524,-21.487501,-7.955821
1359360295673,205.246,-24.322256,-2.998941
1359360295873,206.00058,-24.66785,-4.49986
1359360296096,208.76653,-35.01956,0.20778592
1359360296273,206.87595,-25.480618,-3.4819262
1359360296472,214.59952,-28.34765,-1.2885247
1359360296673,213.09723,-27.757729,-6.150236
1359360296873,214.47264,-21.241829,-5.706464
1359360297127,216.70071,-19.404524,4.010355
1359360297274,212.79648,-20.442944,-0.98207104
1359360297479,212.50325,-27.553146,1.5803053
1359360297674,214.02249,-23.472599,-3.3353865
1359360297872,210.7551,-22.525387,-1.2117054
1359360298073,212.28053,-26.307346,-4.638374
1359360298273,212.41402,-26.68267,2.1115797
1359360298515,211.63849,-26.988098,-3.7074258
1359360298674,210.96567,-25.165792,1.2806066
1359360298873,211.51247,-27.227606,-3.387413
1359360299073,210.34476,-20.513565,-4.1419373
1359360299273,210.2773,-24.869202,5.2821517
1359360299510,208.91576,-20.850698,-0.7500296
1359360299673,202.9841,-28.74862,-1.044214
1359360299872,208.70667,-29.492092,-4.4546027
1359360300073,202.42589,-24.048845,-4.251605
1359360300273,203.83524,-28.684181,-0.53880185
1359360300510,202.07774,-22.805674,1.6682221
1359360300673,205.71843,-25.377518,-0.564132
1359360300872,197.83864,-24.369602,-0.93287975
1359360301073,203.03363,-25.725687,-3.2286754
1359360301272,198.91862,-21.676989,-2.358044
1359360301473,199.03333,-24.90516,4.23264
1359360301673,198.16513,-22.04955,0.82387066
1359360301902,199.79591,-27.90757,0.10189965
1359360302074,202.04507,-21.790127,-3.1626842
1359360302273,194.66846,-20.52511,-3.9540548
1359360302473,198.14293,-25.419737,1.733432
1359360302672,197.10506,-20.428528,-2.240921
1359360302873,202.10118,-27.027893,0.16009898
1359360303073,193.62029,-23.981749,-2.159574
1359360303292,196.21721,-18.229515,-2.9359913
1359360303474,194.2854,-25.247948,-4.085399
1359360303672,195.55339,-21.937952,2.145495
1359360303873,192.05898,-29.039965,0.75638306
1359360304073,193.38246,-28.19183,-2.3934157
1359360304317,193.14647,-22.117228,-0.59373313
1359360304474,188.55066,-18.490007,-3.9070647
1359360304672,189.75763,-22.792799,-3.0008972
1359360304873,191.53381,-21.413214,1.3251925
1359360305072,189.69247,-24.961552,-0.42135188
1359360305331,187.95546,-24.95722,1.4850268
1359360305474,187.73625,-15.259746,-2.654869
1359360305682,187.4372,-22.989717,-1.8693441
1359360305874,188.50967,-21.794857,-3.5588658
1359360306072,187.20438,-33.335583,0.6522817
1359360306273,186.14368,-26.754116,-5.774333
1359360306474,186.5062,-30.08469,2.4553208
1359360306733,186.90564,-32.576946,-4.4014177
1359360306874,187.29062,-22.765211,-2.9132063
1359360307087,183.82704,-27.21258,4.938308
1359360307273,183.50482,-24.21971,0.8345678
1359360307472,184.71445,-28.887617,2.427168
1359360307673,185.18439,-27.822628,-4.7992477
1359360307873,180.5912,-26.325699,-3.1327174
1359360308114,186.56885,-29.14201,-2.8230345
1359360308274,180.63393,-19.632113,2.1903644
1359360308473,186.58752,-28.67384,-2.0451403
1359360308673,175.93916,-26.37184,-1.2319869
1359360308873,181.62527,-34.741833,-5.103081
1359360309073,174.7721,-28.50111,-4.2198477
1359360309273,174.74901,-28.409594,2.2299938
1359360309502,172.94824,-33.46318,2.5893767
1359360309673,170.35202,-27.274546,0.46804684
1359360309873,179.11914,-30.688772,3.4536185
1359360310073,173.0021,-35.10261,-3.8349128
1359360310273,171.6902,-24.790558,-0.30322006
1359360310473,171.93208,-31.877754,-0.54866594
1359360310673,170.64839,-24.382248,-0.53877276
1359360310899,172.12975,-26.364523,-3.4655085
1359360311074,166.33818,-22.92105,-3.6501024
1359360311272,172.31566,-24.221254,-4.4516697
1359360311481,171.00728,-18.132011,-2.4285965
1359360311676,173.95735,-22.817013,-4.0380945
1359360311907,177.83984,-23.24737,-2.8702242
1359360312073,191.95679,-23.799692,-3.9231133
1359360312272,201.78828,-24.276615,-2.656271
1359360312473,222.02586,-27.092176,-3.4543169
1359360312674,253.94763,-26.65063,1.9392098
1359360312924,280.71487,-25.396042,4.396135
1359360313074,304.05383,-24.158556,0.2614486
1359360313293,324.71008,-23.205042,1.8673397
1359360313480,340.26874,-19.808113,-2.674325
1359360313675,351.2369,-20.063335,-4.460015
1359360313872,355.0822,-22.503864,-5.2172346
1359360314072,354.44507,-26.936657,-6.8856244
1359360314363,352.75543,-26.357367,-5.2581854
1359360314472,352.4368,-27.261772,-6.7503147
1359360314675,354.36862,-25.488802,-4.804673
1359360314874,352.853,-25.37693,-4.9061565
1359360315075,352.19467,-26.175083,-3.937344
1359360315272,352.83383,-26.4617,-3.3765259
1359360315473,351.19998,-26.458294,-2.954958
1359360315699,350.45636,-26.396826,-2.5548122
1359360315874,350.05423,-26.871103,-1.8345636
1359360316074,347.0455,-25.444736,-1.480479
1359360316273,347.28247,-27.097328,-0.6556806
1359360316473,350.23868,-27.370304,1.9981948
1359360316742,350.84235,-23.415724,-4.523827
1359360316874,354.91638,-31.36067,-3.136564
1359360317078,358.42517,-25.74437,-3.8774412
1359360317273,2.0539372,-23.913141,2.227129
1359360317472,356.57474,-23.74967,1.8717481
1359360317673,358.63657,-29.025803,-0.5339915
1359360317873,357.3878,-21.51541,0.7066166
1359360318101,353.0174,-19.345041,-2.7447028
1359360318274,353.08755,-25.91035,-1.0564853
1359360318474,358.88434,-19.60018,2.0378687
1359360318673,357.80423,-27.293633,1.3132305
1359360318873,353.86847,-24.322763,1.1770909
1359360319092,358.66803,-15.253324,-6.000216
1359360319274,353.5212,-26.72979,-2.2459965
1359360319472,358.11102,-18.326384,1.4300479
1359360319673,356.73685,-26.514753,0.6507878
1359360319873,357.86456,-23.433628,-3.2282116
1359360320123,354.35364,-19.892157,-0.19265929
1359360320273,354.26828,-15.41821,-4.972748
1359360320487,354.12802,-22.58666,-3.775276
1359360320673,358.67886,-18.108843,1.8706697
1359360320874,355.522,-22.499496,-2.0233157
1359360321073,359.99335,-24.076923,4.6684628
1359360321273,354.4525,-30.646389,-6.060569
1359360321534,358.75677,-23.227844,-1.0031962
1359360321673,355.21533,-26.504583,-3.2871516
1359360321883,353.31186,-31.767223,3.1110168
1359360322073,357.49756,-24.311487,-6.2570314
1359360322272,356.24673,-28.897295,-1.9524723
1359360322472,356.50403,-28.76291,-5.4011087
1359360322674,359.37515,-24.758224,-3.768661
1359360322900,355.2087,-23.64531,2.518904
1359360323074,358.5771,-25.705658,0.44606707
1359360323275,355.54007,-28.260527,1.4247897
1359360323473,358.26443,-27.167807,-9.080961
1359360323673,353.6676,-24.13803,-2.3482904
1359360323873,357.10028,-24.951168,-6.456354
1359360324073,352.9342,-32.7433,-1.5115391
1359360324300,354.96283,-27.166971,-8.275119
1359360324474,353.13046,-24.52688,-2.61109
1359360324675,355.86932,-26.344666,-7.01367
1359360324873,351.08392,-23.522387,-5.3791566
1359360325072,353.81305,-24.436684,1.6885235
1359360325273,352.78934,-26.491169,-2.173915
1359360325473,350.58078,-25.725836,0.7691626
1359360325683,355.54413,-21.91497,-7.663458
1359360325873,349.9029,-22.387947,0.16005436
1359360326072,356.29373,-25.383434,-3.4192703
1359360326273,352.51962,-26.99609,2.1455152
1359360326473,357.73087,-26.716242,-5.2257004
1359360326719,353.84192,-24.584528,3.5002306
1359360326874,352.8114,-27.079926,-3.6881359
1359360327073,351.24124,-24.125986,-3.8856134
1359360327273,353.26138,-24.898163,3.1532223
1359360327472,350.04944,-28.427496,-2.2991407
1359360327672,348.17133,-26.818378,-2.7519755
1359360327873,350.40408,-16.326584,-5.0098486
1359360328106,346.08282,-23.064648,-2.6206837
1359360328273,350.89194,-18.156027,6.180308
1359360328473,347.77927,-25.7865,1.6096494
1359360328673,346.8827,-26.80383,-3.9322429
1359360328872,342.97244,-23.226591,-2.396343
1359360329073,340.35483,-22.600182,-4.944452
1359360329273,340.16418,-19.771555,1.7449126
1359360329503,341.62567,-18.570166,0.6808987
1359360329673,340.68402,-21.16168,-1.6266539
1359360329875,337.2832,-24.380152,-6.8678017
1359360330073,338.53595,-23.038288,-7.122325
1359360330273,336.81442,-22.147999,-7.3200274
1359360330533,341.64563,-22.750998,4.212263
1359360330673,338.59915,-20.329874,1.0514846
1359360330885,342.96765,-25.349604,3.105051
1359360331073,340.26443,-25.320015,-2.675691
1359360331272,339.47614,-21.310656,-3.376474
1359360331473,338.027,-26.97012,-0.086925715
1359360331673,338.95746,-17.971064,-0.7138775
1359360331918,343.65152,-24.06002,-2.032827
1359360332074,335.70258,-22.717525,2.43956
1359360332273,337.2126,-31.020033,-4.7293644
1359360332473,334.1982,-18.169237,-2.8798215
1359360332677,331.77902,-26.375568,2.7299173
1359360332873,330.93442,-22.899082,-0.7397603
1359360333073,326.98203,-25.872307,0.5736922
1359360333293,330.10077,-24.30651,-6.7665014
1359360333473,326.58835,-17.19957,-1.0553067
1359360333673,325.8038,-25.010756,-5.315945
1359360333873,328.63327,-29.647747,2.0899165
1359360334073,328.3683,-24.137392,-2.5645607
1359360334315,334.92044,-25.670923,-1.3889437
1359360334474,331.20923,-29.103945,-4.9201756
1359360334673,333.27408,-18.645163,-4.033099
1359360334875,331.25058,-23.976511,3.6209226
1359360335072,328.05212,-21.841808,-0.21875614
1359360335287,330.09158,-29.402752,-0.3289476
1359360335474,328.09067,-19.611366,-5.6359634
1359360335675,328.64743,-23.52897,-2.2240922
1359360335873,331.31772,-20.800232,1.0474986
1359360336072,331.66672,-26.622963,2.4057055
1359360336310,331.21848,-25.97398,-3.3291578
1359360336473,331.42554,-24.027546,-2.1625874
1359360336673,331.30423,-19.249035,-4.8561063
1359360336873,327.95035,-22.848156,-5.015535
1359360337072,333.71573,-23.22184,1.1867898
1359360337273,329.5351,-22.637735,-1.8852553
1359360337474,329.69946,-31.056387,-0.64661753
1359360337673,329.06125,-18.397532,-6.740249
1359360337873,327.02185,-27.04217,-2.006357
1359360338072,333.3748,-21.791742,3.9301674
1359360338273,329.67917,-26.048244,1.0491415
1359360338473,331.12527,-24.627127,-1.7707472
1359360338704,328.86688,-18.541454,-0.56407815
1359360338873,326.37598,-16.598083,-2.8662274
1359360339072,324.18607,-19.919125,-5.052027
1359360339273,328.9354,-21.44701,0.048367992
1359360339472,323.26752,-25.51955,-2.0294569
1359360339673,323.85754,-26.790255,2.1726005
1359360339873,324.821,-23.34807,-6.099134
1359360340102,323.98257,-25.595245,-0.70543545
1359360340273,328.67474,-22.075003,-1.7088387
1359360340472,323.5741,-28.903141,2.7620351
1359360340673,328.38898,-25.63983,-4.0351386
1359360340873,324.88565,-22.435678,6.685466
1359360341119,326.41016,-34.868355,-4.297206
1359360341274,324.10583,-23.11472,-3.5370548
1359360341473,317.65088,-27.269285,4.8259134
1359360341673,318.73523,-23.179888,1.7033975
1359360341872,318.5399,-28.10844,2.1140313
1359360342073,320.30112,-19.623856,-3.3476787
1359360342273,319.14908,-24.547709,2.6764054
1359360342505,315.36475,-21.252975,0.5751072
1359360342673,317.6487,-29.265682,5.3763785
1359360342872,316.93997,-29.462608,-3.8093295
1359360343072,313.56732,-23.542068,0.83380944
1359360343272,310.08984,-20.712381,-2.025367
1359360343473,312.78958,-27.558384,-4.2756653
1359360343673,313.53445,-24.918344,2.8180468
1359360343889,313.50687,-29.341763,-1.6856649
1359360344073,311.37482,-27.157785,-7.8749185
1359360344272,311.38306,-25.157974,-6.8775997
1359360344473,309.2141,-29.332556,-4.674797
1359360344672,312.16714,-23.408691,-1.3463464
1359360344910,306.58426,-30.386467,2.1094067
1359360345073,307.66922,-30.990126,-5.087725
1359360345285,306.60236,-25.557764,-4.7048335
1359360345473,304.67865,-19.591955,-5.714177
1359360345672,307.6813,-18.565231,0.66112834
1359360345873,305.44287,-14.126655,-0.97536623
1359360346073,310.9215,-22.818426,-0.21227765
1359360346288,297.6458,-18.731136,-4.4780025
1359360346473,302.312,-31.637093,-7.0533643
1359360346672,297.90973,-20.648874,-4.256502
1359360346872,294.6374,-26.345615,0.37497413
1359360347072,296.68497,-20.289864,-0.37631366
1359360347311,298.3021,-25.111296,-1.991336
1359360347473,300.46362,-24.696436,-7.047686
1359360347676,296.53186,-23.81159,-3.0724814
1359360347873,299.92026,-24.967962,-5.930031
1359360348072,297.7317,-26.834768,0.2250809
1359360348273,298.91107,-24.919628,-5.1309643
1359360348473,293.3974,-20.67761,-1.4364941
1359360348707,297.85956,-31.295519,-3.740362
1359360348873,293.89764,-22.63684,-5.1589375
1359360349080,292.0479,-25.011486,3.6937995
1359360349273,290.8151,-23.5245,0.85901296
1359360349472,290.12726,-23.363846,-0.77241105
1359360349673,292.3371,-24.550196,-3.7963145
1359360349872,288.11914,-24.098303,-2.7903779
1359360350092,290.3399,-25.716967,1.8588556
1359360350273,288.73196,-21.298733,-1.5213319
1359360350473,293.13922,-29.509054,-1.8396561
1359360350673,285.3291,-20.946033,1.4603502
1359360350872,292.94778,-34.968727,-4.228429
1359360351073,286.85196,-23.946198,-3.885872
1359360351273,285.3748,-28.865887,8.231039
1359360351483,284.79382,-25.864172,0.3555025
1359360351673,283.60724,-24.964043,0.9960805
1359360351872,283.80658,-24.538311,-1.527464
1359360352073,279.18762,-22.635359,-2.2624652
1359360352272,282.26233,-28.895948,1.860857
1359360352473,281.1812,-21.681055,-1.3025755
1359360352673,282.8161,-27.678291,0.10153167
1359360352893,275.35056,-23.939491,-0.38452548
1359360353073,278.9456,-26.801987,-2.9049766
1359360353272,268.5328,-23.089575,-2.9006238
1359360353473,271.85074,-26.682808,4.276407
1359360353672,267.27615,-23.179506,0.50676566
1359360353873,269.42566,-26.163773,0.065872066
1359360354073,267.20392,-22.176485,-2.7966428
1359360354286,262.8261,-18.131517,-1.5476043
1359360354473,267.31265,-25.964594,1.1865964
1359360354672,266.28897,-20.237776,0.5293207
1359360354873,268.8199,-26.379328,0.7289084
1359360355072,261.91965,-23.809872,-3.6920977
1359360355291,266.8687,-26.456696,-2.2824733
1359360355473,263.6605,-21.323503,-5.1498656
1359360355672,262.26355,-24.175375,4.219792
1359360355872,261.13672,-25.539917,1.9577451
1359360356072,261.3823,-26.365742,-1.5213335
1359360356273,259.21716,-23.560377,-1.6487978
1359360356473,255.46521,-21.622307,-2.417954
1359360356690,258.43927,-25.115303,1.5113418
1359360356873,255.36981,-21.227861,1.645548
1359360357072,262.36496,-27.481709,0.032327283
1359360357273,252.21515,-24.374353,1.5391419
1359360357473,259.19916,-36.62312,-4.254131
1359360357704,252.89923,-21.703613,-1.9299847
1359360357873,248.98022,-27.97585,4.930811
1359360358073,248.72409,-23.54772,3.9152913
1359360358287,248.37552,-28.148422,1.6006622
1359360358472,249.2154,-26.957552,-1.8237866
1359360358710,242.31935,-21.320618,-0.53980386
1359360358873,247.40962,-26.006508,3.850451
1359360359073,241.49069,-20.760715,2.2000015
1359360359273,247.94359,-29.224476,-1.2544637
1359360359472,238.63074,-24.817583,-4.080678
1359360359673,244.81116,-22.90597,-2.7218974
1359360359873,236.93756,-24.428719,-4.135962
1359360360130,241.43076,-25.169516,3.3219793
1359360360271,241.65933,-15.681634,-0.24710765
1359360360472,241.52206,-28.694921,1.6940082
1359360360673,240.0889,-21.650925,0.052594174
1359360360872,239.48615,-17.95848,-3.0969605
1359360361072,242.9815,-19.789404,-0.7031489
1359360361272,243.32921,-20.05636,-2.8783286
1359360361500,246.29004,-22.841993,-2.2175841
1359360361673,254.83199,-21.855476,-3.9048688
1359360361872,266.6782,-22.550415,-3.249606
1359360362073,284.0162,-25.634096,0.039549362
1359360362272,309.81546,-28.261257,3.635852
1359360362505,337.45032,-25.571188,4.8075314
1359360362675,2.453568,-23.11272,0.23374723
1359360362876,28.351854,-23.130075,-0.86265814
1359360363075,42.362434,-19.881176,-5.4429483
1359360363272,53.691185,-18.217794,-4.671303
1359360363472,57.958828,-24.048395,-6.1458073
1359360363673,56.90205,-25.303238,-6.7750735
1359360363896,58.655807,-24.05118,-6.0637255
1359360364073,59.580696,-24.119757,-5.8616643
1359360364272,60.157894,-25.161203,-4.102279
1359360364473,59.743732,-24.131376,-2.1564178
1359360364672,60.23306,-23.47334,-1.909901
1359360364872,59.24687,-23.63416,-2.753138
1359360365072,58.44089,-22.465073,-1.825811
1359360365272,56.276566,-22.754576,-2.6824095
1359360365472,58.00741,-23.331646,-1.6554736
1359360365672,54.737507,-21.299051,-0.86962396
1359360365907,59.507076,-24.625742,-0.9015308
1359360366073,59.521534,-27.239168,-0.34837684
1359360366278,63.82704,-35.357548,-2.9904523
1359360366473,63.350945,-31.15393,-2.3517787
1359360366672,53.817715,-26.752533,-1.7213656
1359360366875,50.564003,-27.918688,6.6633234
1359360367072,54.660538,-31.84516,-2.60572
1359360367308,42.36202,-18.538776,0.03227222
1359360367472,45.426693,-30.769054,-3.0239398
1359360367673,40.240196,-20.106834,-1.4853663
1359360367875,45.787285,-29.551296,2.4836168
1359360368072,39.24777,-23.363697,1.3652765
1359360368273,46.290997,-24.883371,-0.9242388
1359360368473,43.68064,-25.246216,-4.8679676
1359360368694,44.848816,-25.419046,-2.0696466
1359360368873,45.43005,-22.319813,-3.52651
1359360369072,42.89424,-32.57567,4.51381
1359360369273,42.997227,-29.274809,-5.7791743
1359360369472,43.75747,-24.991077,-0.79301107
1359360369673,37.57452,-24.694181,-1.8240534
1359360369873,39.20206,-22.662027,-0.56063986
1359360370094,39.90102,-24.831455,2.4271588
1359360370273,40.935715,-23.95442,-0.9435432
1359360370472,35.189163,-27.158718,-3.2179894
1359360370673,41.15833,-25.417128,-6.827826
1359360370872,37.154156,-26.240778,-2.18774
1359360371073,39.426132,-19.50756,3.9264686
1359360371273,39.080032,-28.437391,1.6025327
1359360371491,42.04816,-21.502298,-1.8098608
1359360371672,39.027115,-24.014475,-1.2075787
1359360371872,37.342136,-20.348927,-2.7796175
1359360372073,39.96509,-24.47682,1.798708
1359360372272,38.990974,-19.51,-2.0536919
1359360372492,42.223316,-28.218044,-1.1991075
1359360372673,41.247932,-20.777637,0.15395138
1359360372872,41.43036,-29.720291,-2.9195604
1359360373073,36.969677,-22.447788,-2.4046361
1359360373272,38.94491,-30.686226,2.1308768
1359360373515,37.150185,-24.866922,0.5465823
1359360373672,38.012676,-29.967337,-0.34648484
1359360373879,40.5254,-27.87333,-5.625564
1359360374073,36.170395,-26.498173,-2.0305676
1359360374279,37.02692,-25.426655,1.801472
1359360374473,37.73389,-33.94443,2.7763672
1359360374673,36.01073,-30.003258,-4.35505
1359360374926,36.001858,-26.73976,-2.7987802
1359360375073,30.63466,-22.844278,-4.180564
1359360375273,32.518593,-22.266912,3.0807757
1359360375473,27.6363,-24.076935,3.4373794
1359360375673,29.972069,-28.257988,-1.1826031
1359360375873,17.24379,-20.726093,1.6612167
1359360376072,20.971607,-30.769604,-0.45882797
1359360376273,13.265994,-24.3169,-2.7600443
1359360376473,14.828823,-27.586245,5.6913333
1359360376672,10.011616,-18.402805,5.0681767
1359360376873,11.308228,-29.992485,0.4054622
1359360377073,11.893197,-26.476555,-1.9983807
1359360377276,6.8342404,-20.790106,-1.5555176
1359360377473,11.798105,-26.328123,0.24067974
1359360377672,5.2232275,-19.792204,4.0923758
1359360377873,13.588947,-26.458086,-1.2982553
1359360378072,7.401268,-23.377628,6.3492465
1359360378278,7.757534,-32.264248,-5.4809756
1359360378473,7.5468163,-24.788815,-1.1856085
1359360378672,4.757254,-27.21996,4.4096713
1359360378873,2.830097,-20.614935,3.793311
1359360379073,4.5236673,-28.583937,1.1860639
1359360379327,5.4484696,-28.315489,-4.7324214
1359360379473,1.0752356,-27.132719,-1.5204579
1359360379676,5.553438,-27.439287,-4.4099064
1359360379873,2.114155,-27.830784,1.5623351
1359360380072,4.1480556,-27.105555,-4.358868
1359360380273,3.2995214,-25.368868,2.0223827
1359360380472,2.850263,-35.37725,-5.777948
1359360380680,359.5615,-23.576496,-3.4007864
1359360380873,0.5747444,-30.656141,2.4380114
1359360381072,357.33298,-21.530008,-0.24024867
1359360381273,0.7801633,-25.111177,2.4874108
1359360381473,357.4453,-18.283628,-3.4531994
1359360381714,0.8681492,-22.544298,0.89654547
1359360381873,358.4879,-22.023983,-2.1489456
1359360382081,359.6059,-33.436817,2.5428507
1359360382274,0.53547966,-26.548084,-4.045129
1359360382472,356.052,-24.481827,0.87146723
1359360382673,355.4174,-22.970327,-1.6320283
1359360382873,354.47946,-22.142942,-5.6765304
1359360383127,355.74078,-26.753927,0.9817063
1359360383273,353.89456,-26.63157,-3.2070694
1359360383479,356.3436,-25.6435,-6.704311
1359360383673,356.98343,-17.363832,-7.259614
1359360383872,355.99704,-23.102661,-4.7190557
1359360384073,6.2798333,-16.599857,3.3853624
1359360384273,2.2613957,-22.54502,1.8964238
1359360384525,4.3724995,-25.930902,-4.698112
1359360384673,2.1989896,-26.27085,-2.3538096
1359360384876,359.96185,-22.773354,-5.339942
1359360385073,358.70126,-22.961246,-4.0932717
1359360385273,359.5085,-23.935852,-0.5137783
1359360385473,356.18817,-25.535366,-1.9684252
1359360385673,359.70502,-26.604132,-6.16848
1359360385902,359.19156,-17.166203,-9.383793
1359360386074,356.80215,-26.261095,-5.888541
1359360386272,4.1564965,-16.206316,0.2100982
1359360386473,4.180906,-30.959667,-0.23400134
1359360386672,358.95798,-26.485163,-4.9957128
1359360386872,359.89847,-30.107006,-0.77473736
1359360387073,356.4759,-21.249617,-4.9184146
1359360387273,352.61908,-21.35269,-4.181455
1359360387473,355.1974,-24.564348,1.972482
1359360387672,350.70486,-24.604889,-3.2585752
1359360387873,350.479,-27.980206,-3.447888
1359360388073,350.65414,-17.719927,-8.1963
1359360388297,348.89423,-26.55808,-4.1001706
1359360388473,356.75275,-15.372515,0.83419925
1359360388672,353.55038,-29.372766,0.8838867
1359360388873,354.42715,-25.810698,-4.3969626
1359360389073,354.63028,-27.880217,-3.1300297
1359360389303,352.18597,-22.21728,-5.514473
1359360389472,350.7895,-22.201918,-2.8467133
1359360389672,352.6604,-24.99836,-0.010833108
1359360389873,350.89313,-24.307524,-2.8229094
1359360390072,352.899,-26.71793,0.45524904
1359360390313,353.84763,-28.895245,-9.626097
1359360390473,351.20764,-22.445696,-0.68953156
1359360390681,351.8809,-24.40674,-5.291715
1359360390873,354.37216,-30.247408,1.905427
1359360391072,345.54523,-27.77283,-6.7199693
1359360391273,346.7188,-27.734518,0.6089118
1359360391472,347.1879,-30.734312,-4.473093
1359360391726,344.39316,-19.96456,-1.1509825
1359360391891,349.1258,-26.138622,3.0937188
1359360392078,345.78564,-24.639751,0.5522953
1359360392273,346.3769,-27.290543,-1.938391
1359360392473,347.78622,-29.426624,-7.327168
1359360392673,344.0738,-25.322336,-1.2416697
1359360392872,347.02902,-24.896235,-5.6221395
1359360393082,345.62286,-24.19828,-0.0766119
1359360393273,343.5941,-28.025387,-6.63098
1359360393472,339.0275,-25.06844,1.2629751
1359360393673,344.46536,-32.715828,-5.231329
1359360393873,337.4311,-19.004522,-1.7128156
1359360394131,339.76392,-29.174845,0.8834549
1359360394273,337.7644,-19.080938,-0.4887881
1359360394474,338.29056,-27.828604,-2.8724911
1359360394673,342.86075,-26.745682,-7.1812425
1359360394872,335.87198,-21.648201,-3.2372375
1359360395073,341.74564,-25.35164,2.2523577
1359360395273,338.911,-20.670456,-0.1656942
1359360395500,337.9927,-29.927948,1.325151
1359360395673,331.11707,-20.68828,-6.942373
1359360395872,336.00446,-28.613092,-3.3198833
1359360396073,331.609,-23.698841,-4.766806
1359360396272,330.9585,-24.594896,2.7064183
1359360396473,330.07623,-30.006554,1.3537256
1359360396673,329.47092,-23.361265,-5.2190576
1359360396883,331.9044,-24.364433,-0.5636875
1359360397073,328.73108,-21.36317,-4.5569324
1359360397272,323.80774,-20.525957,-2.4426396
1359360397473,327.43155,-27.615475,-1.4612801
1359360397673,321.3423,-26.222672,-5.2062836
1359360397901,321.71722,-25.004295,2.2605822
1359360398073,325.07617,-12.934999,-7.686374
1359360398273,322.4377,-25.731367,1.2537369
1359360398473,328.24844,-20.113924,-6.8697953
1359360398672,327.75412,-33.539246,0.72332346
1359360398873,326.86096,-25.756517,-5.841942
1359360399073,328.28824,-24.666813,0.6864931
1359360399299,327.2623,-28.468748,-3.2607207
1359360399473,326.38037,-21.136204,-3.1952868
1359360399674,330.16275,-25.389492,2.1570652
1359360399875,325.7323,-25.766325,0.8942476
1359360400072,327.62842,-25.476988,1.1359997
1359360400320,328.3167,-24.582594,-2.1992793
1359360400473,326.39505,-25.449884,0.8816636
1359360400688,328.0763,-25.384483,-2.8354974
1359360400873,328.0747,-29.441067,2.9954345
1359360401072,327.14395,-31.472565,-4.454104
1359360401273,325.0767,-23.921772,3.9542837
1359360401472,323.3313,-30.766232,-2.7136228
1359360401711,324.48264,-25.712715,-3.1273806
1359360401873,322.07837,-28.653305,-0.4847409
1359360402073,321.49915,-24.609531,0.73585486
1359360402273,320.783,-29.112608,-1.2843556
1359360402472,325.7255,-24.889719,-4.767514
1359360402695,318.62,-21.136532,-2.2461708
1359360402873,322.78934,-28.4733,0.78430706
1359360403073,319.8093,-18.812737,-0.37512898
1359360403273,323.0246,-26.901722,-1.7948616
1359360403472,313.6709,-19.335249,-0.8566456
1359360403673,320.0623,-33.335823,-2.7260935
1359360403873,313.6625,-25.40838,-4.9615145
1359360404098,314.87183,-28.7954,4.1739397
1359360404273,309.238,-28.224474,1.117021
1359360404474,313.79266,-27.040865,-0.24883394
1359360404673,316.41714,-26.644054,-3.7640777
1359360404872,311.19806,-26.473772,-4.484431
1359360405084,313.3114,-26.79173,1.1450729
1359360405273,311.28067,-24.950035,-2.812312
1359360405472,312.43735,-31.442934,-1.4435152
1359360405673,304.86694,-25.529896,-8.463713
1359360405873,310.33875,-26.241602,-6.668981
1359360406131,301.38934,-27.217182,-9.374287
1359360406273,309.93726,-25.29976,3.1289778
1359360406483,300.94946,-29.19692,-1.0000024
1359360406673,304.64197,-29.662556,-2.9000616
1359360406872,305.60156,-26.085537,0.8565504
1359360407073,302.9379,-22.282072,-3.4313605
1359360407273,302.128,-23.715775,-2.5892737
1359360407500,304.72565,-28.196428,-3.468722
1359360407672,297.8944,-19.67386,-2.6188953
1359360407872,296.3301,-27.984026,-4.2355294
1359360408073,307.03885,-28.687054,-4.3602576
1359360408273,301.11862,-24.527874,-3.940148
1359360408515,308.74133,-28.706423,2.2744117
1359360408673,301.94284,-15.993806,-1.4360315
1359360408872,306.52213,-30.886827,-4.03166
1359360409075,302.9352,-15.408379,-1.5654045
1359360409274,306.44983,-22.981739,-2.837998
1359360409472,303.34653,-24.39235,-3.5259318
1359360409677,304.97678,-23.870495,-2.606174
1359360409874,307.08325,-27.284748,-2.0909748
1359360410073,305.457,-21.895607,-1.5332762
1359360410273,303.93924,-23.152348,-1.2355325
1359360410523,304.42175,-23.456184,-1.2503021
1359360410673,304.68848,-22.994328,-1.7797946
1359360410884,303.85815,-23.616398,-2.3037748
1359360411073,304.53638,-23.981272,-2.4424138
1359360411275,303.85968,-24.306286,-2.5508385
1359360411473,303.80933,-24.85894,-2.1331356
1359360411680,303.30377,-24.92501,-2.4661252
1359360411900,303.75128,-24.992096,-2.6076093
1359360412073,303.20895,-24.738955,-2.763455
1359360412272,303.1494,-25.307764,-2.348287
1359360412473,303.06332,-24.969957,-2.6678631
1359360412673,303.26825,-25.524702,-2.6177225
1359360412918,303.09647,-25.08984,-2.710306
1359360413073,303.2554,-25.368254,-2.5512474
1359360413273,303.0741,-25.144167,-2.8220575
1359360413473,303.38245,-25.596579,-2.827689
1359360413672,303.41315,-25.372545,-3.3781497
1359360413917,303.11182,-25.745153,-3.2269235
1359360414072,303.34708,-25.787506,-3.2729707
1359360414275,302.89294,-25.64716,-2.9956107
1359360414473,303.0748,-26.289532,-3.3444347
1359360414672,302.16397,-26.044224,-2.81808
1359360414902,302.45386,-25.806307,-2.6869411
1359360415073,302.25784,-25.453781,-2.9138112
1359360415273,301.6673,-25.871899,-2.5620506
1359360415473,302.1435,-25.714846,-2.678051
1359360415673,301.9811,-25.773819,-2.5969791
1359360415933,302.16956,-25.419405,-2.6887965
1359360416073,302.0184,-26.047516,-2.7650785
1359360416281,302.16937,-25.509687,-3.0993717
1359360416473,302.17554,-25.104427,-2.8647804
1359360416873,302.08783,-25.579706,-3.0930762
1359360417072,301.9375,-25.533356,-3.0111263
1359360417299,301.6057,-25.370558,-3.2522886
1359360417473,301.6724,-26.025055,-3.0027072
1359360417672,301.66888,-25.546549,-2.9305346
1359360417873,300.98526,-25.860815,-2.8859913
1359360418073,301.13577,-26.001966,-2.5822432
1359360418277,301.00613,-25.97998,-2.51627
1359360418473,300.99255,-26.063263,-2.6432343
1359360418672,300.87012,-26.057623,-2.586424
1359360418873,300.98563,-25.735847,-2.604019
1359360419073,301.12302,-25.73106,-2.6102219
1359360419277,301.36887,-25.693161,-2.9208105
1359360419473,301.12262,-25.215273,-2.962262
1359360419672,301.34503,-25.151115,-3.0954394
1359360419873,301.15475,-24.869534,-3.2148595
1359360420071,301.06097,-24.779785,-3.2424362
1359360420281,300.90656,-24.535892,-2.969353
1359360420473,300.66382,-24.745224,-3.0221682
1359360420672,300.5705,-24.927238,-3.2873917
1359360420873,300.64334,-25.722012,-2.830563
1359360421073,300.10498,-24.92168,-2.7999103
1359360421301,300.2985,-25.84112,-3.214124
1359360421473,300.39752,-25.428913,-2.9265873
1359360421672,300.16183,-25.671497,-2.8440409
1359360421873,300.25427,-25.406338,-2.7295635
1359360422072,300.8133,-24.98945,-2.7791972
1359360422473,300.51532,-25.136976,-2.8383162
1359360422672,300.86942,-24.071331,-2.987222
1359360422873,300.636,-24.766104,-2.7710807
1359360423072,300.3938,-24.75113,-2.3954935
1359360423301,300.28955,-24.945694,-2.4559343
1359360423473,299.9925,-25.123154,-2.5210917
1359360423673,299.84677,-25.289368,-2.2071064
1359360423873,299.68063,-25.12863,-1.9362761
1359360424072,299.3758,-25.00895,-1.979552
1359360424289,299.37698,-25.420624,-1.7472762
1359360424473,299.467,-25.254099,-1.9943357
1359360424672,299.09283,-25.719555,-1.6556035
1359360424873,299.2355,-25.491238,-1.8423604
1359360425072,298.8808,-25.474367,-1.8879608
1359360425473,299.09723,-25.334497,-2.06155
1359360425673,298.58313,-25.31304,-1.9628347
1359360425873,298.79053,-25.185734,-2.0471554
1359360426072,298.34326,-24.909454,-2.4902987
1359360426295,298.4478,-25.361773,-2.2041256
1359360426473,298.19406,-24.984362,-2.2681947
1359360426673,298.0003,-25.355715,-2.2698457
1359360426873,297.93292,-25.4515,-1.985292
1359360427072,297.6367,-25.462114,-1.8403624
1359360427296,297.5102,-25.627426,-1.7959081
1359360427473,297.46564,-25.566866,-2.0282044
1359360427672,297.56616,-25.941038,-2.0671065
1359360427873,297.3506,-25.785748,-1.9011372
1359360428072,297.48218,-25.420591,-2.0395572
1359360428296,297.6065,-25.404154,-2.1792088
1359360428473,297.33075,-25.508892,-2.1087222
1359360428672,297.19696,-25.518198,-2.34749
1359360428873,297.01398,-25.511627,-2.3502243
1359360429073,296.97906,-25.73134,-2.2845497
1359360429273,296.69565,-25.60069,-2.272265
1359360429473,296.49954,-25.450163,-2.0536013
1359360429672,296.5456,-25.700375,-2.0198689
1359360429886,295.92603,-25.557074,-2.050739
1359360430073,287.418,-25.891064,-13.804696
1359360430273,295.45813,-5.759489,11.089253
1359360430473,286.83716,-24.710533,-0.96543324
1359360430672,277.24194,-19.859022,2.8071945
1359360430913,260.6521,-8.419695,-0.8479665
1359360431075,267.94653,-17.56956,9.295145
1359360431272,263.58496,-18.94898,-5.1230893
1359360431473,273.5251,-13.655831,1.8129557
1359360431672,267.16705,-18.764147,-4.843546
1359360431873,270.94513,-16.005949,-1.3928151
1359360432073,270.18738,-13.646173,-0.4675547
1359360432326,265.94073,-20.381962,-11.767018
1359360432473,270.872,-17.468815,3.407827
1359360432683,264.22528,-23.641603,-2.7979975
1359360432873,267.28772,-24.48262,-3.1016986
1359360433072,261.66867,-16.468714,-0.9323586
1359360433272,259.0929,-24.355495,1.8023026
1359360433473,257.80893,-19.94855,0.7193077
1359360433683,256.0763,-21.530617,-0.8274105
1359360433873,258.57086,-20.643324,-0.049243096
1359360434072,256.6316,-19.926945,-0.7625994
1359360434273,256.76157,-21.784412,-0.92808646
1359360434473,255.91989,-21.272436,-2.872566
1359360434723,255.98132,-21.022827,-0.9009587
1359360434873,254.43198,-23.827826,-0.969268
1359360435273,252.17632,-23.05535,-0.5646772
1359360435472,253.1279,-24.426588,-0.30748552
1359360435673,252.41815,-24.016666,-0.035124246
1359360435873,252.1033,-24.016485,-0.26856744
1359360436092,252.48132,-24.094189,0.05433588
1359360436273,252.33716,-23.401217,-1.0744039
1359360436472,252.21075,-23.859528,-0.0012413866
1359360436872,252.39156,-23.436443,-0.5346757
1359360437114,252.4136,-22.682533,-0.97432554
1359360437273,252.50449,-22.716303,-0.5025085
1359360437472,252.08585,-21.745129,-0.79266864
1359360437672,251.92538,-20.84854,-0.18766916
1359360437872,251.95746,-21.429014,-0.30253357
1359360438118,251.51996,-21.427635,-0.17128776
1359360438273,250.89536,-21.112188,-0.21129067
1359360438486,251.25793,-21.12386,0.08250701
1359360438673,250.96832,-21.752417,-0.33246726
1359360438872,251.19037,-21.657951,-0.21914971
1359360439073,251.3807,-21.464441,-0.34285194
1359360439273,251.22943,-22.2159,-0.426463
1359360439487,251.12839,-22.095997,-0.88428926
1359360439673,251.39436,-21.910694,-0.87049145
1359360439872,251.29312,-22.11144,-0.827297
1359360440073,251.3371,-22.21607,-0.7345932
1359360440273,250.74165,-22.72379,-0.81832534
1359360440472,251.13245,-21.787056,-0.54869455
1359360440673,250.80312,-22.586285,-0.195909
1359360440872,250.43277,-22.590055,-0.4041286
1359360441107,250.51398,-22.927807,-0.39662033
1359360441273,250.225,-22.904818,-0.082419924
1359360441481,250.03111,-23.127867,-0.32211253
1359360441673,249.94498,-22.336893,-0.31754476
1359360441872,250.09535,-22.753696,-0.5296391
1359360442073,249.93689,-22.354126,-0.65812624
1359360442273,249.86986,-22.861053,-0.32831612
1359360442480,250.11447,-22.467955,-0.81557184
1359360442674,250.01765,-22.996525,0.09829328
1359360442877,249.93091,-22.314316,-0.77793205
1359360443102,250.09866,-22.555151,-0.47443885
1359360443275,250.08505,-22.19689,-0.5427367
1359360443472,249.63033,-22.549814,-0.3419486
1359360443674,250.05493,-22.05296,-0.321339
1359360443872,249.53217,-22.22353,-0.53712964
1359360444103,249.37378,-22.136557,-0.5594201
1359360444275,249.18938,-22.178986,-0.6283558
1359360444473,249.29767,-22.508278,-0.86049545
1359360444676,248.96536,-22.462038,-0.5532796
1359360444872,249.43976,-22.86209,-0.7996882
1359360445101,248.67606,-22.702251,-0.54071057
1359360445279,249.41727,-23.352747,-0.39460364
1359360445472,249.1228,-22.72422,-1.034509
1359360445676,249.20154,-22.401304,-0.77956706
1359360445873,249.11005,-22.333033,-0.9189097
1359360446076,249.16551,-22.80148,-1.1114123
1359360446277,248.77827,-22.383827,-0.84374505
1359360446473,248.42636,-22.616268,-0.78501034
1359360446677,248.33768,-22.107586,-0.5057197
1359360446872,247.99637,-22.422054,-0.38990185
1359360447099,247.88705,-22.604393,-0.17755443
1359360447275,247.49156,-22.549238,-0.35281986
1359360447474,247.5151,-22.257647,0.10131735
1359360447674,247.22456,-22.006243,-0.23716365
1359360447883,247.15845,-22.743626,-0.480132
1359360448114,246.66632,-22.928974,-0.6392712
1359360448275,246.46617,-22.883682,-0.38288957
1359360448473,246.36386,-23.466198,-0.4921878
1359360448675,246.07883,-23.474058,-0.45943588
1359360448874,246.07175,-22.636307,-0.47717017
1359360449098,245.8402,-22.845972,-0.6092601
1359360449276,245.8125,-23.21635,-0.008421623
1359360449472,245.80061,-22.915066,-0.18062805
1359360449675,245.2681,-23.443598,-0.21321082
1359360449872,245.4813,-22.962538,0.014437312
1359360450155,245.05057,-24.05704,-0.04687815
1359360450273,245.28058,-23.580032,-0.019054523
1359360450472,245.1447,-23.520094,0.063278295
1359360450673,245.07715,-23.29386,0.010597037
1359360450873,245.12595,-24.306894,0.17653246
1359360451092,245.30792,-23.757511,0.119943336
1359360451274,245.25388,-24.030788,0.37957084
1359360451472,244.93198,-24.153358,0.1747908
1359360451673,244.99333,-24.20263,0.11734272
1359360451873,244.9744,-23.779642,-0.22534217
1359360452101,244.67245,-23.637438,-0.39405805
1359360452274,244.52698,-23.357552,-0.20584951
1359360452472,244.50366,-24.23439,-0.14925945
1359360452673,244.21638,-24.310486,-0.25019658
1359360452872,244.07095,-25.02371,-0.0956944
1359360453102,243.95795,-24.490274,-0.31537613
1359360453274,244.13217,-23.852108,-0.18698785
1359360453472,244.0291,-23.598103,-0.25158402
1359360453673,243.81888,-23.336973,-0.35946235
1359360453873,243.76144,-23.780567,-0.21343875
1359360454100,243.47469,-23.83364,-0.25188193
1359360454274,243.66309,-23.671896,-0.24847193
1359360454473,243.74625,-23.395605,-0.31449592
1359360454674,243.4772,-24.17208,-0.4043471
1359360454874,243.6372,-24.231787,-0.5034639
1359360455073,243.92596,-23.86451,-0.47959834
1359360455274,243.51398,-23.33482,-0.27461815
1359360455472,243.99712,-23.580486,-0.0576135
1359360455710,243.55345,-23.080942,0.48493212
1359360455874,243.32759,-23.566223,-0.17802317
1359360456072,243.19766,-23.099247,0.2394808
1359360456273,242.81262,-22.557678,0.06009629
1359360456472,242.53026,-23.617996,-0.49466383
1359360456714,242.82501,-23.244944,-0.35229135
1359360456874,242.32022,-23.77494,-0.34960797
1359360457072,242.37666,-23.432896,-0.77027476
1359360457273,242.12985,-23.235413,0.03032433
1359360457472,242.12106,-24.204712,-0.19547357
1359360457685,241.99548,-23.430614,-0.1944285
1359360457874,242.42416,-23.785759,0.18467069
1359360458072,242.23383,-23.785007,0.012585476
1359360458273,242.1132,-23.45944,-0.07198594
1359360458474,241.76642,-24.334488,0.12861428
1359360458673,241.94441,-23.49688,-0.23714824
1359360458873,241.55739,-23.534771,-0.14606375
1359360459302,241.75784,-22.824034,0.088637955
1359360459474,241.70801,-23.136898,-0.16473497
1359360459672,241.59387,-22.981304,-0.1166008
1359360459874,241.45386,-23.278118,-0.27103227
1359360460072,241.35297,-23.866505,-0.12591292
1359360460292,241.20584,-23.57869,-0.12201458
1359360460474,241.3071,-23.528145,-0.19344325
1359360460672,241.10315,-23.764118,-0.20516822
1359360460873,241.33855,-23.062052,-0.10856079
1359360461074,241.26529,-23.437817,-0.121258125
1359360461283,241.99646,-22.648336,-0.25358182
1359360461474,241.22205,-23.27813,-0.10807157
1359360461673,241.36685,-23.137259,-0.1887048
1359360461909,241.18011,-23.277176,-0.4058079
1359360462074,240.81357,-23.591923,-0.21696746
1359360462273,240.46848,-23.89556,-0.150897
1359360462474,240.39081,-23.937555,-0.2307927
1359360462673,240.3035,-23.616156,-0.2636044
1359360462910,239.9489,-24.065126,-0.34958062
1359360463074,239.96173,-23.423653,-0.1850643
1359360463273,239.84158,-24.596777,-0.27538663
1359360463473,239.80638,-24.051558,-0.14023417
1359360463673,239.672,-24.6789,-0.025985451
1359360463889,239.5586,-24.226007,-0.14233105
1359360464074,239.48401,-24.706278,-0.08094373
1359360464272,239.39725,-24.05446,-0.08282973
1359360464473,239.05188,-24.474985,-0.20576417
1359360464673,238.93274,-24.135126,-0.019824624
1359360464894,238.9414,-23.549131,-0.10543938
1359360465074,238.81888,-23.42785,0.25581104
1359360465272,238.276,-24.092773,0.15588304
1359360465474,237.82022,-23.875402,-0.0066141835
1359360465673,237.66232,-23.609697,-0.1418811
1359360465908,236.98508,-23.143496,-0.24641432
1359360466074,236.68237,-23.176306,-0.08944392
1359360466272,236.67659,-22.794338,0.14713779
1359360466473,236.33344,-23.456585,0.08799164
1359360466673,236.35556,-22.499756,-0.025046302
1359360466897,236.19766,-23.351574,0.1747959
1359360467074,236.706,-23.288261,0.2850062
1359360467272,236.85637,-23.443182,0.42395538
1359360467473,236.93024,-23.418106,0.42276952
1359360467674,236.93079,-23.592361,0.07465483
1359360467874,237.06534,-22.825338,0.11989893
1359360468074,236.80145,-22.457117,0.26048973
1359360468272,236.97342,-22.426178,0.12123081
1359360468517,236.30814,-22.276754,0.4604322
1359360468673,235.9575,-22.907717,0.2998151
1359360468877,236.03485,-22.559671,0.1579637
1359360469073,236.13516,-22.674402,0.14198524
1359360469272,236.05013,-22.180344,0.41886336
1359360469473,236.09456,-23.19037,0.37255272
1359360469674,236.18912,-22.726627,0.64056635
1359360469873,236.3953,-22.74095,0.6610344
1359360470073,236.33565,-22.673191,0.7769569
1359360470273,236.07446,-23.3011,0.38487893
1359360470473,235.66838,-22.842875,0.19529851
1359360470674,235.72879,-22.660948,0.34220216
1359360470876,235.41476,-23.1256,8.546275E-4
1359360471073,234.54434,-23.533394,-0.1878869
1359360471273,234.5424,-22.949024,0.011198949
1359360471509,233.99777,-23.623756,0.051075302
1359360471674,233.9714,-22.858372,-0.10004609
1359360471872,233.759,-23.512775,-0.11964365
1359360472073,233.60654,-23.209414,-0.18252687
1359360472273,234.29477,-23.231396,-0.5550896
1359360472491,233.41272,-23.073172,0.19331522
1359360472674,234.40973,-23.009998,-0.23586246
1359360472872,234.30962,-23.293634,-0.17722914
1359360473073,234.1904,-22.860409,-0.53372204
1359360473272,234.43298,-22.608267,-0.5307995
1359360473505,234.34499,-22.206738,-0.8930279
1359360473674,234.2092,-22.407665,-0.6876467
1359360473872,234.1763,-22.229485,-0.58976483
1359360474073,234.02467,-22.81096,-0.5355988
1359360474273,234.7086,-22.607311,0.16618127
1359360474488,234.3876,-20.653912,-0.94554335
1359360474674,234.32915,-15.729879,-1.2186112
1359360474872,234.6347,-13.471736,-1.350669
1359360475073,239.42784,-13.783796,-0.59806085
1359360475273,242.61183,-15.114433,-0.5054423
1359360475530,240.84398,-7.8792377,-0.66221756
1359360475674,242.20535,-4.8950663,-0.8060561
1359360475879,241.98566,-2.450408,-0.2105228
1359360476073,241.37964,-10.514181,-0.16404174
1359360476272,242.27975,-10.556839,-0.85654444
1359360476473,242.43802,-15.672198,-1.2523358
1359360476673,240.34991,-22.20355,0.9863264
1359360476916,240.02563,-26.759914,1.0533324
1359360477074,241.1282,-32.724888,0.2270822
1359360477272,243.30997,-37.755394,-0.5446748
1359360477473,243.87811,-40.46064,-0.52144766
1359360477673,243.41638,-41.96299,-0.94051313
1359360477921,241.76685,-43.912888,-2.7953851
1359360478074,243.96458,-26.270779,0.978706
1359360478293,239.58559,-36.307858,-1.6593094
1359360478474,239.1399,-26.872065,-2.1223156
1359360478672,239.79887,-18.050283,-1.7486821
1359360478873,239.91489,-15.72139,-0.86384076
1359360479073,240.52377,-9.343949,-1.3252228
1359360479301,241.59961,-5.0301557,-0.7283477
1359360479473,241.18903,-2.7298183,-1.1067309
1359360479672,241.49266,0.077462,-1.2158897
1359360479873,240.68909,-0.9690547,-0.45526418
1359360480074,243.61809,-8.658024,-0.07661596
1359360480291,239.59372,-10.584734,-1.1121927
1359360480473,243.5255,-17.17948,-1.3996781
1359360480672,241.97052,-21.56212,-0.9564067
1359360480873,239.46964,-30.059374,0.27114418
1359360481073,239.87518,-38.62981,-0.20798141
1359360481325,239.52818,-40.65876,-0.6838017
1359360481474,239.79825,-46.476826,-0.24832252
1359360481673,239.69655,-50.222664,-0.44895974
1359360481873,240.84479,-49.312016,-0.80025774
1359360482072,241.33476,-47.566517,-0.3564135
1359360482273,241.12938,-41.020123,-1.6548845
1359360482474,241.63986,-38.299152,-0.10852494
1359360482689,242.26965,-30.101559,0.21062131
1359360482873,242.63142,-22.826199,0.43611255
1359360483072,240.47095,-14.796845,-0.35505345
1359360483273,241.18036,-11.645574,0.047305897
1359360483472,240.99924,-6.521375,-0.052832376
1359360483696,239.69061,-2.9279525,-0.33547327
1359360483873,241.89952,-11.943477,1.280933
1359360484072,242.43864,-14.377056,1.4217534
1359360484273,238.86526,-26.75583,-3.0461767
1359360484473,243.20831,-24.802607,1.4894651
1359360484728,238.63785,-34.87712,2.092839
1359360484874,237.66928,-43.534176,1.1565509
1359360485095,238.22372,-44.869247,1.2430775
1359360485273,238.91418,-49.21044,0.90508205
1359360485472,238.38342,-51.049892,0.9153064
1359360485673,238.34688,-46.69555,1.0042737
1359360485873,238.72432,-49.682194,0.75274765
1359360486073,237.19925,-44.286106,1.5119214
1359360486273,238.7212,-34.46167,1.468942
1359360486495,237.15268,-31.633476,-0.3674018
1359360486673,236.03375,-26.916475,-0.19646311
1359360486872,237.60147,-22.626339,-0.4803591
1359360487073,238.775,-14.3773155,-0.25931498
1359360487273,237.79216,-11.486975,-0.92396146
1359360487489,239.2891,-8.944392,-0.99419695
1359360487674,239.12372,-7.2929616,-0.9250761
1359360487873,238.83167,-8.174034,-1.6830851
1359360488073,238.31265,-9.586553,-2.1768854
1359360488273,238.77972,-16.255802,-0.7879883
1359360488508,239.26404,-17.913874,-0.6310245
1359360488673,237.63965,-19.489084,-1.580033
1359360488873,240.58635,-25.646402,-0.35723573
1359360489073,239.2166,-36.219482,-1.2100186
1359360489502,239.88664,-34.344666,-0.80070865
1359360489674,240.50525,-39.27493,-1.7976677
1359360489874,241.02353,-36.46782,-0.83891296
1359360490073,239.86243,-40.958126,-1.2890627
1359360490273,241.1296,-33.180943,-1.4216082
1359360490527,242.18765,-28.706451,-0.08180349
1359360490674,242.12222,-17.350365,-1.5936382
1359360490875,243.09924,-18.43444,-0.18292642
1359360491073,242.34964,-15.371208,-0.9780656
1359360491273,243.3309,-5.6291947,-0.6615447
1359360491512,243.04564,-14.564786,-0.47453025
1359360491673,241.54419,-15.823852,-0.2894894
1359360491875,242.8724,-17.082203,-1.9185346
1359360492073,243.6615,-23.230856,0.8437604
1359360492272,242.0634,-27.989965,-2.2078147
1359360492473,245.83008,-33.363167,-0.52845573
1359360492674,244.34836,-32.06437,-2.296769
1359360492880,244.18585,-34.581142,-1.4838375
1359360493073,243.41586,-34.47001,-0.8902887
1359360493272,242.85239,-33.849693,-1.2588162
1359360493473,241.90497,-29.243422,-1.327676
1359360493672,241.59402,-28.030804,-0.8712524
1359360493912,241.29314,-25.428522,-1.3928843
1359360494073,241.30673,-22.247425,-1.5309196
1359360494272,241.49799,-20.911833,-1.5532472
1359360494473,240.97067,-20.327282,-2.3112743
1359360494673,240.82599,-19.424889,-1.3462284
1359360494919,240.74167,-19.32878,-2.1953702
1359360495074,240.13943,-19.022732,-2.3607576
1359360495285,240.189,-18.811895,-2.0857997
1359360495473,239.63629,-19.150717,-2.3317845
1359360495673,239.47478,-18.550158,-2.439522
1359360495873,239.9249,-19.340916,-2.4307258
1359360496073,239.61977,-19.688684,-2.0642037
1359360496331,239.9369,-19.36784,-2.0280974
1359360496474,239.95071,-20.058504,-1.9263077
1359360496676,240.50949,-20.003813,-1.592303
1359360496873,240.12384,-20.214851,-1.664163
1359360497072,240.24426,-19.768806,-1.6140769
1359360497273,240.29172,-19.753584,-1.6554421
1359360497474,240.41812,-19.947338,-1.4559133
1359360497674,240.17526,-20.10909,-1.660806
1359360497873,240.1427,-20.247644,-1.4652344
1359360498073,241.04791,-20.844427,-0.92171216
1359360498273,240.17351,-23.391718,2.1323094
1359360498474,243.3022,-42.66729,-0.80660707
1359360498684,241.0859,-34.50701,-2.3128574
1359360498873,243.2703,-42.95188,-1.7389003
1359360499072,239.05313,-46.740788,0.83317405
1359360499273,235.22876,-50.849415,-1.5760087
1359360499473,233.63428,-56.177128,-1.9366934
1359360499716,238.17874,-49.620167,-4.963898
1359360499873,235.14098,-46.361324,-0.81787634
1359360500072,234.2981,-45.457706,-1.1447747
1359360500273,234.79944,-36.88088,-1.9550053
1359360500473,234.86978,-30.062307,-1.2194356
1359360500714,231.69545,-27.343859,-3.0141125
1359360500874,232.02478,-21.116024,-2.079806
1359360501081,233.53473,-18.313568,-0.7460928
1359360501273,231.45677,-15.076572,-1.9212971
1359360501472,233.06091,-12.832953,-1.9076887
1359360501673,231.98235,-9.87686,-2.3742454
1359360501873,230.56094,-10.757155,-0.3860085
1359360502073,232.64081,-25.629154,-2.0733569
1359360502273,231.76468,-28.300014,5.3791523
1359360502472,230.83916,-31.152712,-0.87372774
1359360502673,235.78146,-31.244343,0.21745412
1359360502872,237.49107,-43.69125,-0.48789993
1359360503073,236.73637,-47.74074,-0.39322388
1359360503273,236.39287,-50.970535,-0.2511588
1359360503473,235.6286,-50.482533,-0.8641918
1359360503673,237.58357,-44.31169,1.1819917
1359360503873,236.6814,-38.86135,-1.5649633
1359360504102,238.12134,-37.9919,0.6159719
1359360504273,238.83292,-30.525202,0.8109165
1359360504475,241.45596,-33.765354,3.7415133
1359360504673,238.73117,-18.89795,-1.8497908
1359360504873,240.9343,-21.859236,10.256907
1359360505107,238.82391,-22.581036,5.510883
1359360505274,239.77106,-27.339514,-0.08966505
1359360505481,239.21457,-22.553247,-0.14015307
1359360505673,238.03548,-26.2139,0.31734076
1359360505872,238.52927,-28.662413,1.3927358
