1359018495036	1359018495036	16.56	-5.1	-35.04	3
1359018495257	1359018495257	13.2	-6.24	-34.62	3
1359018495457	1359018495457	9.9	-7.14	-34.14	3
1359018495502	1359018495502	6.7799997	-7.98	-33.719997	3
1359018495516	1359018495516	3.54	-8.88	-33.42	3
1359018495545	1359018495545	-2.8799999	-10.5	-32.64	3
1359018495565	1359018495565	-6.12	-11.4	-32.219997	3
1359018495583	1359018495583	-9.42	-12.42	-31.859999	3
1359018495603	1359018495603	-12.78	-13.38	-31.5	3
1359018495627	1359018495627	-16.14	-14.28	-31.019999	3
1359018495648	1359018495648	-19.5	-15.48	-30.539999	3
1359018495665	1359018495665	-22.859999	-16.56	-30.359999	3
1359018495686	1359018495686	-26.279999	-17.58	-29.939999	3
1359018495707	1359018495707	-29.699999	-18.66	-29.46	3
1359018495727	1359018495727	-33.18	-19.8	-29.16	3
1359018495747	1359018495747	-33.239998	-19.619999	-29.22	3
1359018495767	1359018495767	-33.18	-19.5	-29.279999	3
1359018495788	1359018495788	-33.239998	-19.26	-29.22	3
1359018495809	1359018495809	-33.48	-19.02	-29.22	3
1359018495828	1359018495828	-33.6	-18.9	-29.22	3
1359018495848	1359018495848	-33.78	-18.72	-29.22	3
1359018495870	1359018495870	-33.84	-18.539999	-29.279999	3
1359018495892	1359018495892	-34.079998	-18.359999	-29.22	3
1359018495937	1359018495937	-34.26	-18.06	-29.22	3
1359018495950	1359018495950	-34.26	-17.76	-29.279999	3
1359018495970	1359018495970	-34.44	-17.52	-29.22	3
1359018495987	1359018495987	-34.8	-17.1	-29.099998	3
1359018496001	1359018496001	-34.98	-16.8	-29.099998	3
1359018496015	1359018496015	-35.1	-16.44	-29.22	3
1359018496029	1359018496029	-35.28	-16.14	-29.22	3
1359018496048	1359018496048	-35.34	-15.839999	-29.16	3
1359018496067	1359018496067	-35.52	-15.66	-28.92	3
1359018496087	1359018496087	-35.7	-15.36	-28.92	3
1359018496107	1359018496107	-36.0	-15.179999	-29.039999	3
1359018496129	1359018496129	-36.059998	-14.94	-28.92	3
1359018496150	1359018496150	-36.18	-14.58	-28.98	3
1359018496169	1359018496169	-36.36	-14.28	-29.16	3
1359018496191	1359018496191	-36.42	-13.98	-29.16	3
1359018496212	1359018496212	-36.54	-13.679999	-29.16	3
1359018496231	1359018496231	-36.66	-13.62	-29.279999	3
1359018496250	1359018496250	-36.78	-13.38	-29.34	3
1359018496272	1359018496272	-36.78	-13.2	-29.46	3
1359018496322	1359018496322	-36.78	-13.2	-29.699999	3
1359018496335	1359018496335	-36.66	-13.08	-29.76	3
1359018496348	1359018496348	-36.6	-13.08	-29.76	3
1359018496361	1359018496361	-36.54	-13.259999	-29.82	3
1359018496375	1359018496375	-36.54	-13.5	-29.939999	3
1359018496392	1359018496392	-36.42	-13.559999	-30.119999	3
1359018496411	1359018496411	-36.239998	-13.799999	-30.06	3
1359018496431	1359018496431	-36.059998	-13.98	-30.0	3
1359018496452	1359018496452	-36.0	-14.219999	-30.179998	3
1359018496471	1359018496471	-35.88	-14.639999	-30.24	3
1359018496492	1359018496492	-35.579998	-15.12	-30.179998	3
1359018496513	1359018496513	-35.34	-15.66	-30.06	3
1359018496534	1359018496534	-35.28	-16.08	-30.06	3
1359018496552	1359018496552	-34.92	-16.56	-30.06	3
1359018496572	1359018496572	-34.559998	-17.1	-29.939999	3
1359018496594	1359018496594	-34.2	-17.76	-29.88	3
1359018496614	1359018496614	-33.96	-18.359999	-29.939999	3
1359018496632	1359018496632	-33.78	-18.779999	-29.82	3
1359018496653	1359018496653	-33.6	-19.26	-29.76	3
1359018496702	1359018496702	-33.3	-19.68	-29.699999	3
1359018496715	1359018496715	-32.94	-20.039999	-29.699999	3
1359018496728	1359018496728	-32.82	-20.4	-29.699999	3
1359018496741	1359018496741	-32.76	-20.58	-29.76	3
1359018496754	1359018496754	-32.579998	-20.88	-29.82	3
1359018496773	1359018496773	-32.46	-21.06	-29.76	3
1359018496793	1359018496793	-32.46	-21.119999	-29.88	3
1359018496815	1359018496815	-32.46	-21.119999	-29.939999	3
1359018496836	1359018496836	-32.399998	-20.939999	-30.06	3
1359018496856	1359018496856	-32.16	-20.939999	-30.179998	3
1359018496874	1359018496874	-32.34	-20.82	-30.119999	3
1359018496894	1359018496894	-32.399998	-20.699999	-30.119999	3
1359018496916	1359018496916	-32.579998	-20.52	-30.06	3
1359018496936	1359018496936	-32.7	-20.34	-30.0	3
1359018496955	1359018496955	-32.94	-20.16	-30.119999	3
1359018496974	1359018496974	-33.12	-20.039999	-30.179998	3
1359018496995	1359018496995	-33.36	-19.8	-30.119999	3
1359018497014	1359018497014	-33.54	-19.5	-30.06	3
1359018497035	1359018497035	-33.66	-19.26	-30.06	3
1359018497055	1359018497055	-33.84	-19.02	-30.06	3
1359018497104	1359018497104	-33.96	-18.72	-30.179998	3
1359018497117	1359018497117	-34.2	-18.48	-30.119999	3
1359018497131	1359018497131	-34.2	-18.3	-29.939999	3
1359018497145	1359018497145	-34.44	-18.0	-30.0	3
1359018497162	1359018497162	-34.68	-17.88	-29.939999	3
1359018497177	1359018497177	-34.86	-17.64	-29.88	3
1359018497206	1359018497206	-35.04	-17.34	-29.88	3
1359018497220	1359018497220	-35.28	-16.98	-29.88	3
1359018497236	1359018497236	-35.46	-16.56	-29.939999	3
1359018497260	1359018497260	-35.52	-16.38	-29.939999	3
1359018497284	1359018497284	-35.64	-16.14	-29.939999	3
1359018497306	1359018497306	-35.7	-15.96	-29.88	3
1359018497330	1359018497330	-35.76	-15.9	-29.939999	3
1359018497349	1359018497349	-35.82	-15.78	-30.06	3
1359018497361	1359018497361	-35.76	-15.66	-29.939999	3
1359018497385	1359018497385	-35.64	-15.42	-29.939999	3
1359018497406	1359018497406	-35.64	-15.36	-29.88	3
1359018497426	1359018497426	-35.64	-15.36	-30.06	3
1359018497448	1359018497448	-35.76	-15.48	-30.06	3
1359018497493	1359018497493	-35.82	-15.48	-29.76	3
1359018497505	1359018497505	-35.64	-15.599999	-29.76	3
1359018497519	1359018497519	-35.579998	-15.719999	-29.699999	3
1359018497532	1359018497532	-35.579998	-15.9	-29.76	3
1359018497544	1359018497544	-35.52	-16.26	-29.699999	3
1359018497562	1359018497562	-35.219997	-16.5	-29.76	3
1359018497586	1359018497586	-35.04	-16.68	-29.699999	3
1359018497597	1359018497597	-34.8	-16.98	-29.76	3
1359018497617	1359018497617	-34.62	-17.22	-29.939999	3
1359018497636	1359018497636	-34.44	-17.46	-29.939999	3
1359018497663	1359018497663	-34.44	-17.82	-30.0	3
1359018497681	1359018497681	-34.26	-18.0	-30.06	3
1359018497701	1359018497701	-34.2	-18.24	-30.06	3
1359018497722	1359018497722	-33.96	-18.539999	-30.06	3
1359018497739	1359018497739	-33.78	-18.66	-30.119999	3
1359018497757	1359018497757	-33.54	-18.779999	-30.119999	3
1359018497777	1359018497777	-33.239998	-18.779999	-30.3	3
1359018497800	1359018497800	-33.239998	-18.9	-30.24	3
1359018497848	1359018497848	-33.12	-18.9	-30.24	3
1359018497861	1359018497861	-32.7	-18.96	-30.119999	3
1359018497876	1359018497876	-32.46	-18.96	-30.3	3
1359018497890	1359018497890	-32.46	-19.08	-30.24	3
1359018497902	1359018497902	-32.399998	-19.08	-30.359999	3
1359018497920	1359018497920	-32.28	-19.02	-30.3	3
1359018497940	1359018497940	-32.1	-18.96	-30.3	3
1359018497962	1359018497962	-32.1	-18.779999	-30.359999	3
1359018497983	1359018497983	-32.16	-18.66	-30.48	3
1359018498005	1359018498005	-32.219997	-18.72	-30.66	3
1359018498023	1359018498023	-32.219997	-18.66	-30.599998	3
1359018498046	1359018498046	-32.219997	-18.6	-30.84	3
1359018498072	1359018498072	-32.16	-18.42	-30.779999	3
1359018498090	1359018498090	-32.28	-18.3	-30.96	3
1359018498107	1359018498107	-32.34	-18.24	-31.08	3
1359018498128	1359018498128	-32.28	-17.76	-31.199999	3
1359018498150	1359018498150	-32.34	-17.76	-31.32	3
1359018498173	1359018498173	-32.579998	-17.4	-31.56	3
1359018498190	1359018498190	-32.7	-16.98	-31.859999	3
1359018498241	1359018498241	-32.88	-16.619999	-31.859999	3
1359018498257	1359018498257	-32.94	-16.26	-31.98	3
1359018498271	1359018498271	-33.059998	-16.02	-32.1	3
1359018498287	1359018498287	-33.239998	-15.839999	-31.98	3
1359018498301	1359018498301	-33.42	-15.54	-32.04	3
1359018498316	1359018498316	-33.42	-15.12	-32.04	3
1359018498351	1359018498351	-33.66	-14.7	-32.219997	3
1359018498370	1359018498370	-33.719997	-14.46	-32.1	3
1359018498389	1359018498389	-33.719997	-14.4	-32.16	3
1359018498411	1359018498411	-33.719997	-14.28	-32.1	3
1359018498430	1359018498430	-33.66	-14.46	-32.04	3
1359018498450	1359018498450	-33.78	-14.759999	-32.04	3
1359018498472	1359018498472	-33.66	-14.88	-32.1	3
1359018498492	1359018498493	-33.66	-15.12	-32.04	3
1359018498511	1359018498511	-33.6	-15.42	-31.98	3
1359018498531	1359018498531	-33.36	-15.719999	-32.04	3
1359018498553	1359018498553	-33.3	-16.14	-32.04	3
1359018498571	1359018498571	-33.18	-16.38	-32.16	3
1359018498591	1359018498591	-33.18	-16.5	-32.34	3
1359018498611	1359018498611	-32.94	-16.8	-32.52	3
1359018498661	1359018498661	-32.82	-17.279999	-32.579998	3
1359018498674	1359018498674	-32.64	-17.64	-32.579998	3
1359018498688	1359018498688	-32.34	-17.94	-32.76	3
1359018498702	1359018498702	-32.28	-18.119999	-32.94	3
1359018498716	1359018498716	-32.1	-18.24	-32.88	3
1359018498734	1359018498734	-31.859999	-18.48	-32.94	3
1359018498752	1359018498752	-31.8	-18.66	-33.18	3
1359018498772	1359018498772	-31.679998	-18.72	-33.239998	3
1359018498795	1359018498795	-31.74	-18.779999	-33.239998	3
1359018498815	1359018498820	-31.679998	-18.9	-33.36	3
1359018498853	1359018498853	-31.74	-19.02	-33.42	3
1359018498873	1359018498873	-31.859999	-19.02	-33.54	3
1359018498895	1359018498895	-31.859999	-18.9	-33.54	3
1359018498913	1359018498913	-31.859999	-18.96	-33.54	3
1359018498939	1359018498939	-31.92	-19.08	-33.42	3
1359018498953	1359018498953	-31.98	-19.02	-33.239998	3
1359018498973	1359018498973	-32.28	-19.02	-33.239998	3
1359018498993	1359018498993	-32.52	-18.84	-32.94	3
1359018499014	1359018499014	-32.579998	-18.72	-32.76	3
1359018499064	1359018499064	-32.94	-18.6	-32.88	3
1359018499077	1359018499077	-33.239998	-18.3	-32.82	3
1359018499094	1359018499094	-33.54	-17.82	-32.7	3
1359018499109	1359018499109	-33.66	-17.52	-32.64	3
1359018499123	1359018499123	-33.78	-17.16	-32.7	3
1359018499136	1359018499136	-33.96	-16.74	-32.7	3
1359018499157	1359018499157	-34.079998	-16.56	-32.579998	3
1359018499177	1359018499177	-34.38	-16.199999	-32.46	3
1359018499195	1359018499195	-34.559998	-15.839999	-32.28	3
1359018499215	1359018499215	-34.8	-15.599999	-32.219997	3
1359018499235	1359018499235	-34.98	-15.299999	-32.219997	3
1359018499255	1359018499255	-35.28	-14.94	-32.219997	3
1359018499275	1359018499275	-35.64	-14.58	-32.219997	3
1359018499295	1359018499295	-35.76	-14.28	-32.1	3
1359018499315	1359018499315	-35.76	-14.16	-32.1	3
1359018499336	1359018499336	-35.94	-14.099999	-32.28	3
1359018499356	1359018499356	-35.88	-14.04	-32.28	3
1359018499376	1359018499376	-36.12	-14.16	-32.28	3
1359018499398	1359018499398	-36.18	-14.28	-32.28	3
1359018499447	1359018499447	-36.18	-14.4	-32.34	3
1359018499459	1359018499459	-36.3	-14.5199995	-32.28	3
1359018499473	1359018499473	-36.18	-14.639999	-32.16	3
1359018499490	1359018499490	-36.3	-14.7	-32.16	3
1359018499507	1359018499507	-36.3	-14.88	-32.219997	3
1359018499519	1359018499519	-36.12	-15.179999	-32.1	3
1359018499537	1359018499537	-36.059998	-15.36	-32.1	3
1359018499557	1359018499557	-36.059998	-15.66	-32.1	3
1359018499577	1359018499577	-35.94	-15.839999	-32.1	3
1359018499597	1359018499597	-35.76	-16.08	-32.1	3
1359018499617	1359018499617	-35.52	-16.26	-32.219997	3
1359018499638	1359018499638	-35.52	-16.5	-32.399998	3
1359018499658	1359018499658	-35.28	-16.68	-32.28	3
1359018499678	1359018499678	-35.28	-17.039999	-32.219997	3
1359018499698	1359018499698	-35.04	-17.16	-32.34	3
1359018499721	1359018499721	-35.04	-17.4	-32.28	3
1359018499740	1359018499740	-34.92	-17.699999	-32.34	3
1359018499758	1359018499758	-34.739998	-17.94	-32.399998	3
1359018499778	1359018499778	-34.68	-18.18	-32.52	3
1359018499831	1359018499831	-34.44	-18.42	-32.52	3
1359018499847	1359018499847	-34.26	-18.6	-32.579998	3
1359018499860	1359018499860	-34.2	-18.72	-32.76	3
1359018499873	1359018499873	-33.96	-18.9	-32.7	3
1359018499888	1359018499888	-33.84	-19.02	-32.82	3
1359018499901	1359018499901	-33.66	-19.14	-32.88	3
1359018499919	1359018499919	-33.42	-19.26	-33.18	3
1359018499939	1359018499939	-33.48	-19.32	-33.36	3
1359018499960	1359018499960	-33.3	-19.38	-33.3	3
1359018499980	1359018499980	-33.239998	-19.439999	-33.42	3
1359018500000	1359018500000	-33.239998	-19.38	-33.48	3
1359018500020	1359018500020	-33.059998	-19.32	-33.42	3
1359018500042	1359018500042	-32.94	-19.199999	-33.54	3
1359018500062	1359018500062	-33.059998	-19.08	-33.48	3
1359018500080	1359018500080	-33.239998	-18.84	-33.42	3
1359018500101	1359018500101	-33.42	-18.779999	-33.42	3
1359018500123	1359018500123	-33.6	-18.6	-33.48	3
1359018500143	1359018500143	-33.719997	-18.42	-33.54	3
1359018500161	1359018500161	-33.96	-18.3	-33.48	3
1359018500181	1359018500181	-34.2	-18.06	-33.42	3
1359018500231	1359018500231	-34.38	-17.82	-33.36	3
1359018500244	1359018500244	-34.559998	-17.64	-33.3	3
1359018500276	1359018500276	-34.739998	-17.52	-33.0	3
1359018500293	1359018500293	-34.86	-17.34	-32.82	3
1359018500307	1359018500307	-35.04	-17.1	-32.76	3
1359018500325	1359018500325	-35.34	-16.92	-32.7	3
1359018500338	1359018500338	-35.52	-16.68	-32.579998	3
1359018500352	1359018500352	-35.82	-16.56	-32.399998	3
1359018500368	1359018500368	-36.059998	-16.56	-32.399998	3
1359018500385	1359018500385	-36.12	-16.68	-32.28	3
1359018500403	1359018500403	-36.059998	-16.859999	-32.34	3
1359018500424	1359018500424	-35.94	-16.92	-32.16	3
1359018500447	1359018500447	-35.94	-17.16	-32.1	3
1359018500467	1359018500467	-35.82	-17.279999	-32.1	3
1359018500484	1359018500485	-35.579998	-17.279999	-32.1	3
1359018500504	1359018500504	-35.34	-17.34	-32.16	3
1359018500525	1359018500525	-35.28	-17.58	-32.1	3
1359018500545	1359018500545	-35.28	-17.699999	-31.92	3
1359018500565	1359018500565	-35.28	-17.94	-31.92	3
1359018500615	1359018500615	-35.1	-18.359999	-31.98	3
1359018500640	1359018500640	-35.04	-18.66	-31.92	3
1359018500656	1359018500656	-34.92	-18.84	-31.8	3
1359018500672	1359018500672	-34.739998	-19.199999	-31.8	3
1359018500686	1359018500686	-34.5	-19.439999	-31.92	3
1359018500699	1359018500699	-34.32	-19.5	-31.8	3
1359018500715	1359018500715	-34.14	-19.74	-31.859999	3
1359018500737	1359018500737	-34.02	-19.98	-31.8	3
1359018500751	1359018500751	-33.96	-20.039999	-31.8	3
1359018500767	1359018500767	-33.84	-20.1	-31.859999	3
1359018500786	1359018500786	-33.78	-20.16	-31.98	3
1359018500806	1359018500806	-33.719997	-20.4	-32.1	3
1359018500828	1359018500828	-33.719997	-20.46	-32.16	3
1359018500847	1359018500847	-33.42	-20.52	-32.1	3
1359018500867	1359018500867	-33.12	-20.699999	-32.16	3
1359018500887	1359018500887	-32.94	-20.88	-32.219997	3
1359018500907	1359018500907	-32.76	-20.64	-32.34	3
1359018500927	1359018500927	-32.579998	-20.699999	-32.52	3
1359018500950	1359018500950	-32.28	-20.699999	-32.82	3
1359018500999	1359018500999	-32.04	-20.64	-33.0	3
1359018501013	1359018501013	-31.8	-20.64	-33.3	3
1359018501026	1359018501026	-31.679998	-20.64	-33.54	3
1359018501041	1359018501041	-31.5	-20.34	-33.719997	3
1359018501058	1359018501058	-31.38	-20.039999	-34.079998	3
1359018501072	1359018501072	-31.26	-20.1	-34.38	3
1359018501088	1359018501088	-31.14	-19.8	-34.559998	3
1359018501108	1359018501108	-31.08	-19.68	-34.68	3
1359018501128	1359018501128	-31.08	-19.38	-34.68	3
1359018501148	1359018501148	-31.019999	-19.14	-34.92	3
1359018501168	1359018501168	-31.199999	-18.779999	-35.1	3
1359018501188	1359018501188	-31.32	-18.48	-35.399998	3
1359018501209	1359018501209	-31.5	-17.88	-35.579998	3
1359018501229	1359018501229	-31.56	-17.52	-35.7	3
1359018501249	1359018501249	-31.8	-17.1	-35.7	3
1359018501271	1359018501271	-31.98	-16.74	-35.82	3
1359018501292	1359018501292	-32.16	-16.38	-35.94	3
1359018501309	1359018501309	-32.52	-16.02	-35.82	3
1359018501330	1359018501330	-32.64	-15.66	-35.76	3
1359018501382	1359018501382	-32.82	-15.36	-35.88	3
1359018501398	1359018501398	-33.0	-15.179999	-35.76	3
1359018501412	1359018501412	-33.12	-14.759999	-35.82	3
1359018501426	1359018501426	-33.18	-14.58	-35.94	3
1359018501440	1359018501440	-33.36	-14.34	-35.76	3
1359018501453	1359018501453	-33.36	-14.219999	-35.88	3
1359018501471	1359018501471	-33.3	-14.34	-35.76	3
1359018501490	1359018501490	-33.36	-14.28	-35.76	3
1359018501511	1359018501511	-33.36	-14.16	-35.88	3
1359018501531	1359018501531	-33.239998	-14.16	-35.82	3
1359018501551	1359018501551	-33.18	-14.219999	-35.82	3
1359018501580	1359018501580	-33.059998	-14.4	-35.7	3
1359018501593	1359018501593	-33.0	-14.4	-35.64	3
1359018501614	1359018501614	-32.88	-14.46	-35.579998	3
1359018501634	1359018501634	-32.7	-14.46	-35.64	3
1359018501651	1359018501651	-32.64	-14.7	-35.7	3
1359018501671	1359018501672	-32.399998	-14.759999	-35.64	3
1359018501694	1359018501694	-32.219997	-14.82	-35.7	3
1359018501712	1359018501712	-32.04	-14.82	-35.46	3
1359018501761	1359018501761	-31.859999	-15.179999	-35.399998	3
1359018501774	1359018501774	-31.56	-15.48	-35.52	3
1359018501787	1359018501787	-31.38	-15.54	-35.579998	3
1359018501801	1359018501801	-31.32	-15.42	-35.579998	3
1359018501814	1359018501814	-31.08	-15.599999	-35.52	3
1359018501833	1359018501833	-30.9	-15.96	-35.399998	3
1359018501853	1359018501853	-30.779999	-16.199999	-35.52	3
1359018501875	1359018501875	-30.539999	-16.32	-35.34	3
1359018501893	1359018501893	-30.48	-16.38	-35.28	3
1359018501913	1359018501913	-30.42	-16.619999	-35.28	3
1359018501936	1359018501936	-30.48	-16.74	-35.28	3
1359018501956	1359018501956	-30.359999	-16.859999	-35.46	3
1359018501973	1359018501973	-30.24	-16.74	-35.34	3
1359018501994	1359018501994	-30.24	-16.8	-35.34	3
1359018502016	1359018502016	-30.24	-16.74	-35.219997	3
1359018502034	1359018502034	-30.24	-16.859999	-35.46	3
1359018502054	1359018502054	-30.539999	-16.8	-35.28	3
1359018502074	1359018502074	-30.66	-16.619999	-35.219997	3
1359018502094	1359018502094	-30.9	-16.44	-34.98	3
1359018502114	1359018502114	-31.08	-16.32	-34.739998	3
1359018502165	1359018502165	-31.26	-16.08	-34.62	3
1359018502178	1359018502178	-31.38	-15.839999	-34.5	3
1359018502192	1359018502192	-31.5	-15.599999	-34.32	3
1359018502208	1359018502208	-31.74	-15.42	-34.38	3
1359018502221	1359018502221	-31.98	-15.059999	-34.38	3
1359018502235	1359018502235	-31.98	-14.639999	-34.38	3
1359018502258	1359018502258	-32.1	-14.58	-34.32	3
1359018502286	1359018502286	-32.219997	-14.46	-34.02	3
1359018502298	1359018502298	-32.399998	-14.219999	-33.96	3
1359018502316	1359018502316	-32.64	-14.099999	-33.78	3
1359018502336	1359018502336	-32.82	-14.04	-33.78	3
1359018502357	1359018502357	-33.0	-13.92	-33.54	3
1359018502377	1359018502377	-33.0	-13.679999	-33.54	3
1359018502397	1359018502397	-33.12	-13.44	-33.36	3
1359018502417	1359018502417	-33.18	-13.559999	-33.3	3
1359018502440	1359018502443	-33.18	-13.5	-33.239998	3
1359018502476	1359018502476	-33.239998	-13.38	-33.18	3
1359018502494	1359018502494	-33.3	-13.259999	-33.12	3
1359018502544	1359018502544	-33.18	-13.259999	-33.059998	3
1359018502558	1359018502558	-33.059998	-13.38	-33.12	3
1359018502577	1359018502577	-33.12	-13.38	-33.059998	3
1359018502590	1359018502590	-33.0	-13.2	-32.88	3
1359018502602	1359018502602	-33.059998	-13.139999	-32.76	3
1359018502619	1359018502619	-32.88	-13.259999	-32.76	3
1359018502637	1359018502637	-32.64	-13.32	-32.76	3
1359018502658	1359018502658	-32.64	-13.259999	-32.7	3
1359018502678	1359018502678	-32.46	-13.32	-32.64	3
1359018502702	1359018502702	-32.399998	-13.32	-32.64	3
1359018502718	1359018502718	-32.219997	-13.5	-32.64	3
1359018502738	1359018502738	-31.98	-13.559999	-32.7	3
1359018502758	1359018502758	-31.8	-13.74	-32.76	3
1359018502777	1359018502777	-31.74	-13.86	-32.82	3
1359018502801	1359018502801	-31.5	-14.099999	-32.7	3
1359018502819	1359018502819	-31.199999	-14.4	-32.7	3
1359018502839	1359018502839	-31.14	-14.58	-32.7	3
1359018502861	1359018502861	-31.019999	-14.82	-32.579998	3
1359018502881	1359018502881	-30.779999	-15.059999	-32.46	3
1359018502928	1359018502928	-30.599998	-15.42	-32.579998	3
1359018502940	1359018502940	-30.3	-15.66	-32.52	3
1359018502954	1359018502954	-30.359999	-15.839999	-32.579998	3
1359018502969	1359018502969	-30.3	-15.96	-32.64	3
1359018502982	1359018502982	-30.179998	-16.02	-32.579998	3
1359018503000	1359018503000	-29.88	-16.02	-32.7	3
1359018503028	1359018503028	-29.76	-16.08	-32.7	3
1359018503042	1359018503042	-29.519999	-16.02	-32.88	3
1359018503060	1359018503060	-29.519999	-16.02	-33.0	3
1359018503081	1359018503081	-29.46	-16.08	-33.0	3
1359018503102	1359018503102	-29.4	-16.199999	-33.0	3
1359018503125	1359018503125	-29.519999	-16.14	-33.059998	3
1359018503141	1359018503141	-29.699999	-16.02	-33.0	3
1359018503161	1359018503161	-29.76	-15.9	-33.0	3
1359018503181	1359018503181	-29.88	-15.66	-32.94	3
1359018503200	1359018503200	-30.06	-15.42	-32.88	3
1359018503221	1359018503221	-30.179998	-15.0	-32.7	3
1359018503241	1359018503241	-30.42	-14.759999	-32.76	3
1359018503261	1359018503261	-30.599998	-14.46	-32.64	3
1359018503310	1359018503310	-30.66	-14.28	-32.52	3
1359018503324	1359018503324	-30.779999	-14.219999	-32.46	3
1359018503337	1359018503337	-31.14	-14.04	-32.16	3
1359018503350	1359018503350	-31.38	-13.92	-32.16	3
1359018503362	1359018503362	-31.74	-13.74	-32.04	3
1359018503382	1359018503382	-31.98	-13.559999	-31.859999	3
1359018503402	1359018503402	-32.28	-13.139999	-31.859999	3
1359018503422	1359018503422	-32.579998	-12.719999	-31.859999	3
1359018503444	1359018503444	-32.76	-12.48	-31.859999	3
1359018503463	1359018503463	-32.82	-12.3	-31.98	3
1359018503483	1359018503483	-32.94	-12.059999	-31.92	3
1359018503505	1359018503505	-32.88	-12.059999	-32.1	3
1359018503525	1359018503525	-32.88	-11.94	-32.16	3
1359018503542	1359018503542	-33.0	-12.0	-32.46	3
1359018503563	1359018503563	-32.94	-11.82	-32.579998	3
1359018503585	1359018503585	-32.88	-11.759999	-32.7	3
1359018503602	1359018503602	-32.94	-11.58	-32.88	3
1359018503623	1359018503623	-32.88	-11.46	-33.0	3
1359018503643	1359018503643	-32.94	-11.4	-33.18	3
1359018503692	1359018503692	-32.88	-11.34	-33.18	3
1359018503705	1359018503705	-32.76	-11.219999	-33.18	3
1359018503717	1359018503717	-32.7	-11.219999	-33.36	3
1359018503729	1359018503729	-32.579998	-11.28	-33.42	3
1359018503745	1359018503745	-32.399998	-11.4	-33.36	3
1359018503770	1359018503770	-32.34	-11.5199995	-33.3	3
1359018503787	1359018503787	-32.219997	-11.7	-33.3	3
1359018503807	1359018503807	-32.16	-11.82	-33.239998	3
1359018503828	1359018503828	-32.16	-11.82	-33.12	3
1359018503848	1359018503848	-31.98	-12.059999	-33.12	3
1359018503866	1359018503866	-31.859999	-12.36	-32.94	3
1359018503886	1359018503886	-31.74	-12.66	-32.88	3
1359018503908	1359018503908	-31.56	-13.0199995	-32.82	3
1359018503928	1359018503928	-31.32	-13.32	-32.64	3
1359018503948	1359018503948	-31.14	-13.44	-32.7	3
1359018503968	1359018503968	-30.9	-13.44	-32.64	3
1359018503987	1359018503987	-30.599998	-13.44	-32.64	3
1359018504014	1359018504014	-30.66	-13.62	-32.7	3
1359018504031	1359018504031	-30.539999	-13.62	-32.7	3
1359018504078	1359018504078	-30.359999	-13.5	-32.82	3
1359018504091	1359018504091	-30.24	-13.38	-33.0	3
1359018504107	1359018504107	-30.179998	-13.139999	-33.18	3
1359018504123	1359018504123	-30.24	-12.9	-33.3	3
1359018504137	1359018504137	-30.3	-12.78	-33.48	3
1359018504151	1359018504151	-30.42	-12.54	-33.6	3
1359018504172	1359018504172	-30.779999	-12.059999	-33.54	3
1359018504189	1359018504189	-30.84	-11.639999	-33.66	3
1359018504209	1359018504209	-31.08	-11.16	-33.66	3
1359018504230	1359018504230	-31.32	-10.679999	-33.66	3
1359018504250	1359018504250	-31.5	-10.44	-33.84	3
1359018504270	1359018504270	-31.619999	-10.0199995	-33.96	3
1359018504290	1359018504290	-31.8	-9.719999	-33.96	3
1359018504310	1359018504310	-31.98	-9.42	-33.899998	3
1359018504330	1359018504330	-32.04	-9.12	-33.96	3
1359018504353	1359018504353	-32.04	-8.76	-33.96	3
1359018504370	1359018504370	-32.399998	-8.5199995	-33.96	3
1359018504390	1359018504390	-32.64	-8.34	-33.78	3
1359018504413	1359018504413	-32.82	-8.16	-33.719997	3
1359018504434	1359018504434	-33.0	-8.04	-33.66	3
1359018504481	1359018504481	-33.12	-7.9199996	-33.6	3
1359018504494	1359018504494	-33.18	-7.8599997	-33.54	3
1359018504510	1359018504510	-33.12	-7.9199996	-33.54	3
1359018504524	1359018504524	-33.12	-7.98	-33.48	3
1359018504538	1359018504538	-33.059998	-8.04	-33.54	3
1359018504555	1359018504555	-33.0	-8.22	-33.48	3
1359018504572	1359018504572	-32.88	-8.16	-33.42	3
1359018504592	1359018504592	-32.94	-8.22	-33.42	3
1359018504612	1359018504612	-32.88	-8.34	-33.54	3
1359018504632	1359018504632	-32.82	-8.58	-33.66	3
1359018504652	1359018504652	-32.82	-8.88	-33.54	3
1359018504674	1359018504674	-32.82	-9.179999	-33.48	3
1359018504692	1359018504692	-32.82	-9.54	-33.239998	3
1359018504712	1359018504712	-32.76	-9.9	-33.3	3
1359018504735	1359018504735	-32.579998	-10.32	-33.239998	3
1359018504755	1359018504755	-32.46	-10.559999	-33.239998	3
1359018504773	1359018504773	-32.16	-10.86	-33.18	3
1359018504793	1359018504793	-31.98	-11.219999	-33.12	3
1359018504815	1359018504815	-31.8	-11.58	-33.059998	3
1359018504864	1359018504864	-31.74	-12.0	-33.059998	3
1359018504877	1359018504877	-31.619999	-12.54	-33.0	3
1359018504890	1359018504890	-31.5	-13.0199995	-33.0	3
1359018504903	1359018504903	-31.5	-13.44	-32.76	3
1359018504916	1359018504916	-31.38	-13.92	-32.7	3
1359018504934	1359018504934	-31.38	-14.46	-32.579998	3
1359018504954	1359018504954	-31.199999	-14.82	-32.46	3
1359018504974	1359018504974	-31.26	-15.12	-32.399998	3
1359018504997	1359018504997	-31.26	-15.599999	-32.28	3
1359018505014	1359018505014	-31.14	-15.9	-32.28	3
1359018505034	1359018505034	-30.96	-16.14	-32.28	3
1359018505057	1359018505057	-30.72	-16.38	-32.28	3
1359018505077	1359018505077	-30.359999	-16.68	-32.28	3
1359018505095	1359018505095	-30.179998	-16.859999	-32.28	3
1359018505115	1359018505115	-30.06	-16.98	-32.399998	3
1359018505137	1359018505137	-30.06	-17.1	-32.34	3
1359018505155	1359018505155	-29.939999	-17.039999	-32.34	3
1359018505175	1359018505175	-29.88	-16.8	-32.46	3
1359018505195	1359018505195	-30.0	-16.68	-32.52	3
1359018505244	1359018505244	-30.06	-16.56	-32.579998	3
1359018505257	1359018505257	-30.179998	-16.5	-32.46	3
1359018505272	1359018505272	-30.119999	-16.38	-32.579998	3
1359018505286	1359018505286	-30.359999	-16.08	-32.52	3
1359018505298	1359018505298	-30.3	-15.839999	-32.46	3
1359018505319	1359018505319	-30.3	-15.66	-32.579998	3
1359018505341	1359018505341	-30.359999	-15.48	-32.64	3
1359018505361	1359018505361	-30.539999	-15.48	-32.64	3
1359018505378	1359018505378	-30.84	-15.36	-32.46	3
1359018505398	1359018505398	-31.14	-15.179999	-32.34	3
1359018505416	1359018505416	-31.5	-15.059999	-32.34	3
1359018505435	1359018505435	-31.74	-15.179999	-32.219997	3
1359018505457	1359018505457	-31.92	-15.179999	-32.1	3
1359018505477	1359018505477	-32.16	-15.12	-32.04	3
1359018505497	1359018505497	-32.34	-15.299999	-31.8	3
1359018505517	1359018505517	-32.34	-15.299999	-31.56	3
1359018505537	1359018505537	-32.399998	-15.36	-31.56	3
1359018505558	1359018505558	-32.399998	-15.42	-31.439999	3
1359018505578	1359018505578	-32.399998	-15.48	-31.32	3
1359018505627	1359018505627	-32.399998	-15.839999	-31.26	3
1359018505641	1359018505641	-32.28	-16.02	-31.439999	3
1359018505657	1359018505657	-32.219997	-15.9	-31.56	3
1359018505670	1359018505670	-32.1	-15.96	-31.74	3
1359018505683	1359018505683	-31.98	-15.9	-31.679998	3
1359018505708	1359018505708	-31.92	-15.96	-31.92	3
1359018505723	1359018505723	-31.8	-16.08	-31.859999	3
1359018505739	1359018505739	-31.619999	-16.26	-31.92	3
1359018505759	1359018505759	-31.439999	-16.199999	-31.859999	3
1359018505785	1359018505785	-31.26	-16.199999	-31.92	3
1359018505799	1359018505799	-31.08	-16.44	-32.04	3
1359018505819	1359018505819	-30.9	-16.56	-32.04	3
1359018505848	1359018505848	-30.779999	-16.74	-32.04	3
1359018505864	1359018505864	-30.539999	-16.92	-31.98	3
1359018505886	1359018505886	-30.3	-17.16	-31.98	3
1359018505905	1359018505905	-30.179998	-17.4	-32.04	3
1359018505923	1359018505923	-29.939999	-17.699999	-32.219997	3
1359018505943	1359018505943	-29.88	-18.119999	-32.1	3
1359018505966	1359018505966	-29.699999	-18.359999	-31.859999	3
1359018506015	1359018506015	-29.34	-18.779999	-31.74	3
1359018506028	1359018506028	-29.22	-18.96	-31.74	3
1359018506042	1359018506042	-29.16	-19.199999	-31.619999	3
1359018506063	1359018506063	-28.98	-19.32	-31.74	3
1359018506077	1359018506077	-28.92	-19.26	-31.74	3
1359018506092	1359018506093	-28.8	-19.199999	-31.8	3
1359018506124	1359018506124	-28.8	-18.9	-31.8	3
1359018506144	1359018506144	-28.68	-18.779999	-31.92	3
1359018506164	1359018506164	-28.619999	-18.779999	-32.04	3
1359018506185	1359018506185	-28.68	-18.72	-32.16	3
1359018506204	1359018506204	-28.8	-18.6	-32.16	3
1359018506225	1359018506225	-28.8	-18.48	-32.1	3
1359018506247	1359018506247	-29.039999	-18.359999	-31.92	3
1359018506265	1359018506265	-29.279999	-17.94	-31.859999	3
1359018506285	1359018506285	-29.699999	-17.82	-31.92	3
1359018506307	1359018506307	-30.0	-17.46	-31.8	3
1359018506328	1359018506328	-30.06	-17.279999	-31.74	3
1359018506346	1359018506346	-30.179998	-17.039999	-31.619999	3
1359018506366	1359018506366	-30.48	-16.98	-31.439999	3
1359018506418	1359018506418	-30.599998	-16.98	-31.38	3
1359018506431	1359018506431	-30.72	-17.1	-31.26	3
1359018506445	1359018506445	-30.779999	-17.039999	-31.26	3
1359018506459	1359018506459	-30.9	-17.16	-31.32	3
1359018506473	1359018506473	-31.14	-17.039999	-31.199999	3
1359018506486	1359018506486	-31.32	-16.859999	-31.199999	3
1359018506506	1359018506506	-31.439999	-16.68	-31.26	3
1359018506526	1359018506526	-31.5	-16.5	-31.32	3
1359018506546	1359018506546	-31.679998	-16.26	-31.38	3
1359018506569	1359018506569	-31.679998	-16.14	-31.56	3
1359018506587	1359018506587	-31.56	-16.08	-31.74	3
1359018506607	1359018506607	-31.38	-15.96	-31.92	3
1359018506629	1359018506629	-31.38	-15.9	-32.16	3
1359018506650	1359018506650	-31.32	-15.839999	-32.399998	3
1359018506668	1359018506668	-31.08	-15.66	-32.82	3
1359018506687	1359018506687	-30.84	-15.36	-33.18	3
1359018506710	1359018506710	-30.72	-15.179999	-33.48	3
1359018506728	1359018506728	-30.48	-14.94	-33.66	3
1359018506748	1359018506748	-30.48	-14.82	-33.899998	3
1359018506802	1359018506802	-30.24	-14.7	-33.899998	3
1359018506817	1359018506817	-30.24	-14.58	-34.2	3
1359018506835	1359018506835	-30.179998	-14.46	-34.38	3
1359018506858	1359018506858	-30.0	-14.34	-34.38	3
1359018506880	1359018506880	-29.88	-14.34	-34.44	3
1359018506904	1359018506904	-29.699999	-14.4	-34.68	3
1359018506919	1359018506919	-29.519999	-14.4	-34.739998	3
1359018506932	1359018506932	-29.279999	-14.4	-34.5	3
1359018506950	1359018506950	-29.099998	-14.5199995	-34.44	3
1359018506972	1359018506972	-28.98	-14.58	-34.38	3
1359018506992	1359018506992	-28.859999	-14.88	-34.14	3
1359018507011	1359018507011	-28.92	-15.0	-34.02	3
1359018507031	1359018507031	-28.74	-15.179999	-33.96	3
1359018507053	1359018507053	-28.619999	-15.42	-33.96	3
1359018507071	1359018507071	-28.56	-15.599999	-34.02	3
1359018507091	1359018507091	-28.619999	-15.719999	-34.2	3
1359018507111	1359018507111	-28.439999	-15.839999	-34.079998	3
1359018507131	1359018507131	-28.199999	-15.96	-34.14	3
1359018507151	1359018507151	-27.96	-16.02	-34.32	3
1359018507172	1359018507172	-27.9	-15.96	-34.5	3
1359018507227	1359018507227	-27.779999	-15.9	-34.5	3
1359018507241	1359018507241	-27.66	-15.839999	-34.68	3
1359018507256	1359018507256	-27.599998	-15.839999	-34.98	3
1359018507271	1359018507271	-27.48	-15.839999	-35.04	3
1359018507285	1359018507285	-27.599998	-15.599999	-35.04	3
1359018507302	1359018507302	-27.84	-15.36	-35.1	3
1359018507317	1359018507317	-27.96	-15.179999	-35.1	3
1359018507333	1359018507333	-28.14	-15.12	-35.16	3
1359018507353	1359018507353	-28.38	-14.82	-35.219997	3
1359018507379	1359018507379	-28.619999	-14.639999	-35.28	3
1359018507393	1359018507393	-28.8	-14.46	-35.34	3
1359018507420	1359018507420	-28.92	-14.219999	-35.219997	3
1359018507433	1359018507433	-29.16	-14.099999	-35.16	3
1359018507453	1359018507453	-29.4	-13.92	-35.04	3
1359018507477	1359018507477	-29.699999	-13.74	-34.98	3
1359018507493	1359018507493	-29.939999	-13.559999	-34.8	3
1359018507523	1359018507523	-30.179998	-13.38	-34.559998	3
1359018507576	1359018507576	-30.48	-13.2	-34.26	3
1359018507590	1359018507590	-30.779999	-13.139999	-33.899998	3
1359018507604	1359018507604	-31.199999	-12.84	-33.719997	3
1359018507618	1359018507618	-31.38	-12.84	-33.66	3
1359018507631	1359018507631	-31.5	-12.78	-33.6	3
1359018507644	1359018507644	-31.619999	-12.719999	-33.48	3
1359018507658	1359018507658	-31.56	-12.78	-33.3	3
1359018507673	1359018507673	-31.5	-12.9	-33.18	3
1359018507695	1359018507695	-31.56	-12.78	-33.18	3
1359018507715	1359018507715	-31.5	-12.66	-33.18	3
1359018507733	1359018507733	-31.439999	-12.66	-33.18	3
1359018507754	1359018507754	-31.38	-12.54	-33.239998	3
1359018507775	1359018507775	-31.38	-12.599999	-33.239998	3
1359018507795	1359018507795	-31.5	-12.66	-33.12	3
1359018507814	1359018507814	-31.38	-12.84	-33.0	3
1359018507837	1359018507837	-31.32	-12.9	-33.059998	3
1359018507856	1359018507856	-31.199999	-13.0199995	-33.239998	3
1359018507876	1359018507876	-31.08	-13.0199995	-33.36	3
1359018507898	1359018507898	-30.84	-13.2	-33.42	3
1359018507918	1359018507918	-30.72	-13.44	-33.36	3
1359018507966	1359018507966	-30.539999	-13.679999	-33.12	3
1359018507978	1359018507978	-30.48	-13.98	-33.239998	3
1359018507993	1359018507993	-30.48	-14.28	-33.3	3
1359018508006	1359018508006	-30.24	-14.5199995	-33.18	3
1359018508018	1359018508018	-30.0	-14.94	-32.88	3
1359018508037	1359018508037	-29.82	-15.299999	-32.64	3
1359018508056	1359018508056	-29.76	-15.66	-32.52	3
1359018508076	1359018508076	-29.519999	-16.02	-32.219997	3
1359018508097	1359018508097	-29.4	-16.38	-32.1	3
1359018508117	1359018508117	-29.16	-16.74	-31.98	3
1359018508136	1359018508136	-29.039999	-16.859999	-31.92	3
1359018508159	1359018508159	-28.92	-17.039999	-31.98	3
1359018508178	1359018508178	-28.74	-17.34	-31.8	3
1359018508197	1359018508197	-28.56	-17.52	-31.74	3
1359018508219	1359018508219	-28.5	-17.58	-31.92	3
1359018508240	1359018508240	-28.32	-17.52	-31.98	3
1359018508258	1359018508258	-28.38	-17.4	-32.1	3
1359018508278	1359018508278	-28.32	-17.22	-31.92	3
1359018508300	1359018508300	-28.26	-16.859999	-31.859999	3
1359018508347	1359018508347	-28.38	-16.619999	-31.98	3
1359018508359	1359018508359	-28.68	-16.32	-32.1	3
1359018508373	1359018508373	-28.92	-16.02	-32.1	3
1359018508385	1359018508385	-29.16	-15.719999	-31.98	3
1359018508398	1359018508398	-29.46	-15.36	-31.98	3
1359018508419	1359018508419	-29.519999	-14.94	-31.98	3
1359018508439	1359018508439	-29.699999	-14.58	-32.04	3
1359018508458	1359018508458	-29.76	-14.219999	-32.1	3
1359018508481	1359018508481	-30.0	-13.86	-31.98	3
1359018508499	1359018508499	-30.24	-13.38	-31.98	3
1359018508519	1359018508519	-30.599998	-13.08	-31.92	3
1359018508541	1359018508541	-30.9	-12.78	-31.679998	3
1359018508561	1359018508561	-31.199999	-12.36	-31.56	3
1359018508580	1359018508580	-31.439999	-12.059999	-31.38	3
1359018508599	1359018508599	-31.619999	-11.759999	-31.32	3
1359018508622	1359018508622	-31.8	-11.46	-31.199999	3
1359018508640	1359018508640	-32.1	-11.16	-31.08	3
1359018508660	1359018508660	-32.219997	-10.92	-30.84	3
1359018508680	1359018508680	-32.219997	-10.679999	-30.9	3
1359018508729	1359018508729	-32.219997	-10.559999	-31.08	3
1359018508741	1359018508741	-32.219997	-10.38	-31.199999	3
1359018508755	1359018508755	-32.219997	-10.08	-31.32	3
1359018508768	1359018508768	-32.219997	-9.84	-31.38	3
1359018508780	1359018508780	-32.28	-9.78	-31.32	3
1359018508803	1359018508803	-32.219997	-9.66	-31.439999	3
1359018508821	1359018508821	-32.28	-9.719999	-31.439999	3
1359018508842	1359018508842	-32.219997	-9.48	-31.439999	3
1359018508863	1359018508863	-32.16	-9.48	-31.439999	3
1359018508883	1359018508883	-31.92	-9.599999	-31.56	3
1359018508902	1359018508902	-31.859999	-9.66	-31.679998	3
1359018508922	1359018508922	-31.8	-9.9	-31.74	3
1359018508944	1359018508944	-31.619999	-10.08	-31.8	3
1359018508962	1359018508962	-31.439999	-10.32	-31.8	3
1359018508988	1359018508988	-31.199999	-10.44	-31.98	3
1359018509002	1359018509002	-31.019999	-10.74	-31.92	3
1359018509022	1359018509022	-30.84	-10.98	-31.98	3
1359018509042	1359018509042	-30.72	-11.219999	-31.859999	3
1359018509063	1359018509063	-30.599998	-11.7	-31.74	3
1359018509118	1359018509118	-30.539999	-12.12	-31.679998	3
1359018509132	1359018509132	-30.359999	-12.36	-31.679998	3
1359018509147	1359018509147	-30.06	-12.78	-31.619999	3
1359018509162	1359018509162	-29.699999	-12.9	-31.56	3
1359018509175	1359018509175	-29.519999	-13.259999	-31.5	3
1359018509188	1359018509188	-29.4	-13.5	-31.56	3
1359018509205	1359018509205	-29.22	-13.62	-31.56	3
1359018509226	1359018509226	-28.92	-13.799999	-31.56	3
1359018509244	1359018509244	-28.68	-13.74	-31.56	3
1359018509264	1359018509264	-28.56	-13.559999	-31.619999	3
1359018509284	1359018509284	-28.439999	-13.5	-31.679998	3
1359018509305	1359018509305	-28.38	-13.44	-31.92	3
1359018509326	1359018509326	-28.32	-13.38	-31.92	3
1359018509345	1359018509345	-28.5	-13.08	-31.8	3
1359018509365	1359018509365	-28.5	-12.84	-31.859999	3
1359018509385	1359018509385	-28.5	-12.48	-31.98	3
1359018509405	1359018509405	-28.56	-12.179999	-31.98	3
1359018509425	1359018509425	-28.619999	-11.759999	-32.16	3
1359018509463	1359018509463	-28.8	-11.46	-32.1	3
1359018509508	1359018509508	-28.859999	-11.219999	-32.1	3
1359018509521	1359018509521	-28.859999	-10.86	-32.219997	3
1359018509533	1359018509533	-28.859999	-10.5	-32.219997	3
1359018509547	1359018509547	-29.16	-10.139999	-32.28	3
1359018509560	1359018509560	-29.4	-9.78	-32.28	3
1359018509573	1359018509573	-29.64	-9.48	-32.399998	3
1359018509585	1359018509585	-29.82	-9.42	-32.399998	3
1359018509605	1359018509605	-30.0	-9.24	-32.46	3
1359018509627	1359018509627	-30.06	-9.12	-32.219997	3
1359018509647	1359018509647	-30.3	-8.88	-32.16	3
1359018509667	1359018509667	-30.42	-8.76	-32.04	3
1359018509687	1359018509687	-30.42	-8.7	-32.1	3
1359018509707	1359018509707	-30.42	-8.639999	-32.1	3
1359018509727	1359018509727	-30.359999	-8.639999	-31.98	3
1359018509748	1359018509748	-30.539999	-8.639999	-31.92	3
1359018509769	1359018509769	-30.48	-8.5199995	-32.04	3
1359018509799	1359018509799	-30.48	-8.46	-32.1	3
1359018509817	1359018509817	-30.359999	-8.28	-32.04	3
1359018509839	1359018509839	-30.359999	-8.34	-32.16	3
1359018509858	1359018509858	-30.119999	-8.4	-32.1	3
1359018509906	1359018509906	-30.06	-8.4	-32.1	3
1359018509919	1359018509919	-30.06	-8.28	-31.859999	3
1359018509930	1359018509930	-30.0	-8.28	-31.859999	3
1359018509942	1359018509942	-30.0	-8.34	-31.74	3
1359018509953	1359018509953	-30.0	-8.4	-31.92	3
1359018509971	1359018509971	-29.76	-8.4	-32.1	3
1359018509991	1359018509991	-29.58	-8.5199995	-32.34	3
1359018510011	1359018510011	-29.46	-8.5199995	-32.34	3
1359018510033	1359018510033	-29.46	-8.76	-32.28	3
1359018510053	1359018510053	-29.519999	-8.88	-32.34	3
1359018510073	1359018510073	-29.279999	-9.059999	-32.52	3
1359018510095	1359018510095	-29.22	-9.3	-32.46	3
1359018510116	1359018510116	-29.16	-9.54	-32.52	3
1359018510134	1359018510134	-29.039999	-9.9	-32.52	3
1359018510154	1359018510154	-28.92	-10.139999	-32.46	3
1359018510176	1359018510176	-28.8	-10.32	-32.64	3
1359018510196	1359018510196	-28.74	-10.5	-32.76	3
1359018510214	1359018510214	-28.38	-10.86	-32.88	3
1359018510234	1359018510234	-28.14	-11.04	-32.94	3
1359018510284	1359018510284	-27.9	-11.219999	-33.18	3
1359018510297	1359018510297	-27.72	-11.219999	-33.18	3
1359018510310	1359018510310	-27.66	-11.34	-33.12	3
1359018510323	1359018510323	-27.539999	-11.4	-33.18	3
1359018510337	1359018510337	-27.24	-11.5199995	-33.3	3
1359018510355	1359018510355	-27.06	-11.58	-33.48	3
1359018510375	1359018510375	-26.88	-11.58	-33.48	3
1359018510395	1359018510395	-26.82	-11.58	-33.3	3
1359018510417	1359018510417	-26.939999	-11.34	-33.54	3
1359018510438	1359018510438	-27.18	-11.219999	-33.48	3
1359018510456	1359018510456	-27.24	-11.16	-33.6	3
1359018510476	1359018510476	-27.359999	-11.16	-33.66	3
1359018510505	1359018510505	-27.42	-11.28	-33.6	3
1359018510521	1359018510521	-27.539999	-11.28	-33.48	3
1359018510536	1359018510536	-27.66	-11.219999	-33.66	3
1359018510556	1359018510556	-27.9	-11.16	-33.6	3
1359018510577	1359018510577	-27.9	-11.219999	-33.6	3
1359018510597	1359018510597	-28.08	-11.16	-33.54	3
1359018510617	1359018510617	-28.199999	-11.04	-33.48	3
1359018510667	1359018510667	-28.38	-10.98	-33.42	3
1359018510679	1359018510679	-28.619999	-10.92	-33.36	3
1359018510692	1359018510692	-28.8	-10.62	-33.3	3
1359018510706	1359018510706	-28.98	-10.38	-33.3	3
1359018510719	1359018510719	-29.099998	-10.2	-33.3	3
1359018510739	1359018510739	-29.039999	-10.26	-33.12	3
1359018510760	1359018510760	-29.039999	-10.08	-33.18	3
1359018510787	1359018510787	-29.039999	-9.9	-33.12	3
1359018510800	1359018510800	-29.039999	-9.599999	-33.239998	3
1359018510818	1359018510818	-28.98	-9.42	-33.3	3
1359018510841	1359018510841	-28.8	-9.179999	-33.42	3
1359018510863	1359018510863	-28.74	-8.94	-33.42	3
1359018510881	1359018510881	-28.56	-8.76	-33.6	3
1359018510901	1359018510901	-28.439999	-8.4	-33.48	3
1359018510919	1359018510919	-28.32	-8.22	-33.6	3
1359018510939	1359018510939	-28.199999	-8.28	-33.78	3
1359018510959	1359018510959	-28.019999	-8.22	-33.78	3
1359018510984	1359018510984	-27.96	-8.22	-33.84	3
1359018510999	1359018510999	-27.9	-8.4	-33.96	3
1359018511051	1359018511051	-27.66	-8.639999	-34.2	3
1359018511064	1359018511064	-27.599998	-8.94	-34.32	3
1359018511080	1359018511080	-27.539999	-9.3	-34.559998	3
1359018511095	1359018511095	-27.359999	-9.719999	-34.559998	3
1359018511111	1359018511111	-27.18	-10.08	-34.62	3
1359018511124	1359018511124	-27.0	-10.559999	-34.559998	3
1359018511139	1359018511139	-26.88	-10.92	-34.62	3
1359018511160	1359018511160	-26.64	-11.5199995	-34.68	3
1359018511179	1359018511179	-26.4	-12.12	-34.62	3
1359018511199	1359018511199	-26.16	-12.66	-34.5	3
1359018511219	1359018511219	-26.039999	-13.5	-34.739998	3
1359018511239	1359018511239	-25.74	-13.98	-34.8	3
1359018511259	1359018511259	-25.439999	-14.219999	-34.8	3
1359018511281	1359018511281	-25.32	-14.5199995	-34.86	3
1359018511301	1359018511301	-25.199999	-14.759999	-34.86	3
1359018511321	1359018511328	-25.019999	-14.94	-35.04	3
1359018511363	1359018511363	-24.84	-14.88	-35.28	3
1359018511382	1359018511382	-24.6	-14.82	-35.34	3
1359018511402	1359018511402	-24.539999	-14.7	-35.399998	3
1359018511453	1359018511453	-24.539999	-14.5199995	-35.7	3
1359018511470	1359018511470	-24.66	-14.4	-35.76	3
1359018511484	1359018511484	-24.96	-14.16	-35.82	3
1359018511498	1359018511498	-25.32	-13.86	-35.82	3
1359018511513	1359018511513	-25.56	-13.559999	-35.94	3
1359018511526	1359018511526	-26.099998	-13.32	-36.0	3
1359018511543	1359018511543	-26.4	-12.9	-35.94	3
1359018511563	1359018511563	-26.82	-12.719999	-35.82	3
1359018511583	1359018511583	-27.3	-12.719999	-35.76	3
1359018511603	1359018511603	-27.539999	-12.48	-35.82	3
1359018511623	1359018511623	-27.72	-12.3	-35.82	3
1359018511643	1359018511643	-28.019999	-12.3	-35.7	3
1359018511663	1359018511663	-28.26	-12.42	-35.52	3
1359018511686	1359018511686	-28.619999	-12.599999	-35.219997	3
1359018511703	1359018511703	-29.099998	-12.599999	-35.04	3
1359018511724	1359018511724	-29.46	-12.66	-34.98	3
1359018511746	1359018511746	-29.82	-12.84	-34.8	3
1359018511766	1359018511766	-30.0	-12.9	-34.62	3
1359018511784	1359018511784	-30.119999	-13.139999	-34.44	3
1359018511805	1359018511805	-30.179998	-13.32	-34.44	3
1359018511857	1359018511857	-30.359999	-13.44	-34.2	3
1359018511872	1359018511872	-30.42	-13.74	-34.079998	3
1359018511886	1359018511886	-30.48	-13.98	-34.02	3
1359018511901	1359018511901	-30.48	-14.16	-34.14	3
1359018511921	1359018511921	-30.42	-14.34	-34.02	3
1359018511935	1359018511935	-30.599998	-14.639999	-33.84	3
1359018511947	1359018511947	-30.72	-15.12	-33.66	3
1359018511965	1359018511965	-30.84	-15.48	-33.42	3
1359018511985	1359018511985	-30.84	-15.9	-33.18	3
1359018512014	1359018512014	-30.72	-16.02	-33.12	3
1359018512028	1359018512028	-30.779999	-16.32	-32.76	3
1359018512046	1359018512046	-30.84	-16.68	-32.579998	3
1359018512068	1359018512068	-30.779999	-16.98	-32.34	3
1359018512088	1359018512088	-30.66	-17.52	-32.219997	3
1359018512106	1359018512106	-30.539999	-17.88	-32.219997	3
1359018512126	1359018512126	-30.48	-18.24	-31.92	3
1359018512149	1359018512149	-30.359999	-18.66	-31.92	3
1359018512166	1359018512166	-30.119999	-18.96	-31.859999	3
1359018512186	1359018512186	-30.0	-19.199999	-31.619999	3
1359018512236	1359018512236	-29.88	-19.56	-31.5	3
1359018512249	1359018512249	-29.76	-19.859999	-31.56	3
1359018512263	1359018512263	-29.519999	-20.039999	-31.679998	3
1359018512278	1359018512278	-29.46	-20.16	-31.56	3
1359018512291	1359018512291	-29.279999	-20.22	-31.74	3
1359018512307	1359018512307	-29.34	-20.22	-32.04	3
1359018512330	1359018512330	-29.279999	-20.22	-32.28	3
1359018512348	1359018512348	-29.16	-20.16	-32.46	3
1359018512368	1359018512368	-28.98	-20.1	-32.7	3
1359018512390	1359018512390	-28.92	-19.859999	-32.94	3
1359018512410	1359018512410	-28.92	-19.5	-33.059998	3
1359018512428	1359018512428	-28.98	-19.14	-33.239998	3
1359018512448	1359018512448	-28.98	-18.9	-33.48	3
1359018512471	1359018512471	-29.039999	-18.6	-33.54	3
1359018512494	1359018512494	-29.34	-18.18	-33.66	3
1359018512508	1359018512508	-29.58	-17.76	-33.96	3
1359018512529	1359018512529	-29.939999	-17.34	-34.079998	3
1359018512549	1359018512549	-30.119999	-16.98	-34.32	3
1359018512569	1359018512569	-30.48	-16.68	-34.32	3
1359018512630	1359018512630	-30.779999	-16.44	-34.38	3
1359018512644	1359018512644	-31.199999	-16.14	-34.26	3
1359018512657	1359018512657	-31.439999	-15.66	-34.2	3
1359018512676	1359018512676	-32.16	-15.24	-33.899998	3
1359018512696	1359018512696	-32.52	-15.0	-33.66	3
1359018512714	1359018512714	-33.0	-14.82	-33.3	3
1359018512734	1359018512734	-33.239998	-14.7	-33.239998	3
1359018512756	1359018512756	-33.66	-14.46	-33.18	3
1359018512781	1359018512781	-34.02	-14.28	-33.0	3
1359018512795	1359018512795	-34.32	-14.16	-32.82	3
1359018512825	1359018512825	-34.38	-14.099999	-32.76	3
1359018512840	1359018512840	-34.44	-13.98	-32.64	3
1359018512858	1359018512858	-34.62	-13.86	-32.46	3
1359018512876	1359018512876	-34.8	-13.62	-32.34	3
1359018512896	1359018512896	-34.8	-13.5	-32.34	3
1359018512916	1359018512916	-34.8	-13.32	-32.34	3
1359018512938	1359018512938	-34.739998	-13.32	-32.399998	3
1359018512956	1359018512956	-34.739998	-13.38	-32.28	3
1359018513004	1359018513004	-34.62	-13.32	-32.399998	3
1359018513020	1359018513020	-34.559998	-13.5	-32.399998	3
1359018513036	1359018513036	-34.5	-13.62	-32.52	3
1359018513049	1359018513049	-34.38	-13.98	-32.64	3
1359018513063	1359018513063	-34.38	-14.16	-32.46	3
1359018513079	1359018513079	-34.2	-14.46	-32.399998	3
1359018513097	1359018513097	-33.96	-14.82	-32.34	3
1359018513117	1359018513117	-33.84	-15.24	-32.399998	3
1359018513145	1359018513145	-33.84	-15.599999	-32.28	3
1359018513158	1359018513158	-33.78	-16.14	-32.16	3
1359018513177	1359018513177	-33.6	-16.619999	-32.16	3
1359018513198	1359018513198	-33.3	-17.279999	-31.92	3
1359018513217	1359018513217	-33.12	-17.82	-31.859999	3
1359018513238	1359018513238	-32.88	-18.3	-31.8	3
1359018513260	1359018513260	-32.64	-18.84	-31.74	3
1359018513278	1359018513278	-32.399998	-19.32	-31.679998	3
1359018513298	1359018513298	-32.399998	-19.68	-31.679998	3
1359018513326	1359018513326	-32.16	-20.039999	-31.679998	3
1359018513342	1359018513342	-31.859999	-20.34	-31.56	3
1359018513388	1359018513388	-31.619999	-20.4	-31.56	3
1359018513401	1359018513401	-31.32	-20.699999	-31.8	3
1359018513417	1359018513417	-31.14	-20.82	-31.859999	3
1359018513443	1359018513443	-31.08	-20.64	-31.92	3
1359018513460	1359018513460	-30.9	-20.58	-31.92	3
1359018513480	1359018513480	-30.84	-20.58	-32.1	3
1359018513502	1359018513502	-30.779999	-20.699999	-32.16	3
1359018513515	1359018513515	-30.779999	-20.699999	-32.1	3
1359018513527	1359018513527	-30.9	-20.64	-32.04	3
1359018513538	1359018513538	-31.08	-20.52	-31.98	3
1359018513556	1359018513556	-31.32	-20.46	-31.859999	3
1359018513578	1359018513578	-31.5	-20.16	-31.74	3
1359018513598	1359018513598	-31.679998	-19.98	-31.8	3
1359018513617	1359018513617	-31.679998	-19.8	-31.679998	3
1359018513639	1359018513639	-31.92	-19.439999	-31.74	3
1359018513660	1359018513660	-32.28	-19.14	-31.74	3
1359018513679	1359018513679	-32.46	-18.96	-31.74	3
1359018513699	1359018513699	-32.82	-18.66	-31.8	3
1359018513720	1359018513720	-33.12	-18.3	-31.679998	3
1359018513770	1359018513770	-33.36	-18.24	-31.679998	3
1359018513783	1359018513783	-33.719997	-17.94	-31.679998	3
1359018513796	1359018513796	-34.079998	-17.64	-31.679998	3
1359018513809	1359018513809	-34.26	-17.34	-31.74	3
1359018513821	1359018513821	-34.38	-17.039999	-31.74	3
1359018513843	1359018513843	-34.62	-16.68	-31.859999	3
1359018513862	1359018513862	-34.62	-16.38	-31.92	3
1359018513882	1359018513882	-34.68	-16.14	-31.92	3
1359018513903	1359018513903	-34.68	-16.08	-32.04	3
1359018513923	1359018513923	-34.8	-16.14	-31.98	3
1359018513942	1359018513942	-34.739998	-16.14	-32.04	3
1359018513962	1359018513962	-34.68	-16.14	-31.98	3
1359018513984	1359018513984	-34.62	-16.14	-32.1	3
1359018514002	1359018514002	-34.68	-16.14	-32.1	3
1359018514022	1359018514022	-34.62	-16.38	-31.92	3
1359018514042	1359018514042	-34.62	-16.68	-31.8	3
1359018514061	1359018514061	-34.62	-16.8	-31.619999	3
1359018514087	1359018514087	-34.32	-17.16	-31.439999	3
1359018514103	1359018514103	-34.079998	-17.699999	-31.08	3
1359018514153	1359018514153	-34.02	-17.94	-30.96	3
1359018514165	1359018514165	-33.96	-18.3	-30.779999	3
1359018514180	1359018514180	-33.78	-18.6	-30.539999	3
1359018514202	1359018514202	-33.719997	-19.08	-30.359999	3
1359018514217	1359018514217	-33.48	-19.439999	-30.3	3
1359018514230	1359018514230	-33.36	-19.74	-30.119999	3
1359018514246	1359018514246	-33.3	-19.98	-30.0	3
1359018514266	1359018514266	-33.3	-20.22	-29.88	3
1359018514284	1359018514284	-33.12	-20.58	-29.82	3
1359018514304	1359018514304	-32.82	-20.939999	-29.76	3
1359018514324	1359018514324	-32.579998	-21.18	-29.699999	3
1359018514344	1359018514345	-32.46	-21.42	-29.64	3
1359018514364	1359018514364	-32.28	-21.6	-29.58	3
1359018514385	1359018514385	-31.98	-21.84	-29.58	3
1359018514405	1359018514405	-31.8	-21.9	-29.4	3
1359018514425	1359018514425	-31.56	-21.84	-29.519999	3
1359018514445	1359018514445	-31.619999	-21.84	-29.519999	3
1359018514465	1359018514465	-31.5	-21.84	-29.519999	3
1359018514487	1359018514487	-31.439999	-21.84	-29.519999	3
1359018514536	1359018514536	-31.439999	-21.66	-29.64	3
1359018514549	1359018514549	-31.56	-21.6	-29.58	3
1359018514563	1359018514563	-31.619999	-21.359999	-29.64	3
1359018514578	1359018514578	-31.679998	-21.119999	-29.699999	3
1359018514594	1359018514594	-31.859999	-20.88	-29.699999	3
1359018514607	1359018514607	-32.04	-20.58	-29.699999	3
1359018514626	1359018514626	-32.34	-20.22	-29.58	3
1359018514646	1359018514646	-32.7	-20.1	-29.58	3
1359018514666	1359018514666	-32.82	-19.56	-29.58	3
1359018514687	1359018514687	-33.12	-19.26	-29.58	3
1359018514706	1359018514706	-33.48	-18.84	-29.76	3
1359018514727	1359018514727	-33.719997	-18.48	-29.939999	3
1359018514747	1359018514747	-34.02	-18.119999	-30.06	3
1359018514767	1359018514767	-34.14	-17.76	-30.06	3
1359018514787	1359018514787	-34.559998	-17.52	-30.119999	3
1359018514809	1359018514809	-34.8	-17.1	-30.06	3
1359018514830	1359018514830	-34.98	-16.98	-30.119999	3
1359018514847	1359018514847	-35.16	-16.8	-30.24	3
1359018514868	1359018514868	-35.34	-16.619999	-30.3	3
1359018514919	1359018514919	-35.28	-16.5	-30.359999	3
1359018514934	1359018514934	-35.28	-16.32	-30.24	3
1359018514948	1359018514948	-35.34	-16.38	-30.179998	3
1359018514961	1359018514961	-35.34	-16.38	-30.24	3
1359018514973	1359018514973	-35.219997	-16.32	-30.179998	3
1359018514988	1359018514988	-35.219997	-16.5	-30.119999	3
1359018515008	1359018515008	-35.34	-16.619999	-30.0	3
1359018515029	1359018515029	-35.219997	-16.74	-29.88	3
1359018515049	1359018515049	-35.34	-16.859999	-29.76	3
1359018515069	1359018515069	-35.28	-17.1	-29.699999	3
1359018515089	1359018515089	-35.28	-17.34	-29.58	3
1359018515109	1359018515109	-35.16	-17.46	-29.4	3
1359018515131	1359018515131	-35.1	-17.699999	-29.4	3
1359018515151	1359018515151	-35.04	-17.88	-29.039999	3
1359018515169	1359018515169	-34.98	-18.18	-28.859999	3
1359018515198	1359018515198	-35.04	-18.539999	-28.8	3
1359018515217	1359018515217	-35.1	-18.779999	-28.68	3
1359018515231	1359018515231	-35.04	-18.9	-28.68	3
1359018515250	1359018515250	-34.98	-19.14	-28.619999	3
1359018515299	1359018515299	-34.98	-19.439999	-28.56	3
1359018515310	1359018515310	-35.04	-19.56	-28.32	3
1359018515322	1359018515322	-34.92	-19.859999	-28.14	3
1359018515333	1359018515333	-34.8	-19.98	-28.14	3
1359018515351	1359018515351	-34.8	-20.16	-28.14	3
1359018515371	1359018515371	-34.8	-20.52	-28.08	3
1359018515391	1359018515391	-34.68	-20.58	-27.96	3
1359018515411	1359018515411	-34.559998	-20.64	-27.96	3
1359018515433	1359018515433	-34.559998	-20.64	-28.08	3
1359018515455	1359018515455	-34.44	-20.699999	-28.08	3
1359018515475	1359018515475	-34.5	-20.64	-28.32	3
1359018515493	1359018515493	-34.559998	-20.46	-28.32	3
1359018515514	1359018515514	-34.5	-20.4	-28.26	3
1359018515535	1359018515535	-34.62	-20.34	-28.14	3
1359018515556	1359018515556	-34.62	-20.46	-28.199999	3
1359018515580	1359018515580	-34.62	-20.279999	-28.26	3
1359018515594	1359018515594	-34.739998	-20.039999	-28.199999	3
1359018515614	1359018515614	-34.98	-19.98	-28.32	3
1359018515634	1359018515634	-35.1	-19.74	-28.38	3
1359018515655	1359018515655	-35.1	-19.68	-28.38	3
1359018515705	1359018515705	-35.34	-19.5	-28.32	3
1359018515717	1359018515717	-35.52	-19.199999	-28.32	3
1359018515731	1359018515731	-35.76	-18.96	-28.439999	3
1359018515744	1359018515744	-35.94	-18.539999	-28.5	3
1359018515757	1359018515757	-36.0	-18.18	-28.619999	3
1359018515777	1359018515777	-36.12	-17.82	-28.56	3
1359018515797	1359018515797	-36.36	-17.52	-28.56	3
1359018515819	1359018515819	-36.54	-17.16	-28.56	3
1359018515836	1359018515836	-36.66	-16.859999	-28.68	3
1359018515868	1359018515868	-36.78	-16.44	-28.74	3
1359018515885	1359018515886	-36.96	-16.14	-28.619999	3
1359018515900	1359018515900	-37.2	-15.78	-28.439999	3
1359018515919	1359018515919	-37.44	-15.48	-28.5	3
1359018515937	1359018515937	-37.32	-15.179999	-28.56	3
1359018515956	1359018515956	-37.44	-14.88	-28.5	3
1359018515976	1359018515976	-37.5	-14.46	-28.619999	3
1359018515997	1359018515997	-37.559998	-14.16	-28.68	3
1359018516017	1359018516017	-37.559998	-13.92	-28.619999	3
1359018516040	1359018516040	-37.62	-13.86	-28.74	3
1359018516089	1359018516089	-37.559998	-13.98	-28.619999	3
1359018516104	1359018516104	-37.739998	-13.92	-28.5	3
1359018516117	1359018516117	-37.739998	-13.98	-28.56	3
1359018516140	1359018516140	-37.559998	-14.04	-28.619999	3
1359018516160	1359018516160	-37.5	-14.04	-28.68	3
1359018516178	1359018516178	-37.44	-14.16	-28.8	3
1359018516204	1359018516204	-37.44	-14.219999	-29.039999	3
1359018516218	1359018516218	-37.26	-14.5199995	-29.22	3
1359018516238	1359018516238	-36.96	-14.759999	-29.22	3
1359018516258	1359018516258	-36.78	-14.88	-29.279999	3
1359018516278	1359018516278	-36.54	-15.0	-29.46	3
1359018516298	1359018516298	-36.48	-15.24	-29.46	3
1359018516319	1359018516319	-36.18	-15.42	-29.64	3
1359018516339	1359018516339	-35.94	-15.54	-29.699999	3
1359018516359	1359018516359	-35.7	-15.66	-29.699999	3
1359018516381	1359018516381	-35.579998	-15.839999	-29.939999	3
1359018516401	1359018516401	-35.16	-16.02	-30.06	3
1359018516419	1359018516419	-35.1	-16.199999	-30.3	3
1359018516439	1359018516439	-34.98	-16.32	-30.359999	3
1359018516497	1359018516497	-34.86	-16.32	-30.48	3
1359018516513	1359018516513	-34.8	-16.38	-30.539999	3
1359018516528	1359018516528	-34.559998	-16.32	-30.539999	3
1359018516541	1359018516541	-34.32	-16.199999	-30.48	3
1359018516555	1359018516555	-34.2	-16.08	-30.66	3
1359018516569	1359018516569	-34.079998	-15.9	-30.72	3
1359018516583	1359018516583	-34.02	-15.599999	-30.779999	3
1359018516600	1359018516600	-33.899998	-15.54	-30.96	3
1359018516620	1359018516620	-33.719997	-15.179999	-31.08	3
1359018516640	1359018516640	-33.899998	-14.94	-31.08	3
1359018516661	1359018516661	-33.899998	-14.7	-31.26	3
1359018516681	1359018516681	-34.14	-14.28	-31.32	3
1359018516703	1359018516703	-34.2	-13.74	-31.26	3
1359018516723	1359018516723	-34.44	-13.38	-31.32	3
1359018516742	1359018516742	-34.559998	-12.9	-31.26	3
1359018516761	1359018516761	-34.5	-12.48	-31.26	3
1359018516783	1359018516783	-34.62	-12.12	-31.26	3
1359018516804	1359018516804	-34.559998	-11.759999	-31.32	3
1359018516822	1359018516822	-34.739998	-11.219999	-31.439999	3
1359018516873	1359018516873	-34.92	-10.92	-31.619999	3
1359018516891	1359018516891	-35.1	-10.559999	-31.56	3
1359018516906	1359018516906	-35.28	-10.26	-31.56	3
1359018516921	1359018516921	-35.46	-10.08	-31.56	3
1359018516934	1359018516934	-35.76	-9.66	-31.32	3
1359018516947	1359018516947	-35.88	-9.48	-31.32	3
1359018516962	1359018516962	-36.0	-9.179999	-31.32	3
1359018516983	1359018516983	-36.239998	-9.059999	-31.26	3
1359018517003	1359018517003	-36.12	-8.94	-31.38	3
1359018517026	1359018517026	-36.18	-8.82	-31.38	3
1359018517046	1359018517046	-36.239998	-8.82	-31.5	3
1359018517064	1359018517064	-36.12	-8.639999	-31.5	3
1359018517083	1359018517083	-36.3	-8.639999	-31.439999	3
1359018517106	1359018517106	-36.18	-8.639999	-31.38	3
1359018517126	1359018517126	-36.3	-8.7	-31.199999	3
1359018517144	1359018517144	-36.36	-8.82	-31.14	3
1359018517164	1359018517164	-36.36	-8.88	-30.96	3
1359018517184	1359018517184	-36.42	-8.82	-30.84	3
1359018517204	1359018517204	-36.42	-8.82	-30.72	3
1359018517254	1359018517254	-36.42	-8.94	-30.66	3
1359018517267	1359018517267	-36.36	-9.12	-30.66	3
1359018517281	1359018517281	-36.42	-9.3	-30.599998	3
1359018517294	1359018517294	-36.42	-9.42	-30.42	3
1359018517307	1359018517307	-36.3	-9.54	-30.42	3
1359018517325	1359018517325	-36.239998	-9.9	-30.359999	3
1359018517347	1359018517347	-36.12	-10.139999	-30.42	3
1359018517367	1359018517367	-36.0	-10.5	-30.24	3
1359018517385	1359018517386	-35.94	-10.74	-30.3	3
1359018517406	1359018517406	-35.7	-10.98	-30.24	3
1359018517428	1359018517428	-35.52	-11.16	-30.3	3
1359018517448	1359018517448	-35.34	-11.4	-30.42	3
1359018517466	1359018517466	-35.219997	-11.7	-30.539999	3
1359018517486	1359018517486	-35.1	-11.94	-30.66	3
1359018517506	1359018517506	-34.98	-12.179999	-30.72	3
1359018517526	1359018517526	-34.86	-12.42	-30.84	3
1359018517553	1359018517553	-34.739998	-12.48	-30.9	3
1359018517566	1359018517566	-34.62	-12.66	-30.96	3
1359018517593	1359018517593	-34.38	-12.84	-31.14	3
1359018517639	1359018517639	-34.2	-12.84	-31.38	3
1359018517655	1359018517655	-34.079998	-12.96	-31.5	3
1359018517675	1359018517675	-34.02	-12.84	-31.619999	3
1359018517689	1359018517689	-33.96	-12.84	-31.619999	3
1359018517704	1359018517705	-33.899998	-12.599999	-31.74	3
1359018517738	1359018517738	-34.02	-12.48	-31.8	3
1359018517753	1359018517753	-34.079998	-12.54	-31.8	3
1359018517768	1359018517768	-34.14	-12.36	-31.8	3
1359018517790	1359018517790	-34.14	-12.24	-31.8	3
1359018517808	1359018517808	-34.14	-12.059999	-31.8	3
1359018517828	1359018517828	-34.2	-11.82	-31.859999	3
1359018517848	1359018517848	-34.14	-11.88	-31.8	3
1359018517868	1359018517868	-34.14	-11.7	-32.04	3
1359018517888	1359018517888	-34.079998	-11.34	-32.1	3
1359018517908	1359018517908	-34.2	-11.099999	-32.16	3
1359018517929	1359018517929	-34.38	-11.04	-32.16	3
1359018517949	1359018517949	-34.559998	-10.679999	-32.04	3
1359018517971	1359018517971	-34.62	-10.5	-32.04	3
1359018517989	1359018517989	-34.8	-10.44	-32.04	3
1359018518039	1359018518039	-34.92	-10.32	-31.98	3
1359018518056	1359018518056	-34.98	-10.2	-32.04	3
1359018518072	1359018518072	-34.98	-10.2	-32.16	3
1359018518086	1359018518086	-35.1	-10.0199995	-32.16	3
1359018518100	1359018518100	-35.04	-10.08	-32.16	3
1359018518115	1359018518115	-35.219997	-10.0199995	-32.16	3
1359018518130	1359018518130	-35.28	-10.139999	-32.16	3
1359018518150	1359018518150	-35.28	-10.32	-32.1	3
1359018518178	1359018518178	-35.28	-10.139999	-32.16	3
1359018518191	1359018518191	-35.52	-10.26	-32.04	3
1359018518211	1359018518211	-35.7	-10.559999	-31.859999	3
1359018518231	1359018518231	-35.76	-10.679999	-31.56	3
1359018518251	1359018518251	-35.7	-10.98	-31.5	3
1359018518271	1359018518271	-35.76	-11.28	-31.5	3
1359018518293	1359018518293	-35.7	-11.58	-31.32	3
1359018518311	1359018518311	-35.82	-11.759999	-31.199999	3
1359018518331	1359018518331	-35.76	-12.0	-31.14	3
1359018518354	1359018518354	-35.82	-12.42	-30.84	3
1359018518374	1359018518374	-35.88	-12.78	-30.66	3
1359018518421	1359018518421	-35.76	-13.32	-30.66	3
1359018518434	1359018518434	-35.76	-13.62	-30.539999	3
1359018518450	1359018518450	-35.52	-14.04	-30.42	3
1359018518475	1359018518475	-35.28	-14.4	-30.3	3
1359018518490	1359018518490	-35.219997	-14.759999	-30.179998	3
1359018518504	1359018518504	-35.04	-15.24	-30.24	3
1359018518517	1359018518517	-34.86	-15.719999	-30.3	3
1359018518532	1359018518532	-34.62	-16.08	-30.42	3
1359018518552	1359018518552	-34.5	-16.68	-30.599998	3
1359018518572	1359018518572	-34.32	-16.92	-30.539999	3
1359018518597	1359018518597	-34.14	-17.22	-30.539999	3
1359018518615	1359018518615	-34.02	-17.46	-30.66	3
1359018518633	1359018518633	-33.719997	-17.699999	-30.84	3
1359018518661	1359018518661	-33.54	-17.94	-30.96	3
1359018518676	1359018518676	-33.48	-18.06	-31.26	3
1359018518709	1359018518709	-33.239998	-18.06	-31.38	3
1359018518722	1359018518722	-33.0	-18.0	-31.439999	3
1359018518735	1359018518735	-32.88	-17.88	-31.619999	3
1359018518783	1359018518783	-32.76	-17.88	-32.04	3
1359018518795	1359018518795	-32.76	-17.82	-32.28	3
1359018518808	1359018518808	-32.579998	-17.82	-32.399998	3
1359018518823	1359018518823	-32.46	-17.76	-32.52	3
1359018518841	1359018518841	-32.34	-17.64	-32.46	3
1359018518854	1359018518854	-32.34	-17.58	-32.64	3
1359018518876	1359018518876	-32.16	-17.279999	-32.82	3
1359018518895	1359018518895	-32.28	-17.1	-32.82	3
1359018518915	1359018518915	-32.16	-16.92	-33.12	3
1359018518936	1359018518936	-32.16	-16.68	-33.18	3
1359018518956	1359018518956	-32.16	-16.38	-33.42	3
1359018518975	1359018518975	-32.04	-16.14	-33.48	3
1359018518995	1359018518995	-31.98	-15.9	-33.6	3
1359018519017	1359018519017	-31.92	-15.78	-33.84	3
1359018519037	1359018519037	-31.92	-15.78	-34.02	3
1359018519052	1359018519052	-31.98	-15.78	-34.079998	3
1359018519073	1359018519073	-32.04	-15.599999	-33.84	3
1359018519092	1359018519092	-32.04	-15.48	-33.899998	3
1359018519113	1359018519113	-32.16	-15.36	-34.02	3
1359018519162	1359018519162	-32.219997	-15.24	-34.079998	3
1359018519179	1359018519179	-32.1	-15.24	-34.32	3
1359018519191	1359018519191	-32.1	-15.299999	-34.14	3
1359018519207	1359018519207	-32.1	-15.42	-33.96	3
1359018519217	1359018519217	-32.04	-15.719999	-33.899998	3
1359018519240	1359018519240	-32.1	-16.02	-33.719997	3
1359018519253	1359018519253	-31.92	-16.44	-33.6	3
1359018519276	1359018519276	-31.8	-16.859999	-33.36	3
1359018519296	1359018519296	-31.74	-17.34	-33.059998	3
1359018519335	1359018519335	-31.619999	-17.82	-32.82	3
1359018519347	1359018519347	-31.5	-18.3	-32.579998	3
1359018519359	1359018519359	-31.38	-18.779999	-32.219997	3
1359018519378	1359018519378	-31.199999	-19.38	-31.8	3
1359018519398	1359018519398	-31.14	-20.039999	-31.619999	3
1359018519418	1359018519418	-31.019999	-20.88	-31.14	3
1359018519447	1359018519447	-30.599998	-21.779999	-30.9	3
1359018519461	1359018519461	-30.359999	-22.56	-30.3	3
1359018519480	1359018519480	-30.119999	-23.279999	-29.88	3
1359018519533	1359018519533	-29.64	-24.06	-29.64	3
1359018519548	1359018519548	-29.099998	-24.9	-29.4	3
1359018519561	1359018519561	-28.619999	-25.74	-29.16	3
1359018519574	1359018519574	-27.96	-26.34	-28.74	3
1359018519589	1359018519589	-27.3	-27.18	-28.439999	3
1359018519603	1359018519603	-26.519999	-28.26	-28.019999	3
1359018519621	1359018519621	-25.859999	-28.98	-27.84	3
1359018519641	1359018519641	-24.96	-29.699999	-27.539999	3
1359018519661	1359018519661	-24.119999	-30.48	-27.3	3
1359018519682	1359018519682	-23.279999	-31.14	-27.06	3
1359018519702	1359018519702	-22.26	-31.92	-27.0	3
1359018519722	1359018519722	-21.3	-32.64	-26.82	3
1359018519742	1359018519742	-20.34	-33.3	-26.699999	3
1359018519762	1359018519762	-19.5	-33.84	-26.46	3
1359018519783	1359018519783	-18.48	-34.62	-26.4	3
1359018519802	1359018519802	-17.46	-35.1	-26.279999	3
1359018519824	1359018519824	-16.44	-35.52	-26.22	3
1359018519845	1359018519845	-15.599999	-35.94	-26.099998	3
1359018519863	1359018519863	-14.759999	-36.239998	-26.039999	3
1359018519913	1359018519913	-13.799999	-36.719997	-26.099998	3
1359018519928	1359018519928	-13.08	-36.96	-26.16	3
1359018519946	1359018519946	-12.36	-37.2	-26.279999	3
1359018519960	1359018519960	-11.759999	-37.38	-26.099998	3
1359018519973	1359018519973	-11.099999	-37.62	-26.039999	3
1359018519986	1359018519986	-10.5	-37.86	-25.92	3
1359018520005	1359018520005	-10.08	-38.16	-25.92	3
1359018520024	1359018520024	-9.719999	-38.1	-25.8	3
1359018520044	1359018520044	-9.179999	-38.16	-25.8	3
1359018520068	1359018520068	-8.7	-38.16	-25.74	3
1359018520095	1359018520095	-8.22	-38.28	-25.56	3
1359018520112	1359018520112	-7.98	-38.1	-25.56	3
1359018520130	1359018520130	-7.8599997	-38.219997	-25.56	3
1359018520151	1359018520151	-7.7999997	-38.34	-25.38	3
1359018520170	1359018520170	-7.62	-38.28	-25.38	3
1359018520188	1359018520188	-7.3799996	-38.399998	-25.32	3
1359018520207	1359018520207	-7.44	-38.399998	-25.199999	3
1359018520230	1359018520230	-7.3799996	-38.399998	-25.14	3
1359018520250	1359018520250	-7.5	-38.28	-24.96	3
1359018520298	1359018520298	-7.3799996	-38.34	-25.08	3
1359018520312	1359018520312	-7.3799996	-38.28	-25.199999	3
1359018520326	1359018520326	-7.3199997	-38.16	-25.26	3
1359018520341	1359018520341	-7.3199997	-38.16	-25.32	3
1359018520353	1359018520353	-7.2	-38.34	-25.38	3
1359018520373	1359018520373	-6.96	-38.46	-25.38	3
1359018520392	1359018520392	-6.7799997	-38.46	-25.5	3
1359018520412	1359018520412	-6.7799997	-38.34	-25.68	3
1359018520432	1359018520432	-6.54	-38.46	-25.859999	3
1359018520452	1359018520452	-6.24	-38.46	-25.98	3
1359018520473	1359018520473	-5.8199997	-38.34	-26.039999	3
1359018520496	1359018520496	-5.7	-38.46	-26.16	3
1359018520513	1359018520513	-5.3399997	-38.46	-26.16	3
1359018520533	1359018520533	-4.7999997	-38.46	-26.22	3
1359018520555	1359018520555	-4.56	-38.46	-26.22	3
1359018520575	1359018520575	-4.08	-38.52	-26.34	3
1359018520595	1359018520595	-3.54	-38.52	-26.22	3
1359018520613	1359018520613	-3.06	-38.579998	-26.099998	3
1359018520633	1359018520633	-2.7	-38.64	-26.039999	3
1359018520654	1359018520654	-2.04	-38.64	-26.099998	3
1359018520703	1359018520703	-1.5	-38.46	-26.22	3
1359018520717	1359018520717	-1.0799999	-38.28	-26.22	3
1359018520730	1359018520730	-0.65999997	-38.34	-26.16	3
1359018520755	1359018520755	0.48	-38.28	-26.099998	3
1359018520775	1359018520775	0.96	-38.219997	-26.099998	3
1359018520795	1359018520795	1.26	-38.219997	-26.16	3
1359018520817	1359018520817	1.86	-38.28	-26.039999	3
1359018520837	1359018520838	2.22	-38.28	-26.039999	3
1359018520856	1359018520856	2.6399999	-38.28	-26.099998	3
1359018520876	1359018520876	3.12	-38.399998	-25.98	3
1359018520898	1359018520898	3.4199998	-38.219997	-25.92	3
1359018520918	1359018520918	3.6599998	-38.34	-25.98	3
1359018520943	1359018520943	3.8999999	-38.28	-26.039999	3
1359018520958	1359018520959	4.14	-38.399998	-26.039999	3
1359018520977	1359018520977	4.2599998	-38.28	-25.92	3
1359018520997	1359018520997	4.38	-38.579998	-25.619999	3
1359018521017	1359018521017	4.38	-38.82	-25.32	3
1359018521037	1359018521037	4.2599998	-38.76	-25.199999	3
1359018521057	1359018521057	4.14	-38.879997	-25.019999	3
1359018521107	1359018521107	3.8999999	-39.0	-24.9	3
1359018521124	1359018521124	3.6599998	-39.059998	-24.66	3
1359018521138	1359018521138	3.48	-39.36	-24.66	3
1359018521152	1359018521152	3.24	-39.18	-24.539999	3
1359018521168	1359018521168	2.9399998	-39.239998	-24.42	3
1359018521185	1359018521185	2.52	-39.42	-24.24	3
1359018521200	1359018521200	2.22	-39.36	-24.119999	3
1359018521218	1359018521218	1.92	-39.54	-24.119999	3
1359018521240	1359018521240	1.5	-39.6	-24.0	3
1359018521259	1359018521259	1.02	-39.6	-23.88	3
1359018521279	1359018521279	0.59999996	-39.66	-23.82	3
1359018521300	1359018521300	0.06	-39.719997	-23.82	3
1359018521318	1359018521318	-0.48	-39.66	-24.0	3
1359018521339	1359018521339	-0.78	-39.66	-24.119999	3
1359018521359	1359018521359	-1.0799999	-39.66	-24.119999	3
1359018521385	1359018521385	-1.26	-39.719997	-24.3	3
1359018521399	1359018521399	-1.5	-39.899998	-24.3	3
1359018521421	1359018521421	-1.56	-39.899998	-24.359999	3
1359018521440	1359018521440	-1.74	-39.719997	-24.3	3
1359018521490	1359018521490	-1.92	-39.84	-24.18	3
1359018521506	1359018521506	-1.9799999	-39.84	-24.24	3
1359018521522	1359018521522	-1.9799999	-39.66	-24.48	3
1359018521536	1359018521536	-1.9799999	-39.78	-24.6	3
1359018521551	1359018521551	-1.9799999	-39.719997	-24.42	3
1359018521567	1359018521567	-1.92	-39.719997	-24.48	3
1359018521581	1359018521581	-1.8	-39.78	-24.42	3
1359018521602	1359018521602	-1.5	-39.719997	-24.359999	3
1359018521620	1359018521620	-1.14	-39.48	-24.42	3
1359018521641	1359018521641	-0.71999997	-39.42	-24.539999	3
1359018521660	1359018521660	-0.53999996	-39.239998	-24.539999	3
1359018521689	1359018521689	-0.17999999	-39.18	-24.84	3
1359018521702	1359018521702	0.06	-38.94	-24.72	3
1359018521721	1359018521721	0.48	-38.579998	-24.9	3
1359018521743	1359018521743	0.84	-38.399998	-25.019999	3
1359018521763	1359018521763	1.26	-38.04	-25.32	3
1359018521782	1359018521782	1.74	-37.92	-25.68	3
1359018521804	1359018521804	2.1	-37.62	-25.92	3
1359018521824	1359018521824	2.46	-37.44	-25.98	3
1359018521873	1359018521873	2.82	-37.32	-26.099998	3
1359018521890	1359018521890	3.1799998	-37.02	-26.4	3
1359018521907	1359018521907	3.54	-36.84	-26.699999	3
1359018521922	1359018521922	3.8999999	-36.66	-27.0	3
1359018521936	1359018521936	4.08	-36.66	-27.06	3
1359018521951	1359018521951	4.2	-36.78	-27.0	3
1359018521965	1359018521965	4.14	-36.66	-26.88	3
1359018521983	1359018521983	4.2599998	-36.66	-26.88	3
1359018522003	1359018522003	4.2599998	-36.6	-26.699999	3
1359018522024	1359018522024	4.08	-36.78	-26.519999	3
1359018522043	1359018522043	4.02	-36.899998	-26.279999	3
1359018522065	1359018522065	3.84	-37.14	-25.98	3
1359018522085	1359018522085	3.48	-37.44	-25.619999	3
1359018522104	1359018522104	3.12	-37.559998	-25.56	3
1359018522126	1359018522126	2.76	-37.8	-25.439999	3
1359018522146	1359018522146	2.3999999	-37.98	-25.14	3
1359018522165	1359018522165	1.92	-37.98	-25.019999	3
1359018522184	1359018522184	1.4399999	-38.34	-24.779999	3
1359018522208	1359018522208	0.96	-38.399998	-24.539999	3
1359018522254	1359018522254	0.53999996	-38.52	-24.3	3
1359018522268	1359018522268	0.12	-38.52	-24.3	3
1359018522281	1359018522281	-0.17999999	-38.64	-24.24	3
1359018522295	1359018522295	-0.71999997	-38.879997	-24.359999	3
1359018522308	1359018522308	-1.0799999	-38.76	-24.3	3
1359018522325	1359018522325	-1.4399999	-38.879997	-24.18	3
1359018522345	1359018522345	-1.68	-39.0	-24.18	3
1359018522365	1359018522365	-1.9799999	-38.94	-24.24	3
1359018522389	1359018522389	-2.22	-39.0	-24.539999	3
1359018522406	1359018522406	-2.3999999	-38.879997	-24.72	3
1359018522426	1359018522426	-2.6399999	-38.82	-24.48	3
1359018522448	1359018522448	-2.7	-38.76	-24.539999	3
1359018522468	1359018522468	-2.76	-38.879997	-24.539999	3
1359018522486	1359018522486	-2.76	-38.879997	-24.48	3
1359018522506	1359018522506	-2.6399999	-38.76	-24.539999	3
1359018522528	1359018522528	-2.58	-38.76	-24.6	3
1359018522546	1359018522546	-2.3999999	-38.579998	-24.66	3
1359018522566	1359018522566	-2.34	-38.64	-24.6	3
1359018522586	1359018522586	-2.22	-38.579998	-24.6	3
1359018522636	1359018522636	-1.74	-38.579998	-24.48	3
1359018522656	1359018522656	-1.56	-38.879997	-24.42	3
1359018522671	1359018522671	-1.38	-38.76	-24.539999	3
1359018522685	1359018522685	-1.0799999	-38.7	-24.6	3
1359018522705	1359018522705	-0.96	-38.76	-24.42	3
1359018522721	1359018522721	-0.59999996	-38.7	-24.24	3
1359018522737	1359018522737	-0.29999998	-38.64	-24.06	3
1359018522751	1359018522751	0.06	-38.579998	-24.06	3
1359018522767	1359018522767	0.48	-38.64	-23.82	3
1359018522790	1359018522790	0.96	-38.579998	-24.06	3
1359018522815	1359018522815	1.3199999	-38.579998	-24.119999	3
1359018522828	1359018522828	1.8	-38.579998	-24.06	3
1359018522848	1359018522848	2.1599998	-38.64	-24.06	3
1359018522877	1359018522877	2.3999999	-38.7	-23.939999	3
1359018522895	1359018522895	2.82	-38.82	-23.88	3
1359018522911	1359018522911	3.06	-38.82	-23.76	3
1359018522928	1359018522928	3.1799998	-38.579998	-23.699999	3
1359018522948	1359018522948	3.4199998	-38.46	-23.82	3
1359018523000	1359018523000	3.78	-38.399998	-23.699999	3
1359018523013	1359018523013	3.9599998	-38.399998	-23.699999	3
1359018523027	1359018523027	4.14	-38.34	-23.76	3
1359018523043	1359018523043	4.14	-38.34	-23.699999	3
1359018523059	1359018523059	4.08	-38.579998	-23.58	3
1359018523073	1359018523073	4.14	-38.7	-23.46	3
1359018523089	1359018523089	3.8999999	-38.7	-23.4	3
1359018523112	1359018523112	3.6	-38.82	-23.16	3
1359018523132	1359018523132	3.3	-38.879997	-23.1	3
1359018523149	1359018523149	2.8799999	-38.879997	-23.039999	3
1359018523170	1359018523170	2.58	-38.94	-22.92	3
1359018523198	1359018523198	2.28	-39.12	-22.859999	3
1359018523214	1359018523214	1.8	-39.18	-22.859999	3
1359018523230	1359018523230	1.5	-39.36	-22.74	3
1359018523250	1359018523250	1.02	-39.48	-22.619999	3
1359018523273	1359018523273	0.59999996	-39.6	-22.38	3
1359018523297	1359018523297	-0.06	-39.78	-22.439999	3
1359018523310	1359018523310	-0.42	-39.719997	-22.38	3
1359018523331	1359018523331	-0.9	-39.899998	-22.199999	3
1359018523380	1359018523380	-1.38	-40.079998	-22.199999	3
1359018523401	1359018523401	-1.74	-40.14	-22.32	3
1359018523414	1359018523414	-2.22	-40.2	-22.439999	3
1359018523427	1359018523427	-2.52	-40.079998	-22.5	3
1359018523442	1359018523442	-2.8799999	-40.079998	-22.439999	3
1359018523456	1359018523456	-2.9399998	-40.079998	-22.439999	3
1359018523472	1359018523472	-2.9399998	-40.02	-22.68	3
1359018523492	1359018523492	-2.9399998	-40.02	-22.92	3
1359018523512	1359018523512	-2.9399998	-39.84	-23.1	3
1359018523532	1359018523532	-2.76	-39.66	-23.46	3
1359018523552	1359018523552	-2.7	-39.36	-23.88	3
1359018523572	1359018523572	-2.46	-39.239998	-24.3	3
1359018523592	1359018523592	-2.28	-38.94	-24.72	3
1359018523615	1359018523615	-1.86	-38.76	-24.779999	3
1359018523632	1359018523632	-1.74	-38.76	-25.019999	3
1359018523659	1359018523659	-1.38	-38.579998	-25.38	3
1359018523675	1359018523675	-1.02	-38.34	-25.68	3
1359018523695	1359018523695	-0.48	-38.1	-25.74	3
1359018523713	1359018523713	-0.48	-37.86	-25.92	3
1359018523764	1359018523764	0.53999996	-37.98	-26.099998	3
1359018523780	1359018523780	1.1999999	-38.04	-26.099998	3
1359018523793	1359018523793	1.68	-37.98	-26.16	3
1359018523814	1359018523814	2.1	-37.86	-25.98	3
1359018523827	1359018523827	2.58	-37.8	-25.859999	3
1359018523840	1359018523840	3.06	-37.92	-25.74	3
1359018523860	1359018523860	3.6	-37.8	-25.68	3
1359018523874	1359018523874	4.08	-37.8	-25.56	3
1359018523906	1359018523906	4.62	-37.86	-25.38	3
1359018523918	1359018523918	5.1	-37.8	-25.199999	3
1359018523936	1359018523936	5.46	-37.8	-25.199999	3
1359018523956	1359018523956	5.8799996	-37.739998	-25.199999	3
1359018523975	1359018523975	6.2999997	-37.559998	-25.14	3
1359018523995	1359018523995	6.72	-37.559998	-25.14	3
1359018524016	1359018524016	6.8999996	-37.739998	-25.14	3
1359018524036	1359018524036	7.2	-37.739998	-25.14	3
1359018524059	1359018524059	7.3799996	-37.5	-25.14	3
1359018524075	1359018524075	7.56	-37.26	-25.32	3
1359018524124	1359018524124	7.62	-37.26	-25.32	3
1359018524137	1359018524137	7.62	-37.44	-25.439999	3
1359018524151	1359018524151	7.5	-37.38	-25.5	3
1359018524164	1359018524164	7.2599998	-37.32	-25.5	3
1359018524176	1359018524176	6.8399997	-37.32	-25.439999	3
1359018524196	1359018524196	6.6	-37.38	-25.199999	3
1359018524217	1359018524217	6.18	-37.62	-25.019999	3
1359018524238	1359018524238	5.8199997	-37.86	-24.9	3
1359018524258	1359018524258	5.2799997	-37.98	-24.779999	3
1359018524278	1359018524278	4.92	-38.16	-24.48	3
1359018524306	1359018524306	4.44	-38.46	-24.359999	3
1359018524319	1359018524319	3.72	-38.579998	-23.939999	3
1359018524337	1359018524337	3.06	-38.64	-23.699999	3
1359018524359	1359018524359	2.34	-38.82	-23.34	3
1359018524377	1359018524377	1.56	-39.18	-22.98	3
1359018524397	1359018524397	0.84	-39.42	-22.8	3
1359018524417	1359018524417	0.17999999	-39.54	-22.56	3
1359018524438	1359018524438	-0.24	-39.66	-22.32	3
1359018524458	1359018524458	-0.84	-39.84	-22.199999	3
1359018524507	1359018524507	-1.14	-39.899998	-22.02	3
1359018524520	1359018524520	-1.3199999	-39.96	-21.84	3
1359018524533	1359018524533	-1.5	-40.02	-21.96	3
1359018524548	1359018524548	-1.62	-39.78	-22.14	3
1359018524561	1359018524561	-1.5	-39.719997	-22.32	3
1359018524578	1359018524578	-1.1999999	-39.48	-22.619999	3
1359018524600	1359018524600	-0.9	-39.059998	-22.859999	3
1359018524621	1359018524621	-0.84	-38.64	-23.039999	3
1359018524639	1359018524639	-0.53999996	-38.52	-23.4	3
1359018524659	1359018524659	-0.12	-38.219997	-23.699999	3
1359018524681	1359018524681	0.29999998	-38.1	-24.0	3
1359018524699	1359018524699	0.96	-37.8	-24.48	3
1359018524719	1359018524719	1.5	-37.559998	-24.66	3
1359018524739	1359018524739	2.1	-37.32	-24.96	3
1359018524759	1359018524759	2.6399999	-37.079998	-25.08	3
1359018524780	1359018524780	3.3	-36.899998	-25.14	3
1359018524800	1359018524800	3.72	-36.719997	-25.32	3
1359018524820	1359018524820	4.3199997	-36.719997	-25.38	3
1359018524840	1359018524840	4.98	-36.6	-25.32	3
1359018524892	1359018524892	5.52	-36.42	-25.14	3
1359018524905	1359018524905	6.12	-36.36	-24.96	3
1359018524918	1359018524918	6.48	-36.48	-24.66	3
1359018524933	1359018524933	6.8399997	-36.42	-24.48	3
1359018524949	1359018524949	7.3199997	-36.6	-24.18	3
1359018524961	1359018524961	7.98	-36.54	-23.82	3
1359018524981	1359018524981	8.46	-36.54	-23.519999	3
1359018525003	1359018525003	8.88	-36.6	-23.34	3
1359018525021	1359018525021	9.12	-36.719997	-22.92	3
1359018525041	1359018525041	9.24	-36.84	-22.5	3
1359018525061	1359018525061	9.3	-36.84	-22.14	3
1359018525081	1359018525081	9.24	-36.78	-21.9	3
1359018525106	1359018525106	9.3	-36.719997	-21.66	3
1359018525130	1359018525130	9.42	-36.66	-21.539999	3
1359018525143	1359018525143	9.3	-36.719997	-21.3	3
1359018525162	1359018525162	8.94	-36.719997	-21.18	3
1359018525184	1359018525184	8.58	-36.899998	-21.06	3
1359018525202	1359018525202	7.98	-36.899998	-21.18	3
1359018525222	1359018525222	7.5	-36.96	-21.0	3
1359018525245	1359018525245	7.14	-37.14	-21.0	3
1359018525296	1359018525296	6.72	-37.14	-21.119999	3
1359018525308	1359018525308	6.06	-37.079998	-21.18	3
1359018525322	1359018525322	5.4	-37.26	-21.18	3
1359018525337	1359018525337	4.8599997	-37.32	-21.119999	3
1359018525351	1359018525351	4.2	-37.26	-21.119999	3
1359018525363	1359018525363	3.6599998	-37.26	-21.3	3
1359018525383	1359018525383	3.0	-37.32	-21.42	3
1359018525403	1359018525403	2.52	-37.44	-21.539999	3
1359018525432	1359018525432	1.86	-37.5	-21.779999	3
1359018525449	1359018525449	1.26	-37.44	-21.72	3
1359018525472	1359018525472	0.71999997	-37.44	-22.02	3
1359018525489	1359018525489	0.48	-37.14	-22.26	3
1359018525510	1359018525510	0.06	-36.96	-22.56	3
1359018525527	1359018525527	-0.12	-36.899998	-22.74	3
1359018525547	1359018525547	-0.17999999	-36.66	-23.039999	3
1359018525570	1359018525570	-0.29999998	-36.42	-23.4	3
1359018525590	1359018525590	-0.24	-36.18	-23.64	3
1359018525607	1359018525607	-0.12	-36.0	-24.119999	3
1359018525628	1359018525628	0.12	-35.52	-24.539999	3
1359018525681	1359018525681	0.17999999	-35.04	-25.019999	3
1359018525695	1359018525695	0.48	-34.62	-25.38	3
1359018525709	1359018525709	0.84	-34.32	-25.74	3
1359018525728	1359018525728	1.1999999	-33.84	-26.039999	3
1359018525742	1359018525742	1.5	-33.6	-26.34	3
1359018525756	1359018525756	1.8	-33.48	-26.519999	3
1359018525769	1359018525769	2.22	-33.3	-26.88	3
1359018525789	1359018525789	2.6399999	-33.059998	-27.06	3
1359018525810	1359018525810	3.0	-33.059998	-27.119999	3
1359018525831	1359018525831	3.48	-32.82	-27.18	3
1359018525850	1359018525850	3.9599998	-32.7	-27.18	3
1359018525870	1359018525870	4.3199997	-32.52	-27.24	3
1359018525892	1359018525892	4.74	-32.34	-27.42	3
1359018525915	1359018525915	5.04	-32.1	-27.42	3
1359018525932	1359018525932	5.46	-31.98	-27.24	3
1359018525953	1359018525953	5.7	-31.859999	-27.119999	3
1359018525976	1359018525976	5.94	-31.8	-27.18	3
1359018525999	1359018525999	6.3599997	-31.679998	-27.359999	3
1359018526015	1359018526015	6.54	-31.439999	-27.3	3
1359018526061	1359018526061	6.7799997	-31.32	-27.48	3
1359018526073	1359018526073	7.02	-31.019999	-27.72	3
1359018526086	1359018526086	7.14	-30.66	-27.72	3
1359018526101	1359018526101	7.08	-30.359999	-27.66	3
1359018526113	1359018526113	6.96	-30.119999	-27.539999	3
1359018526133	1359018526133	6.7799997	-29.82	-27.599998	3
1359018526155	1359018526155	6.48	-29.82	-27.539999	3
1359018526176	1359018526176	6.06	-29.76	-27.539999	3
1359018526194	1359018526194	5.64	-29.88	-27.48	3
1359018526214	1359018526214	5.22	-30.0	-27.18	3
1359018526236	1359018526236	4.68	-30.24	-26.88	3
1359018526254	1359018526254	4.2	-30.42	-26.82	3
1359018526274	1359018526274	3.6	-30.66	-26.76	3
1359018526294	1359018526294	2.9399998	-30.84	-26.46	3
1359018526314	1359018526314	2.22	-31.14	-25.98	3
1359018526334	1359018526334	1.74	-31.5	-25.8	3
1359018526355	1359018526355	1.14	-31.8	-25.32	3
1359018526375	1359018526375	0.53999996	-32.219997	-24.779999	3
1359018526395	1359018526395	0.53999996	-32.52	-24.359999	3
1359018526447	1359018526447	-0.53999996	-32.88	-24.0	3
1359018526479	1359018526479	-1.1999999	-33.18	-23.699999	3
1359018526496	1359018526496	-1.62	-33.48	-23.279999	3
1359018526516	1359018526516	-2.1599998	-33.66	-22.859999	3
1359018526530	1359018526530	-2.52	-33.78	-22.38	3
1359018526544	1359018526544	-2.9399998	-33.84	-21.96	3
1359018526562	1359018526562	-3.24	-34.02	-21.72	3
1359018526578	1359018526578	-3.48	-34.02	-21.779999	3
1359018526591	1359018526591	-3.84	-34.079998	-21.6	3
1359018526606	1359018526606	-3.8999999	-34.079998	-21.42	3
1359018526619	1359018526619	-3.8999999	-33.96	-21.3	3
1359018526637	1359018526637	-3.84	-33.899998	-21.539999	3
1359018526657	1359018526657	-3.84	-33.719997	-21.72	3
1359018526677	1359018526677	-3.84	-33.42	-21.84	3
1359018526697	1359018526697	-3.84	-33.18	-22.08	3
1359018526717	1359018526717	-3.6599998	-33.059998	-22.26	3
1359018526740	1359018526740	-3.36	-32.76	-22.56	3
1359018526758	1359018526758	-3.0	-32.46	-22.859999	3
1359018526778	1359018526778	-2.82	-32.219997	-23.22	3
1359018526831	1359018526831	-2.46	-31.98	-23.699999	3
1359018526847	1359018526847	-2.22	-31.679998	-23.939999	3
1359018526861	1359018526861	-1.86	-31.5	-24.24	3
1359018526882	1359018526882	-1.5	-31.019999	-24.539999	3
1359018526900	1359018526900	-1.1999999	-30.779999	-24.539999	3
1359018526917	1359018526917	-0.78	-30.539999	-24.72	3
1359018526933	1359018526933	-0.29999998	-30.359999	-25.019999	3
1359018526949	1359018526949	0.06	-30.119999	-25.26	3
1359018526963	1359018526963	0.29999998	-29.88	-25.199999	3
1359018526979	1359018526979	0.71999997	-29.64	-25.32	3
1359018526999	1359018526999	1.14	-29.64	-25.5	3
1359018527019	1359018527019	1.5	-29.519999	-25.68	3
1359018527039	1359018527039	1.74	-29.279999	-25.859999	3
1359018527062	1359018527062	1.9799999	-29.279999	-25.98	3
1359018527079	1359018527079	2.34	-29.22	-25.98	3
1359018527099	1359018527099	2.58	-29.22	-26.039999	3
1359018527122	1359018527122	2.82	-29.16	-26.099998	3
1359018527142	1359018527142	3.06	-29.039999	-26.4	3
1359018527160	1359018527160	3.06	-28.859999	-26.58	3
1359018527211	1359018527211	3.12	-29.099998	-26.699999	3
1359018527227	1359018527227	3.06	-29.16	-26.88	3
1359018527240	1359018527240	2.8799999	-29.22	-26.82	3
1359018527254	1359018527254	2.46	-29.34	-26.58	3
1359018527269	1359018527269	1.9799999	-29.46	-26.519999	3
1359018527282	1359018527282	1.62	-29.76	-26.64	3
1359018527301	1359018527301	1.14	-29.939999	-26.519999	3
1359018527321	1359018527321	0.78	-30.119999	-26.4	3
1359018527341	1359018527341	0.48	-30.42	-26.279999	3
1359018527361	1359018527361	0.12	-30.72	-25.98	3
1359018527384	1359018527384	-0.29999998	-30.9	-25.68	3
1359018527401	1359018527401	-0.65999997	-31.26	-25.56	3
1359018527421	1359018527421	-0.96	-31.439999	-25.26	3
1359018527444	1359018527444	-1.5	-31.859999	-25.019999	3
1359018527464	1359018527464	-2.04	-32.399998	-24.72	3
1359018527482	1359018527482	-2.3999999	-32.82	-24.42	3
1359018527502	1359018527502	-2.76	-33.0	-24.18	3
1359018527525	1359018527525	-3.0	-33.3	-23.88	3
1359018527542	1359018527542	-3.3	-33.54	-23.88	3
1359018527593	1359018527593	-3.4199998	-33.78	-23.939999	3
1359018527607	1359018527607	-3.36	-34.26	-23.76	3
1359018527620	1359018527620	-3.48	-34.2	-23.76	3
1359018527633	1359018527633	-3.48	-34.32	-23.699999	3
1359018527647	1359018527647	-3.48	-34.44	-23.58	3
1359018527667	1359018527667	-3.48	-34.44	-23.64	3
1359018527691	1359018527691	-3.36	-34.5	-24.0	3
1359018527713	1359018527713	-3.24	-34.559998	-24.359999	3
1359018527728	1359018527728	-3.12	-34.5	-24.66	3
1359018527743	1359018527743	-3.0	-34.68	-25.019999	3
1359018527763	1359018527763	-2.76	-34.739998	-25.14	3
1359018527786	1359018527786	-2.46	-34.68	-25.32	3
1359018527804	1359018527804	-2.1599998	-34.739998	-25.56	3
1359018527824	1359018527824	-2.1599998	-34.98	-25.74	3
1359018527844	1359018527844	-2.04	-35.1	-25.98	3
1359018527864	1359018527864	-1.68	-35.16	-25.98	3
1359018527886	1359018527886	-1.3199999	-35.28	-25.92	3
1359018527905	1359018527905	-1.14	-35.28	-26.16	3
1359018527954	1359018527954	-0.78	-35.7	-26.16	3
1359018527967	1359018527967	-0.48	-36.0	-26.279999	3
1359018527992	1359018527992	-0.12	-36.36	-26.34	3
1359018528016	1359018528016	0.17999999	-36.66	-26.34	3
1359018528027	1359018528027	0.48	-36.84	-26.34	3
1359018528041	1359018528041	0.78	-36.96	-26.099998	3
1359018528065	1359018528065	1.3199999	-37.079998	-25.68	3
1359018528083	1359018528083	1.62	-37.079998	-25.68	3
1359018528102	1359018528102	1.74	-37.32	-25.619999	3
1359018528126	1359018528126	1.92	-37.44	-25.619999	3
1359018528144	1359018528144	2.28	-37.559998	-25.619999	3
1359018528165	1359018528165	2.52	-37.68	-25.5	3
1359018528186	1359018528186	2.6399999	-37.98	-25.5	3
1359018528205	1359018528205	2.58	-38.219997	-25.5	3
1359018528227	1359018528227	2.52	-38.34	-25.38	3
1359018528247	1359018528247	2.52	-38.52	-25.14	3
1359018528267	1359018528267	2.3999999	-38.579998	-24.9	3
1359018528287	1359018528287	2.04	-38.76	-24.66	3
1359018528309	1359018528309	1.74	-39.12	-24.359999	3
1359018528327	1359018528327	1.26	-39.42	-24.18	3
1359018528377	1359018528377	0.9	-39.84	-24.18	3
1359018528392	1359018528392	0.42	-40.32	-24.0	3
1359018528408	1359018528408	-0.12	-40.739998	-23.82	3
1359018528422	1359018528422	-0.59999996	-41.16	-23.58	3
1359018528436	1359018528436	-1.02	-41.579998	-23.279999	3
1359018528451	1359018528451	-1.4399999	-41.879997	-22.98	3
1359018528468	1359018528468	-1.92	-42.18	-22.68	3
1359018528488	1359018528488	-2.3999999	-42.48	-22.38	3
1359018528508	1359018528508	-3.0	-42.54	-22.08	3
1359018528528	1359018528528	-3.54	-42.84	-21.779999	3
1359018528548	1359018528548	-3.9599998	-43.02	-21.6	3
1359018528576	1359018528576	-4.3199997	-43.2	-21.42	3
1359018528589	1359018528589	-4.7999997	-43.44	-21.24	3
1359018528609	1359018528609	-5.16	-43.68	-21.119999	3
1359018528631	1359018528631	-5.46	-43.68	-20.82	3
1359018528649	1359018528649	-5.64	-43.8	-20.58	3
1359018528669	1359018528669	-5.7599998	-44.04	-20.16	3
1359018528692	1359018528692	-5.7	-44.1	-19.92	3
1359018528712	1359018528712	-5.64	-44.28	-19.619999	3
1359018528759	1359018528759	-5.64	-44.46	-19.56	3
1359018528772	1359018528772	-5.64	-44.46	-19.5	3
1359018528788	1359018528788	-5.4	-44.579998	-19.38	3
1359018528802	1359018528802	-5.3399997	-44.579998	-19.26	3
1359018528816	1359018528816	-5.16	-44.7	-19.26	3
1359018528830	1359018528830	-4.7999997	-44.7	-19.26	3
1359018528858	1359018528858	-4.56	-44.76	-19.26	3
1359018528871	1359018528871	-4.2599998	-44.7	-19.26	3
1359018528890	1359018528890	-4.02	-44.879997	-19.199999	3
1359018528909	1359018528909	-3.54	-44.76	-19.199999	3
1359018528927	1359018528927	-3.06	-44.76	-19.32	3
1359018528949	1359018528949	-2.6399999	-44.7	-19.5	3
1359018528967	1359018528967	-2.1	-44.64	-19.619999	3
1359018528993	1359018528993	-1.86	-44.52	-19.859999	3
1359018529010	1359018529010	-1.56	-44.399998	-19.92	3
1359018529031	1359018529031	-1.14	-44.28	-20.1	3
1359018529062	1359018529062	-0.78	-44.04	-20.1	3
1359018529073	1359018529073	-0.48	-43.86	-20.1	3
1359018529152	1359018529152	-0.29999998	-43.68	-20.22	3
1359018529163	1359018529163	-0.29999998	-43.68	-20.279999	3
1359018529174	1359018529174	0.12	-43.5	-20.34	3
1359018529185	1359018529185	0.24	-43.559998	-20.34	3
1359018529196	1359018529196	0.35999998	-43.379997	-20.4	3
1359018529208	1359018529208	0.35999998	-43.26	-20.46	3
1359018529219	1359018529219	0.24	-43.2	-20.46	3
1359018529230	1359018529230	0.06	-43.26	-20.4	3
1359018529253	1359018529253	-0.17999999	-43.26	-20.279999	3
1359018529274	1359018529274	-0.53999996	-43.44	-20.16	3
1359018529293	1359018529293	-1.0799999	-43.5	-19.8	3
1359018529312	1359018529312	-1.5	-43.559998	-19.619999	3
1359018529336	1359018529336	-2.04	-43.68	-19.38	3
1359018529354	1359018529354	-2.76	-43.62	-19.32	3
1359018529374	1359018529374	-3.3	-43.68	-18.96	3
1359018529401	1359018529401	-3.8999999	-43.86	-18.96	3
1359018529415	1359018529415	-4.62	-43.98	-18.66	3
1359018529435	1359018529435	-5.22	-44.1	-18.3	3
1359018529485	1359018529485	-5.94	-44.219997	-18.119999	3
1359018529497	1359018529497	-6.48	-44.28	-18.0	3
1359018529511	1359018529511	-7.08	-44.46	-17.76	3
1359018529527	1359018529527	-7.5	-44.76	-17.58	3
1359018529544	1359018529544	-7.8599997	-44.76	-17.46	3
1359018529556	1359018529556	-8.16	-44.94	-17.279999	3
1359018529576	1359018529576	-8.4	-44.94	-17.039999	3
1359018529598	1359018529598	-8.58	-44.879997	-16.98	3
1359018529618	1359018529618	-8.639999	-44.82	-17.1	3
1359018529636	1359018529636	-8.7	-44.82	-17.039999	3
1359018529657	1359018529657	-8.58	-44.94	-17.34	3
1359018529677	1359018529677	-8.28	-45.059998	-17.039999	3
1359018529696	1359018529696	-8.22	-45.12	-17.22	3
1359018529717	1359018529717	-7.98	-45.18	-17.1	3
1359018529737	1359018529737	-7.62	-45.36	-17.279999	3
1359018529757	1359018529757	-7.2	-45.3	-17.52	3
1359018529777	1359018529777	-6.7799997	-45.36	-17.52	3
1359018529797	1359018529797	-6.3599997	-45.18	-17.64	3
1359018529818	1359018529818	-5.94	-45.3	-17.76	3
1359018529869	1359018529869	-5.4	-45.12	-17.76	3
1359018529884	1359018529884	-5.04	-45.12	-17.88	3
1359018529898	1359018529898	-4.56	-45.12	-18.0	3
1359018529912	1359018529912	-4.08	-45.0	-18.18	3
1359018529929	1359018529929	-3.6	-45.0	-18.24	3
1359018529943	1359018529943	-3.06	-45.059998	-18.24	3
1359018529954	1359018529954	-2.76	-45.059998	-18.3	3
1359018529975	1359018529975	-2.22	-44.879997	-18.3	3
1359018529994	1359018529994	-1.86	-45.059998	-18.48	3
1359018530015	1359018530015	-1.3199999	-45.12	-18.48	3
1359018530035	1359018530035	-0.78	-45.0	-18.6	3
1359018530055	1359018530055	-0.24	-44.879997	-18.539999	3
1359018530076	1359018530076	0.24	-44.7	-18.48	3
1359018530100	1359018530100	0.65999997	-44.64	-18.42	3
1359018530121	1359018530121	1.1999999	-44.64	-18.42	3
1359018530138	1359018530138	1.68	-44.46	-18.42	3
1359018530163	1359018530163	2.1	-44.46	-18.42	3
1359018530184	1359018530184	2.52	-44.399998	-18.42	3
1359018530200	1359018530200	2.9399998	-44.34	-18.48	3
1359018530252	1359018530252	3.3	-44.28	-18.539999	3
1359018530266	1359018530266	3.48	-44.219997	-18.539999	3
1359018530282	1359018530282	3.72	-44.04	-18.72	3
1359018530295	1359018530295	4.14	-43.98	-18.9	3
1359018530307	1359018530307	4.3199997	-43.92	-18.96	3
1359018530323	1359018530323	4.56	-43.68	-18.96	3
1359018530345	1359018530345	4.62	-43.5	-19.02	3
1359018530363	1359018530363	4.74	-43.379997	-19.199999	3
1359018530386	1359018530386	4.8599997	-43.32	-19.56	3
1359018530406	1359018530406	4.8599997	-43.26	-19.859999	3
1359018530427	1359018530427	4.8599997	-43.2	-20.1	3
1359018530446	1359018530446	4.74	-42.96	-20.1	3
1359018530465	1359018530465	4.7999997	-42.84	-20.34	3
1359018530488	1359018530488	4.7999997	-42.84	-20.52	3
1359018530508	1359018530508	4.8599997	-42.96	-20.58	3
1359018530525	1359018530525	4.68	-42.78	-20.699999	3
1359018530546	1359018530546	4.62	-42.719997	-20.64	3
1359018530568	1359018530568	4.62	-42.78	-20.82	3
1359018530588	1359018530588	4.74	-42.899998	-20.939999	3
1359018530606	1359018530606	4.8599997	-42.899998	-20.82	3
1359018530657	1359018530657	4.7999997	-43.02	-20.88	3
1359018530670	1359018530670	4.98	-43.079998	-21.0	3
1359018530683	1359018530683	5.1	-43.079998	-21.119999	3
1359018530696	1359018530696	5.1	-43.2	-21.06	3
1359018530709	1359018530709	5.1	-43.079998	-20.88	3
1359018530727	1359018530727	5.04	-43.2	-20.76	3
1359018530749	1359018530749	5.04	-43.26	-20.76	3
1359018530768	1359018530768	5.22	-43.44	-20.939999	3
1359018530788	1359018530788	5.2799997	-43.62	-21.0	3
1359018530810	1359018530810	5.3399997	-43.559998	-21.0	3
1359018530830	1359018530830	5.2799997	-43.5	-21.119999	3
1359018530849	1359018530849	5.4	-43.5	-21.18	3
1359018530866	1359018530866	5.3399997	-43.44	-21.119999	3
1359018530888	1359018530888	5.4	-43.379997	-21.18	3
1359018530908	1359018530908	5.4	-43.32	-21.119999	3
1359018530925	1359018530925	5.3399997	-43.2	-21.18	3
1359018530945	1359018530945	5.3399997	-43.14	-21.119999	3
1359018530967	1359018530967	5.22	-43.02	-21.06	3
